s07_ASD Record=7540:  error bars to preceding                
 1.6485995e-003
 1.6678913e-003
 1.6748360e-003
 1.6638449e-003
 1.6303344e-003
 1.5718903e-003
 1.4898910e-003
 1.3904428e-003
 1.2832775e-003
 1.1785950e-003
 1.0835208e-003
 1.0003514e-003
 9.2677498e-004
 8.5713796e-004
 7.8487099e-004
 7.0633914e-004
 6.2339462e-004
 5.4234709e-004
 4.7093668e-004
 4.1556353e-004
 3.8021003e-004
 3.6730259e-004
 3.7924302e-004
 4.1875904e-004
 4.8737938e-004
 5.8227428e-004
 6.9283316e-004
 8.0172665e-004
 8.9197553e-004
 9.5311424e-004
 9.8206871e-004
 9.8030246e-004
 9.5053349e-004
 8.9535443e-004
 8.1900141e-004
 7.2948326e-004
 6.3802319e-004
 5.5690313e-004
 4.9620733e-004
 4.6051980e-004
 4.4752980e-004
 4.4916169e-004
 4.5460335e-004
 4.5427342e-004
 4.4328772e-004
 4.2288154e-004
 3.9899020e-004
 3.7865798e-004
 3.6626984e-004
 3.6163052e-004
 3.6073604e-004
 3.5848405e-004
 3.5178347e-004
 3.4166884e-004
 3.3362073e-004
 3.3639572e-004
 3.5915009e-004
 4.0594494e-004
 4.7341644e-004
 5.4842856e-004
 6.0086802e-004
 6.1794533e-004
 6.0227554e-004
 5.5834424e-004
 5.0746294e-004
 4.8546965e-004
 5.1255920e-004
 5.8930309e-004
 7.0298533e-004
 8.2855654e-004
 9.3369989e-004
 9.8830508e-004
 9.7444531e-004
 8.9272892e-004
 7.6239154e-004
 6.1442942e-004
 4.7979699e-004
 3.7857762e-004
 3.1571506e-004
 2.8412446e-004
 2.7172669e-004
 2.6782989e-004
 2.6607988e-004
 2.6401819e-004
 2.6107853e-004
 2.5699037e-004
 2.5153087e-004
 2.4529162e-004
 2.4034400e-004
 2.3976131e-004
 2.4585775e-004
 2.5817187e-004
 2.7289256e-004
 2.8491099e-004
 2.9203246e-004
 2.9925659e-004
 3.1993029e-004
 3.7043029e-004
 4.5931124e-004
 5.7923637e-004
 7.0936675e-004
 8.2715054e-004
 9.1934035e-004
 9.8386314e-004
 1.0241634e-003
 1.0431871e-003
 1.0431093e-003
 1.0279610e-003
 1.0014003e-003
 9.6104410e-004
 8.9942658e-004
 8.1510679e-004
 7.2374172e-004
 6.5693958e-004
 6.4767973e-004
 7.1146293e-004
 8.3353615e-004
 9.6946349e-004
 1.0617547e-003
 1.0672018e-003
 9.7951747e-004
 8.3114073e-004
 6.7222788e-004
 5.4309244e-004
 4.5965976e-004
 4.1701610e-004
 4.0070349e-004
 3.9540572e-004
 3.8981775e-004
 3.8059158e-004
 3.7468670e-004
 3.8735141e-004
 4.3571767e-004
 5.3030247e-004
 6.6600234e-004
 8.1536267e-004
 9.3149953e-004
 9.6767896e-004
 9.0643909e-004
 7.7564514e-004
 6.3459406e-004
 5.4092758e-004
 5.2621018e-004
 5.9325615e-004
 7.2251627e-004
 8.7361160e-004
 9.8902837e-004
 1.0158391e-003
 9.3926769e-004
 7.9671765e-004
 6.5172737e-004
 5.4926972e-004
 4.9431890e-004
 4.6679025e-004
 4.4737174e-004
 4.2782765e-004
 4.0653627e-004
 3.8412973e-004
 3.6459224e-004
 3.5557128e-004
 3.6336662e-004
 3.8655399e-004
 4.1518948e-004
 4.3699107e-004
 4.4516980e-004
 4.4201949e-004
 4.3784935e-004
 4.4909253e-004
 4.9685349e-004
 6.0068147e-004
 7.6242356e-004
 9.4792544e-004
 1.0894594e-003
 1.1252532e-003
 1.0536581e-003
 9.4699190e-004
 8.9884538e-004
 9.5281441e-004
 1.0813643e-003
 1.2183624e-003
 1.2976147e-003
 1.2795082e-003
 1.1782614e-003
 1.0694506e-003
 1.0419308e-003
 1.1220867e-003
 1.2483055e-003
 1.3220130e-003
 1.2802947e-003
 1.1287790e-003
 9.2418876e-004
 7.3233654e-004
 5.9173151e-004
 5.0406420e-004
 4.5213461e-004
 4.2243113e-004
 4.1136748e-004
 4.2206183e-004
 4.6462126e-004
 5.4732570e-004
 6.5125362e-004
 7.2711497e-004
 7.4243691e-004
 7.2130782e-004
 7.0723885e-004
 6.9758325e-004
 6.5287377e-004
 5.6662859e-004
 4.8568624e-004
 4.5426539e-004
 4.6582025e-004
 4.7920924e-004
 4.6513250e-004
 4.2809796e-004
 3.9226501e-004
 3.7657967e-004
 3.8451419e-004
 4.0935029e-004
 4.4042515e-004
 4.6435019e-004
 4.6961245e-004
 4.6110793e-004
 4.7402037e-004
 5.6298642e-004
 7.5757183e-004
 1.0159316e-003
 1.2277345e-003
 1.2818332e-003
 1.1517121e-003
 9.1953174e-004
 7.0606731e-004
 5.7539315e-004
 5.1186478e-004
 4.7186637e-004
 4.3273554e-004
 3.9744788e-004
 3.7782686e-004
 3.8232346e-004
 4.0998345e-004
 4.4860755e-004
 4.8055549e-004
 4.9405271e-004
 4.9027661e-004
 4.7969571e-004
 4.7100394e-004
 4.6332495e-004
 4.4970823e-004
 4.2806202e-004
 4.1098220e-004
 4.3134388e-004
 5.3624134e-004
 7.5255963e-004
 1.0335837e-003
 1.2450970e-003
 1.2464031e-003
 1.0281564e-003
 7.3851238e-004
 5.3813029e-004
 4.6437679e-004
 4.7772302e-004
 5.7183142e-004
 7.3885953e-004
 8.8600995e-004
 9.3727309e-004
 9.6166937e-004
 1.0324885e-003
 1.0637086e-003
 9.4958348e-004
 7.3516532e-004
 5.3862116e-004
 4.2125158e-004
 3.8930686e-004
 4.5332027e-004
 6.2972569e-004
 8.6328364e-004
 1.0161747e-003
 1.0302538e-003
 9.9564390e-004
 9.5127220e-004
 8.1494101e-004
 6.0854788e-004
 5.2980951e-004
 6.9645041e-004
 9.5195236e-004
 1.0329394e-003
 8.6048170e-004
 5.9567578e-004
 4.4345795e-004
 4.6023983e-004
 5.5438414e-004
 6.1060413e-004
 5.8903144e-004
 5.2621402e-004
 4.7106176e-004
 4.5026193e-004
 4.9172336e-004
 6.3465565e-004
 8.8392186e-004
 1.1615134e-003
 1.3249054e-003
 1.2657403e-003
 1.0137131e-003
 7.2350894e-004
 5.4065214e-004
 4.9784116e-004
 5.3398014e-004
 5.7202840e-004
 5.7134812e-004
 5.3577125e-004
 4.9450796e-004
 4.7712054e-004
 4.9523800e-004
 5.3577550e-004
 5.6901749e-004
 5.7154841e-004
 5.4911221e-004
 5.2968814e-004
 5.3134112e-004
 5.4600788e-004
 5.5156235e-004
 5.3411652e-004
 4.9334235e-004
 4.3542558e-004
 3.7464619e-004
 3.4553456e-004
 4.0547969e-004
 6.0349901e-004
 9.1786706e-004
 1.2211789e-003
 1.3439651e-003
 1.2161456e-003
 9.5657160e-004
 7.9618552e-004
 8.7954331e-004
 1.1293604e-003
 1.3136690e-003
 1.2530354e-003
 9.6758897e-004
 6.3531549e-004
 4.2675415e-004
 3.8340560e-004
 4.3236880e-004
 4.8458655e-004
 5.0779228e-004
 5.2290992e-004
 5.5372540e-004
 5.9104455e-004
 6.0615927e-004
 5.9476512e-004
 5.9914368e-004
 6.6893635e-004
 7.8107108e-004
 8.1237801e-004
 6.7593250e-004
 5.0023489e-004
 4.3391864e-004
 4.6920506e-004
 5.7721674e-004
 8.1443519e-004
 1.1255826e-003
 1.2523730e-003
 1.0893616e-003
 9.0486847e-004
 9.2564028e-004
 9.9394948e-004
 9.4071374e-004
 9.3898585e-004
 1.1346972e-003
 1.2816776e-003
 1.1069638e-003
 7.3862483e-004
 4.8079091e-004
 4.1687838e-004
 4.3142287e-004
 4.4670448e-004
 5.2360643e-004
 7.6607859e-004
 1.1187809e-003
 1.3293817e-003
 1.2289095e-003
 9.4505720e-004
 7.1378669e-004
 6.1707577e-004
 6.0358382e-004
 6.2609906e-004
 6.6504453e-004
 6.9278007e-004
 6.8373518e-004
 6.4493308e-004
 6.1358442e-004
 6.2465743e-004
 6.7538669e-004
 7.2699843e-004
 7.5645238e-004
 7.8540656e-004
 8.3343341e-004
 8.7114656e-004
 8.5603545e-004
 7.6930685e-004
 6.4437004e-004
 5.8855372e-004
 7.3540374e-004
 1.0975476e-003
 1.5247930e-003
 1.8503612e-003
 1.9733275e-003
 1.8502508e-003
 1.4955894e-003
 1.0456181e-003
 7.4620772e-004
 7.9245336e-004
 1.1315750e-003
 1.4751295e-003
 1.5394780e-003
 1.2830219e-003
 9.0618944e-004
 6.3888333e-004
 5.5963028e-004
 5.9123611e-004
 6.2581029e-004
 6.1838009e-004
 5.9245410e-004
 5.8713200e-004
 6.1345287e-004
 6.5356051e-004
 6.8497553e-004
 6.9389952e-004
 6.7620142e-004
 6.3339411e-004
 5.8362202e-004
 5.2669999e-004
 4.9226102e-004
 4.9569184e-004
 5.2188401e-004
 5.4348592e-004
 5.3310866e-004
 4.7296582e-004
 4.0825934e-004
 4.0958455e-004
 5.4763438e-004
 8.7113044e-004
 1.2844820e-003
 1.6337079e-003
 1.7646600e-003
 1.5578642e-003
 1.1233783e-003
 6.6433515e-004
 3.8412039e-004
 4.5049074e-004
 7.9408142e-004
 1.3242076e-003
 1.6995276e-003
 1.8315443e-003
 1.6896081e-003
 1.3729293e-003
 9.8625128e-004
 6.3446880e-004
 4.1904108e-004
 3.6687759e-004
 4.3087488e-004
 5.6075142e-004
 7.0618722e-004
 8.1824604e-004
 8.7768305e-004
 8.9463248e-004
 8.8045269e-004
 8.4650464e-004
 8.0393307e-004
 7.5884978e-004
 7.1247044e-004
 6.6578249e-004
 6.1979587e-004
 5.7550328e-004
 5.3530274e-004
 5.0705363e-004
 4.9992173e-004
 5.2307948e-004
 5.8570487e-004
 6.9695379e-004
 8.6064549e-004
 1.0598351e-003
 1.2726822e-003
 1.4772522e-003
 1.6517059e-003
 1.7741180e-003
 1.8226294e-003
 1.7834820e-003
 1.6739399e-003
 1.5186203e-003
 1.3421996e-003
 1.1692795e-003
 1.0245407e-003
 9.3259203e-004
 9.1809500e-004
 9.9729910e-004
 1.1548107e-003
 1.3678367e-003
 1.6134999e-003
 1.8690284e-003
 2.1115353e-003
 2.3182258e-003
 2.4662893e-003
 2.5393788e-003
 2.5454918e-003
 2.4982651e-003
 2.4113285e-003
 2.2983421e-003
 2.1729190e-003
 2.0487283e-003
 1.9393815e-003
 1.8555380e-003
 1.7967293e-003
 1.7599675e-003
 1.7422427e-003
 1.7405535e-003
 1.7518982e-003
 1.7732773e-003
 1.8016832e-003
 1.8341207e-003
 1.8675795e-003
 1.8990656e-003
 1.9255690e-003
 1.9448040e-003
 1.9570477e-003
 1.9631691e-003
 1.9640317e-003
 1.9605027e-003
 1.9534475e-003
 1.9437320e-003
 1.9322202e-003
 1.9197805e-003
 1.9072758e-003
 1.8955745e-003
 1.8855395e-003
 1.8778403e-003
 1.8724310e-003
 1.8691113e-003
 1.8676785e-003
 1.8679312e-003
 1.8696674e-003
 1.8726849e-003
 1.8767826e-003
 1.8817578e-003
 1.8874087e-003
 1.8935347e-003
 1.8999212e-003
 1.9063199e-003
 1.9124694e-003
 1.9181130e-003
 1.9229901e-003
 1.9268431e-003
 1.9294122e-003
 1.9304389e-003
 1.9296643e-003
 1.9268292e-003
 1.9217572e-003
 1.9145561e-003
 1.9053933e-003
 1.8944397e-003
 1.8818621e-003
 1.8678325e-003
 1.8525162e-003
 1.8360863e-003
 1.8187077e-003
 1.8005536e-003
 1.7817985e-003
 1.7626603e-003
 1.7433548e-003
 1.7241074e-003
 1.7051337e-003
 1.6866588e-003
 1.6689007e-003
 1.6520786e-003
 1.6364162e-003
 1.6221310e-003
 1.6093460e-003
 1.5978413e-003
 1.5873307e-003
 1.5775232e-003
 1.5681324e-003
 1.5588674e-003
 1.5494418e-003
 1.5395650e-003
 1.5289504e-003
 1.5174131e-003
 1.5051160e-003
 1.4922994e-003
 1.4791975e-003
 1.4660503e-003
 1.4530920e-003
 1.4405629e-003
 1.4286970e-003
 1.4177276e-003
 1.4078598e-003
 1.3992995e-003
 1.3922475e-003
 1.3869088e-003
 1.3834859e-003
 1.3821821e-003
 1.3832005e-003
 1.3866625e-003
 1.3924191e-003
 1.4002696e-003
 1.4100091e-003
 1.4214378e-003
 1.4343504e-003
 1.4485472e-003
 1.4638227e-003
 1.4798606e-003
 1.4959610e-003
 1.5113547e-003
 1.5240462e-003
 1.5351676e-003
 1.5432340e-003
 1.5474915e-003
 1.5472568e-003
 1.5417913e-003
 1.5303236e-003
 1.5120736e-003
 1.4863521e-003
 1.4529059e-003
 1.4125655e-003
 1.3676061e-003
 1.3213147e-003
 1.2773351e-003
 1.2391158e-003
 1.2092188e-003
 1.1885156e-003
 1.1759475e-003
 1.1690028e-003
 1.1644858e-003
 1.1591519e-003
 1.1502410e-003
 1.1359394e-003
 1.1155454e-003
 1.0892589e-003
 1.0578927e-003
 1.0229476e-003
 9.8715967e-004
 9.5517322e-004
 9.3375519e-004
 9.3121250e-004
 9.5610518e-004
 1.0151730e-003
 1.1105586e-003
 1.2372518e-003
 1.3823718e-003
 1.5268113e-003
 1.6487300e-003
 1.7279618e-003
 1.7507583e-003
 1.4725735e-003
 1.4430791e-003
 1.3987328e-003
 1.3445525e-003
 1.2862189e-003
 1.2293052e-003
 1.1785672e-003
 1.1374822e-003
 1.1080148e-003
 1.0905439e-003
 1.0841228e-003
 1.0868865e-003
 1.0965497e-003
 1.1108638e-003
 1.1279606e-003
 1.1464620e-003
 1.1654121e-003
 1.1841630e-003
 1.2022153e-003
 1.2191128e-003
 1.2343884e-003
 1.2475495e-003
 1.2581372e-003
 1.2657866e-003
 1.2702933e-003
 1.2716916e-003
 1.2703307e-003
 1.2668917e-003
 1.2623218e-003
 1.2576686e-003
 1.2538208e-003
 1.2512655e-003
 1.2499153e-003
 1.2490713e-003
 1.2475369e-003
 1.2438747e-003
 1.2367738e-003
 1.2254382e-003
 1.2099135e-003
 1.1912453e-003
 1.1714051e-003
 1.1530194e-003
 1.1389120e-003
 1.1315815e-003
 1.1327335e-003
 1.1429347e-003
 1.1614724e-003
 1.1864329e-003
 1.2149905e-003
 1.2438035e-003
 1.2695168e-003
 1.2891999e-003
 1.3007355e-003
 1.3030610e-003
 1.2962414e-003
 1.2813882e-003
 1.2604360e-003
 1.2358096e-003
 1.2100243e-003
 1.1853211e-003
 1.1633218e-003
 1.1448424e-003
 1.1298283e-003
 1.1174610e-003
 1.1064277e-003
 1.0952741e-003
 1.0827876e-003
 1.0683342e-003
 1.0520353e-003
 1.0347801e-003
 1.0180270e-003
 1.0034504e-003
 9.9254260e-004
 9.8622695e-004
 9.8463055e-004
 9.8703487e-004
 9.9204108e-004
 9.9788653e-004
 1.0028398e-003
 1.0055613e-003
 1.0053592e-003
 1.0022784e-003
 9.9702540e-004
 9.9075737e-004
 9.8481053e-004
 9.8042621e-004
 9.7854435e-004
 9.7970571e-004
 9.8406337e-004
 9.9149381e-004
 1.0017540e-003
 1.0146481e-003
 1.0301247e-003
 1.0482920e-003
 1.0693333e-003
 1.0933141e-003
 1.1199925e-003
 1.1486211e-003
 1.1778799e-003
 1.2059567e-003
 1.2307451e-003
 1.2502021e-003
 1.2626910e-003
 1.2672973e-003
 1.2639858e-003
 1.2535707e-003
 1.2375081e-003
 1.2175801e-003
 1.1955454e-003
 1.1728499e-003
 1.1504996e-003
 1.1290449e-003
 1.1087290e-003
 1.0896617e-003
 1.0719773e-003
 1.0559323e-003
 1.0418788e-003
 1.0301579e-003
 1.0209706e-003
 1.0142511e-003
 1.0096304e-003
 1.0064775e-003
 1.0040246e-003
 1.0015315e-003
 9.9843391e-004
 9.9444063e-004
 9.8954921e-004
 9.8398479e-004
 9.7809383e-004
 9.7221608e-004
 9.6658879e-004
 9.6129143e-004
 9.5624622e-004
 9.5127115e-004
 9.4615133e-004
 9.4072369e-004
 9.3494181e-004
 9.2891249e-004
 9.2290825e-004
 9.1734278e-004
 9.1272115e-004
 9.0957520e-004
 9.0837682e-004
 9.0945087e-004
 9.1289001e-004
 9.1849756e-004
 9.2576863e-004
 9.3394384e-004
 9.4212365e-004
 9.4945391e-004
 9.5534272e-004
 9.5964933e-004
 9.6280349e-004
 9.6578395e-004
 9.6994586e-004
 9.7671116e-004
 9.8717981e-004
 1.0017761e-003
 1.0200096e-003
 1.0404547e-003
 1.0609751e-003
 1.0791210e-003
 1.0926647e-003
 1.1000740e-003
 1.1008609e-003
 1.0956827e-003
 1.0861986e-003
 1.0747280e-003
 1.0638047e-003
 1.0557610e-003
 1.0524058e-003
 1.0548766e-003
 1.0636339e-003
 1.0785724e-003
 1.0991552e-003
 1.1245516e-003
 1.1536924e-003
 1.1852972e-003
 1.2178930e-003
 1.2498156e-003
 1.2793218e-003
 1.3047073e-003
 1.3245031e-003
 1.3376635e-003
 1.3436818e-003
 1.3426477e-003
 1.3351854e-003
 1.3223176e-003
 1.3052691e-003
 1.2852823e-003
 1.2634626e-003
 1.2406803e-003
 1.2175723e-003
 1.1945578e-003
 1.1719269e-003
 1.1499000e-003
 1.1286680e-003
 1.1084240e-003
 1.0893294e-003
 1.0714963e-003
 1.0549505e-003
 1.0396157e-003
 1.0253516e-003
 1.0120030e-003
 9.9950470e-004
 9.8797586e-004
 9.7779674e-004
 9.6964301e-004
 9.6442521e-004
 9.6315792e-004
 9.6674444e-004
 9.7573537e-004
 9.9009951e-004
 1.0090739e-003
 1.0311486e-003
 1.0541733e-003
 1.0756355e-003
 1.0929942e-003
 1.1040702e-003
 1.1073856e-003
 1.1023898e-003
 1.0895510e-003
 1.0702964e-003
 1.0468153e-003
 1.0217533e-003
 9.9788862e-004
 9.7776530e-004
 9.6340984e-004
 9.5608842e-004
 9.5617113e-004
 9.6310559e-004
 9.7549561e-004
 9.9127949e-004
 1.0079984e-003
 1.0231291e-003
 1.0344137e-003
 1.0401816e-003
 1.0395676e-003
 1.0326223e-003
 1.0202602e-003
 1.0040766e-003
 9.8604546e-004
 9.6815819e-004
 9.5209997e-004
 9.3897950e-004
 9.2921569e-004
 9.2254864e-004
 9.1818534e-004
 9.1503724e-004
 9.1197772e-004
 9.0808066e-004
 9.0278540e-004
 8.9596718e-004
 8.8792137e-004
 8.7926205e-004
 8.7078998e-004
 8.6334447e-004
 8.5768028e-004
 8.5440127e-004
 8.5393636e-004
 8.5657003e-004
 8.6248707e-004
 8.7181682e-004
 8.8463246e-004
 9.0090494e-004
 9.2041871e-004
 9.4264682e-004
 9.6668204e-004
 9.9119998e-004
 1.0145481e-003
 1.0349409e-003
 1.0507092e-003
 1.0606091e-003
 1.0640564e-003
 1.0612709e-003
 1.0532597e-003
 1.0416489e-003
 1.0283837e-003
 1.0153828e-003
 1.0041950e-003
 9.9574402e-004
 9.9022058e-004
 9.8711136e-004
 9.8537968e-004
 9.8373473e-004
 9.8094239e-004
 9.7611098e-004
 9.6889213e-004
 9.5956761e-004
 9.4899914e-004
 9.3845476e-004
 9.2936720e-004
 9.2305528e-004
 9.2048326e-004
 9.2210999e-004
 9.2784356e-004
 9.3710679e-004
 9.4898406e-004
 9.6240966e-004
 9.7632589e-004
 9.8980835e-004
 1.0020962e-003
 1.0125717e-003
 1.0206976e-003
 1.0259404e-003
 1.0277432e-003
 1.0255447e-003
 1.0188740e-003
 1.0074881e-003
 9.9154003e-004
 9.7170362e-004
 9.4924995e-004
 9.2599698e-004
 9.0412737e-004
 8.8591827e-004
 8.7337173e-004
 8.6785306e-004
 8.6982356e-004
 8.7871886e-004
 8.9303701e-004
 9.1062411e-004
 9.2911517e-004
 9.4639353e-004
 9.6100860e-004
 9.7238802e-004
 9.8084402e-004
 9.8735350e-004
 9.9318149e-004
 9.9947792e-004
 1.0069368e-003
 1.0156230e-003
 1.0249962e-003
 1.0340923e-003
 1.0418200e-003
 1.0472487e-003
 1.0498343e-003
 1.0495152e-003
 1.0466740e-003
 1.0419997e-003
 1.0362953e-003
 1.0303016e-003
 1.0245652e-003
 1.0193959e-003
 1.0148914e-003
 1.0110199e-003
 1.0077297e-003
 1.0050422e-003
 1.0031160e-003
 1.0022571e-003
 1.0028810e-003
 1.0054380e-003
 1.0103245e-003
 1.0177981e-003
 1.0279253e-003
 1.0405737e-003
 1.0554328e-003
 1.0720806e-003
 1.0900344e-003
 1.1087985e-003
 1.1278836e-003
 1.1467674e-003
 1.1648724e-003
 1.1815168e-003
 1.1959284e-003
 1.2073155e-003
 1.2149814e-003
 1.2184940e-003
 1.2178391e-003
 1.2135145e-003
 1.2065251e-003
 1.1982621e-003
 1.1902758e-003
 1.1839910e-003
 1.1804422e-003
 1.1800769e-003
 1.1826976e-003
 1.1875457e-003
 1.1935210e-003
 1.1994722e-003
 1.2045079e-003
 1.2082338e-003
 1.2108767e-003
 1.2132531e-003
 1.2165817e-003
 1.2221811e-003
 1.2311065e-003
 1.2438087e-003
 1.2599055e-003
 1.2781069e-003
 1.2963541e-003
 1.3121529e-003
 1.3230189e-003
 1.3269880e-003
 1.3230329e-003
 1.3113318e-003
 1.2932901e-003
 1.2713441e-003
 1.2485404e-003
 1.2280379e-003
 1.2125771e-003
 1.2040469e-003
 1.2032324e-003
 1.2097472e-003
 1.2221690e-003
 1.2383270e-003
 1.2556902e-003
 1.2717533e-003
 1.2844026e-003
 1.2921502e-003
 1.2942635e-003
 1.2907498e-003
 1.2822368e-003
 1.2697828e-003
 1.2546754e-003
 1.2382484e-003
 1.2217405e-003
 1.2062318e-003
 1.1926035e-003
 1.1815195e-003
 1.1734181e-003
 1.1684686e-003
 1.1665343e-003
 1.1671383e-003
 1.1694770e-003
 1.1724996e-003
 1.1750647e-003
 1.1761534e-003
 1.1751030e-003
 1.1718010e-003
 1.1667891e-003
 1.1612291e-003
 1.1567293e-003
 1.1550392e-003
 1.1576709e-003
 1.1655190e-003
 1.1785583e-003
 1.1956833e-003
 1.2147510e-003
 1.2328477e-003
 1.2467171e-003
 1.2533347e-003
 1.2504907e-003
 1.2372724e-003
 1.2143428e-003
 1.1839524e-003
 1.1496508e-003
 1.1157343e-003
 1.0865981e-003
 1.0660181e-003
 1.0566142e-003
 1.0594951e-003
 1.0741953e-003
 1.0988532e-003
 1.1305970e-003
 1.1659954e-003
 1.2015377e-003
 1.2340544e-003
 1.2609864e-003
 1.2805957e-003
 1.2920198e-003
 1.2952811e-003
 1.2912165e-003
 1.2813559e-003
 1.2677565e-003
 1.2527779e-003
 1.2388313e-003
 1.2280777e-003
 1.2221525e-003
 1.2219105e-003
 1.2272620e-003
 1.2371244e-003
 1.2495184e-003
 1.2617951e-003
 1.2709973e-003
 1.2742983e-003
 1.2694501e-003
 1.2551878e-003
 1.2315122e-003
 1.1997959e-003
 1.1626658e-003
 1.1237320e-003
 1.0870999e-003
 1.0568696e-003
 1.0365942e-003
 1.0288449e-003
 1.0349510e-003
 1.0549044e-003
 1.0874467e-003
 1.1302893e-003
 1.1804451e-003
 1.2345302e-003
 1.2890911e-003
 1.3408905e-003
 1.3870698e-003
 1.4253481e-003
 1.4540890e-003
 1.4723914e-003
 1.4801285e-003
 1.4779331e-003
 1.4671617e-003
 1.4497943e-003
 1.4282814e-003
 1.4053240e-003
 1.3836420e-003
 1.3656899e-003
 1.3534288e-003
 1.3481207e-003
 1.3502263e-003
 1.3594127e-003
 1.3746761e-003
 1.3945546e-003
 1.4173911e-003
 1.4415896e-003
 1.4657711e-003
 1.4888415e-003
 1.5099427e-003
 1.5282882e-003
 1.5429977e-003
 1.5529372e-003
 1.5567391e-003
 1.5529317e-003
 1.5401670e-003
 1.5174886e-003
 1.4845597e-003
 1.4417496e-003
 1.3903050e-003
 1.3324918e-003
 1.2714738e-003
 1.2111376e-003
 1.1556856e-003
 1.1091478e-003
 1.0749899e-003
 1.0557155e-003
 1.0526521e-003
 1.0657574e-003
 1.0936264e-003
 1.1337012e-003
 1.1824965e-003
 1.2358011e-003
 1.2889708e-003
 1.3372621e-003
 1.3761080e-003
 1.4015684e-003
 1.4108119e-003
 1.4025391e-003
 1.3773110e-003
 1.3376721e-003
 1.2880164e-003
 1.2341461e-003
 1.1826603e-003
 1.1401000e-003
 1.1121498e-003
 1.1028249e-003
 1.1139268e-003
 1.1449553e-003
 1.1932908e-003
 1.2545522e-003
 1.3231093e-003
 1.3926554e-003
 1.4565625e-003
 1.5084215e-003
 1.5425617e-003
 1.5546357e-003
 1.5420904e-003
 1.5045154e-003
 1.4437888e-003
 1.3638455e-003
 1.2702922e-003
 1.1696545e-003
 1.0686342e-003
 9.7324437e-004
 8.8804908e-004
 8.1588444e-004
 7.5783953e-004
 7.1364141e-004
 6.8208302e-004
 6.6149759e-004
 6.5018766e-004
 6.4669084e-004
 6.4989337e-004
 6.5901707e-004
 6.7352387e-004
 6.9293217e-004
 7.1663514e-004
 7.4372272e-004
 7.7290321e-004
 8.0254563e-004
 8.3079503e-004
 8.5580489e-004
 8.7601034e-004
 8.9036411e-004
 8.9854887e-004
 9.0105145e-004
 8.9913449e-004
 8.9466793e-004
 8.8986114e-004
 8.8693044e-004
 8.8776852e-004
 8.9365791e-004
 9.0508850e-004
 9.2168670e-004
 9.4228669e-004
 9.6508360e-004
 9.8787493e-004
 1.0083376e-003
 1.0242703e-003
 1.0338384e-003
 1.0357348e-003
 1.0293110e-003
 1.0146397e-003
 9.9254155e-004
 9.6454337e-004
 9.3281473e-004
 9.0002327e-004
 8.6912100e-004
 8.4310997e-004
 8.2472956e-004
 8.1614422e-004
 8.1868056e-004
 8.3262206e-004
 8.5712818e-004
 8.9028582e-004
 9.2931977e-004
 9.7086845e-004
 1.0113914e-003
 1.0475197e-003
 1.0764155e-003
 1.0960387e-003
 1.1052762e-003
 1.1040005e-003
 1.0930033e-003
 1.0738752e-003
 1.0488197e-003
 1.0204704e-003
 9.9165854e-004
 9.6522155e-004
 9.4377651e-004
 9.2950655e-004
 9.2398829e-004
 9.2803128e-004
 9.4159745e-004
 9.6379261e-004
 9.9297659e-004
 1.0269372e-003
 1.0631543e-003
 1.0991119e-003
 1.1325512e-003
 1.1617375e-003
 1.1855692e-003
 1.2036370e-003
 1.2161656e-003
 1.2238468e-003
 1.2276404e-003
 1.2285392e-003
 1.2273770e-003
 1.2246972e-003
 1.2207098e-003
 1.2153382e-003
 1.2083345e-003
 1.1994151e-003
 1.1883896e-003
 1.1752708e-003
 1.1603191e-003
 1.1440873e-003
 1.1273952e-003
 1.1112457e-003
 1.0967132e-003
 1.0847847e-003
 1.0762032e-003
 1.0713519e-003
 1.0701915e-003
 1.0722958e-003
 1.0769676e-003
 1.0834368e-003
 1.0910943e-003
 1.0997325e-003
 1.1097084e-003
 1.1219942e-003
 1.1380847e-003
 1.1597617e-003
 1.1887951e-003
 1.2265752e-003
 1.2737886e-003
 1.3301917e-003
 1.3944531e-003
 1.4642011e-003
 1.5360912e-003
 1.6061160e-003
 1.6700464e-003
 1.7238706e-003
 1.7643231e-003
 1.7893262e-003
 1.7982628e-003
 1.7921040e-003
 1.7732696e-003
 1.7453220e-003
 1.7124864e-003
 1.6791340e-003
 1.6492145e-003
 1.6258240e-003
 1.6108700e-003
 1.6049271e-003
 1.6072852e-003
 1.6161471e-003
 1.6289554e-003
 1.6427814e-003
 1.6547283e-003
 1.6622642e-003
 1.6634890e-003
 1.6572748e-003
 1.6433108e-003
 1.6220423e-003
 1.5945651e-003
 1.5624785e-003
 1.5277197e-003
 1.4924536e-003
 1.4589233e-003
 1.4293753e-003
 1.4059477e-003
 1.3905630e-003
 1.3848316e-003
 1.3899187e-003
 1.4064310e-003
 1.4343108e-003
 1.4727958e-003
 1.5203985e-003
 1.5750189e-003
 1.6340549e-003
 1.6946194e-003
 1.7537955e-003
 1.8088178e-003
 1.8573300e-003
 1.8974869e-003
 1.9280633e-003
 1.9484801e-003
 1.9587444e-003
 1.9593970e-003
 1.9514113e-003
 1.9361089e-003
 1.9150670e-003
 1.8900508e-003
 1.8629357e-003
 1.8356113e-003
 1.8099068e-003
 1.7874514e-003
 1.7695717e-003
 1.7571573e-003
 1.7505586e-003
 1.7495392e-003
 1.7532732e-003
 1.7604242e-003
 1.7692880e-003
 1.7779967e-003
 1.7847405e-003
 1.7880022e-003
 1.7867421e-003
 1.7805293e-003
 1.7695777e-003
 1.7547020e-003
 1.7371682e-003
 1.7185011e-003
 1.7002372e-003
 1.6836774e-003
 1.6696972e-003
 1.6586040e-003
 1.6500939e-003
 1.6433216e-003
 1.6370426e-003
 1.6298416e-003
 1.6203863e-003
 1.6076774e-003
 1.5912693e-003
 1.5713887e-003
 1.5489893e-003
 1.5256831e-003
 1.5035507e-003
 1.4848837e-003
 1.4718270e-003
 1.4660473e-003
 1.4684167e-003
 1.4787926e-003
 1.4959817e-003
 1.5179273e-003
 1.5419557e-003
 1.5650920e-003
 1.5843839e-003
 1.5971616e-003
 1.6012670e-003
 1.5951197e-003
 1.5777809e-003
 1.5490608e-003
 1.5095520e-003
 1.4605668e-003
 1.4039839e-003
 1.3421024e-003
 1.2773703e-003
 1.2122176e-003
 1.1488446e-003
 1.0890883e-003
 1.0344432e-003
 9.7695412e-004
 9.3502650e-004
 9.0104825e-004
 8.7545632e-004
 8.5843942e-004
 8.4976107e-004
 8.4869436e-004
 8.5407856e-004
 8.6445583e-004
 8.7821286e-004
 8.9370308e-004
 9.0932084e-004
 9.2359999e-004
 9.3534845e-004
 9.4378321e-004
 9.4863790e-004
 9.5019024e-004
 9.4921078e-004
 9.4683951e-004
 9.4444287e-004
 9.4349036e-004
 9.4545458e-004
 9.5170620e-004
 9.6337526e-004
 9.8117138e-004
 1.0052178e-003
 1.0349929e-003
 1.0693752e-003
 1.1068280e-003
 1.1455490e-003
 1.1836278e-003
 1.2191694e-003
 1.2503734e-003
 1.2757095e-003
 1.2940604e-003
 1.3048849e-003
 1.3082772e-003
 1.3048989e-003
 1.2958361e-003
 1.2824232e-003
 1.2661145e-003
 1.2483755e-003
 1.2306123e-003
 1.2140692e-003
 1.1997091e-003
 1.1881264e-003
 1.1794926e-003
 1.1736074e-003
 1.1699921e-003
 1.1680021e-003
 1.1669182e-003
 1.1660078e-003
 1.1645774e-003
 1.1620318e-003
 1.1579413e-003
 1.1521048e-003
 1.1445698e-003
 1.1356126e-003
 1.1256768e-003
 1.1153027e-003
 1.1050816e-003
 1.0956116e-003
 1.0874786e-003
 1.0812249e-003
 1.0773166e-003
 1.0761219e-003
 1.0778958e-003
 1.0827933e-003
 1.0908935e-003
 1.1022317e-003
 1.1168121e-003
 1.1346095e-003
 1.1555529e-003
 1.1794619e-003
 1.2060010e-003
 1.2346014e-003
 1.2644451e-003
 1.2945009e-003
 1.3235578e-003
 1.3503232e-003
 1.3734581e-003
 1.3916467e-003
 1.4036753e-003
 1.4085299e-003
 1.4055460e-003
 1.3945260e-003
 1.3757959e-003
 1.3501436e-003
 1.3187090e-003
 1.2828425e-003
 1.2439804e-003
 1.2036081e-003
 1.1631822e-003
 1.1241280e-003
 1.0877904e-003
 1.0553917e-003
 1.0280500e-003
 1.0067584e-003
 9.9243876e-004
 9.8595594e-004
 9.8813011e-004
 9.9971483e-004
 1.0213190e-003
 1.0532524e-003
 1.0953300e-003
 1.1467183e-003
 1.2058270e-003
 1.2704286e-003
 1.3377859e-003
 1.4048737e-003
 1.4685774e-003
 1.5257866e-003
 1.5736332e-003
 1.6096967e-003
 1.6323491e-003
 1.6410381e-003
 1.6363844e-003
 1.6200828e-003
 1.5946074e-003
 1.5629089e-003
 1.5281298e-003
 1.4934333e-003
 1.4618021e-003
 1.4357866e-003
 1.4172395e-003
 1.4070371e-003
 1.4049934e-003
 1.4099519e-003
 1.4200482e-003
 1.4329921e-003
 1.4463164e-003
 1.4575518e-003
 1.4644181e-003
 1.4650709e-003
 1.4583931e-003
 1.4442579e-003
 1.4236376e-003
 1.3984985e-003
 1.3715266e-003
 1.3458456e-003
 1.3247511e-003
 1.3114851e-003
 1.3089938e-003
 1.3195525e-003
 1.3443179e-003
 1.3829193e-003
 1.4333167e-003
 1.4919291e-003
 1.5540825e-003
 1.6144245e-003
 1.6673364e-003
 1.7072838e-003
 1.7291623e-003
 1.7288789e-003
 1.7040041e-003
 1.6543912e-003
 1.5823876e-003
 1.4926395e-003
 1.3914255e-003
 1.2860439e-003
 1.1842132e-003
 1.0935748e-003
 1.0212766e-003
 9.7326230e-004
 9.5344993e-004
 9.6304360e-004
 1.0002233e-003
 1.0604369e-003
 1.1371124e-003
 1.2225156e-003
 1.3083615e-003
 1.3864137e-003
 1.4489441e-003
 1.4894699e-003
 1.5036101e-003
 1.4898059e-003
 1.4496378e-003
 1.3875253e-003
 1.3099854e-003
 1.2247445e-003
 1.1401089e-003
 1.0643615e-003
 1.0053157e-003
 9.6961454e-004
 9.6192717e-004
 9.8426698e-004
 1.0357002e-003
 1.1126214e-003
 1.2094497e-003
 1.3194719e-003
 1.4354158e-003
 1.5499508e-003
 1.6561524e-003
 1.7479229e-003
 1.8206965e-003
 1.8718953e-003
 1.9011889e-003
 1.9102787e-003
 1.9023457e-003
 1.8814603e-003
 1.8521070e-003
 1.8188303e-003
 1.7860061e-003
 1.7574872e-003
 1.7362781e-003
 1.7242391e-003
 1.7219310e-003
 1.7287617e-003
 1.7432894e-003
 1.7635504e-003
 1.7873554e-003
 1.8124677e-003
 1.8367274e-003
 1.8582449e-003
 1.8755590e-003
 1.8877834e-003
 1.8946945e-003
 1.8966505e-003
 1.8944413e-003
 1.8891173e-003
 1.8818463e-003
 1.8738188e-003
 1.8661791e-003
 1.8599309e-003
 1.8558498e-003
 1.8543999e-003
 1.8556962e-003
 1.8595423e-003
 1.8655083e-003
 1.8730282e-003
 1.8814723e-003
 1.8901982e-003
 1.8985822e-003
 1.9060716e-003
 1.9122250e-003
 1.9167498e-003
 1.9195261e-003
 1.9205855e-003
 1.9200713e-003
 1.9181953e-003
 1.9152012e-003
 1.9113430e-003
 1.9068755e-003
 1.9020406e-003
 1.8970594e-003
 1.8921300e-003
 1.8874167e-003
 1.8830571e-003
 1.8791712e-003
 1.8758640e-003
 1.8732316e-003
 1.8713623e-003
 1.8703219e-003
 1.8701369e-003
 1.8707673e-003
 1.8720832e-003
 1.8738550e-003
 1.8757641e-003
 1.8774243e-003
 1.8784128e-003
 1.8782925e-003
 1.8766386e-003
 1.8730726e-003
 1.8673141e-003
 1.8592457e-003
 1.8489793e-003
 1.8368688e-003
 1.8234903e-003
 1.8095936e-003
 1.7960165e-003
 1.7836362e-003
 1.7733317e-003
 1.7659117e-003
 1.7620518e-003
 1.7622003e-003
 1.7664942e-003
 1.7747278e-003
 1.7863887e-003
 1.8007276e-003
 1.8168672e-003
 1.8338710e-003
 1.8507837e-003
 1.8667042e-003
 1.8808316e-003
 1.8925269e-003
 1.9013948e-003
 1.9072950e-003
 1.9103207e-003
 1.9107359e-003
 1.9089099e-003
 1.9052604e-003
 1.9002258e-003
 1.8942428e-003
 1.8877367e-003
 1.8811180e-003
 1.8747649e-003
 1.8690269e-003
 1.8642250e-003
 1.8606632e-003
 1.8586271e-003
 1.8583905e-003
 1.8602008e-003
 1.8642448e-003
 1.8705904e-003
 1.8790994e-003
 1.8893658e-003
 1.9006835e-003
 1.9120658e-003
 1.9223343e-003
 1.9301923e-003
 1.9343026e-003
 1.9333583e-003
 1.9261898e-003
 1.9119092e-003
 1.8901186e-003
 1.8610616e-003
 1.8256948e-003
 1.7856517e-003
 1.7430189e-003
 1.7001743e-003
 1.6596057e-003
 1.6238181e-003
 1.5951338e-003
 1.5755385e-003
 1.5664530e-003
 1.5684974e-003
 1.5814329e-003
 1.6042249e-003
 1.6352686e-003
 1.6726205e-003
 1.7141476e-003
 1.7577009e-003
 1.8011680e-003
 1.8425755e-003
 1.8801464e-003
 1.9124405e-003
 1.9383524e-003
 1.9570652e-003
 1.9680096e-003
 1.9707486e-003
 1.9649267e-003
 1.9502649e-003
 1.9266077e-003
 1.8940303e-003
 1.8530273e-003
 1.8046062e-003
 1.7503592e-003
 1.6924526e-003
 1.6334064e-003
 1.5759703e-003
 1.5230241e-003
 1.4773662e-003
 1.4416055e-003
 1.4179464e-003
 1.4078479e-003
 1.4118039e-003
 1.4292351e-003
 1.4585728e-003
 1.4975419e-003
 1.5434490e-003
 1.5933750e-003
 1.6444114e-003
 1.6937798e-003
 1.7389805e-003
 1.7780812e-003
 1.8098602e-003
 1.8339003e-003
 1.8504905e-003
 1.8604703e-003
 1.8649918e-003
 1.8653543e-003
 1.8628975e-003
 1.8589161e-003
 1.8545837e-003
 1.8508567e-003
 1.8484007e-003
 1.8475596e-003
 1.8483838e-003
 1.8507097e-003
 1.8542450e-003
 1.8586341e-003
 1.8635048e-003
 1.8684944e-003
 1.8732694e-003
 1.8775576e-003
 1.8811652e-003
 1.8839834e-003
 1.8859847e-003
 1.8871991e-003
 1.8876914e-003
 1.8875437e-003
 1.8868451e-003
 1.8856861e-003
 1.8841588e-003
 1.8823540e-003
 1.8803616e-003
 1.8782720e-003
 1.8761740e-003
 1.8741559e-003
 1.8723054e-003
 1.8707102e-003
 1.8694535e-003
 1.8686118e-003
 1.8682473e-003
 1.8683968e-003
 1.8690641e-003
 1.8702154e-003
 1.8717842e-003
 1.8736796e-003
 1.8757946e-003
 1.8780174e-003
 1.8802356e-003
 1.8823437e-003
 1.8842489e-003
 1.8858844e-003
 1.8872162e-003
 1.8882460e-003
 1.8890096e-003
 1.8895667e-003
 1.8899913e-003
 1.8903643e-003
 1.8907668e-003
 1.8912755e-003
 1.8919550e-003
 1.8928512e-003
 1.8939833e-003
 1.8953411e-003
 1.8968879e-003
 1.8985687e-003
 1.9003151e-003
 1.9020548e-003
 1.9037152e-003
 1.9052263e-003
 1.9065280e-003
 1.9075753e-003
 1.9083439e-003
 1.9088319e-003
 1.9090585e-003
 1.9090584e-003
 1.9088750e-003
 1.9085562e-003
 1.9081513e-003
 1.9077092e-003
 1.9072762e-003
 1.9068952e-003
 1.9066033e-003
 1.9064323e-003
 1.9064083e-003
 1.9065537e-003
 1.9068882e-003
 1.9074295e-003
 1.9081924e-003
 1.9091847e-003
 1.9104016e-003
 1.9118163e-003
 1.9133715e-003
 1.9149784e-003
 1.9165177e-003
 1.9178498e-003
 1.9188223e-003
 1.9192857e-003
 1.9191112e-003
 1.9182287e-003
 1.9166892e-003
 1.9147450e-003
 1.9129231e-003
 1.9120515e-003
 1.9132320e-003
 1.9177687e-003
 1.9270801e-003
 1.9426337e-003
 1.9658864e-003
 1.9981863e-003
 2.0406940e-003
 2.0942413e-003
 2.1591603e-003
 2.2353122e-003
 2.3221083e-003
 2.4185569e-003
 2.5235224e-003
 2.6357444e-003
 2.7539362e-003
 2.8766738e-003
 3.0025360e-003
 3.1299749e-003
 3.2571775e-003
 3.3822269e-003
 3.5030297e-003
 3.6172774e-003
 3.7226784e-003
 3.8168938e-003
 3.8976497e-003
 3.9627687e-003
 4.0104529e-003
 4.0394226e-003
 4.0491023e-003
 4.0397425e-003
 4.0122974e-003
 3.9682789e-003
 3.9094999e-003
 3.8379126e-003
 3.7555685e-003
 3.6644486e-003
 3.5664740e-003
 3.4634047e-003
 3.3568908e-003
 3.2483027e-003
 3.1388241e-003
 3.0295802e-003
 2.9215342e-003
 2.8156061e-003
 2.7127611e-003
 2.6138497e-003
 2.5196802e-003
 2.4309256e-003
 2.3481685e-003
 2.2717577e-003
 2.2018955e-003
 2.1387201e-003
 2.0822496e-003
 2.0324700e-003
 1.9893746e-003
 1.9528804e-003
 1.9228427e-003
 1.8989905e-003
 1.8809049e-003
 1.8679677e-003
 1.8594012e-003
 1.8543126e-003
 1.8517312e-003
 1.8506616e-003
 1.8501194e-003
 1.8491793e-003
 1.8470443e-003
 1.8431367e-003
 1.8371718e-003
 1.8291915e-003
 1.8195292e-003
 1.8087417e-003
 1.7975065e-003
 1.7865577e-003
 1.7766420e-003
 1.7684562e-003
 1.7625977e-003
 1.7594995e-003
 1.7593610e-003
 1.7621302e-003
 1.7675264e-003
 1.7750929e-003
 1.7842728e-003
 1.7944620e-003
 1.8050399e-003
 1.8154171e-003
 1.8250669e-003
 1.8335651e-003
 1.8406445e-003
 1.8462053e-003
 1.8502914e-003
 1.8530553e-003
 1.8547083e-003
 1.8554885e-003
 1.8556388e-003
 1.8553940e-003
 1.8549663e-003
 1.8545323e-003
 1.8542219e-003
 1.8541130e-003
 1.8542341e-003
 1.8545761e-003
 1.8551049e-003
 1.8557748e-003
 1.8565349e-003
 1.8573345e-003
 1.8581235e-003
 1.8588512e-003
 1.8594506e-003
 1.8597456e-003
 1.8597877e-003
 1.8593861e-003
 1.8584349e-003
 1.8568288e-003
 1.8544624e-003
 1.8512309e-003
 1.8470287e-003
 1.8417505e-003
 1.8352910e-003
 1.8275467e-003
 1.8184566e-003
 1.8079733e-003
 1.7960521e-003
 1.7826448e-003
 1.7677124e-003
 1.7512072e-003
 1.7330839e-003
 1.7132931e-003
 1.6917988e-003
 1.6685518e-003
 1.6435070e-003
 1.6166127e-003
 1.5878368e-003
 1.5571519e-003
 1.5247532e-003
 1.4909524e-003
 1.4560536e-003
 1.4203863e-003
 1.3842548e-003
 1.3479720e-003
 1.3118417e-003
 1.2761939e-003
 1.2413326e-003
 1.2075708e-003
 1.1752130e-003
 1.1445879e-003
 1.1159999e-003
 1.0897617e-003
 1.0661863e-003
 1.0455815e-003
 1.0282699e-003
 1.0145201e-003
 1.0042625e-003
 9.9724531e-004
 9.9322048e-004
 9.9193410e-004
 9.9313445e-004
 9.9657115e-004
 1.0019907e-003
 1.0091418e-003
 1.0177729e-003
 1.0276324e-003
 1.0384712e-003
 1.0500323e-003
 1.0620669e-003
 1.0743228e-003
 1.0865515e-003
 1.0984954e-003
 1.1099058e-003
 1.1205307e-003
 1.1301209e-003
 1.1384200e-003
 1.1451787e-003
 1.1501738e-003
 1.1534253e-003
 1.1550758e-003
 1.1552713e-003
 1.1541566e-003
 1.1518765e-003
 1.1485748e-003
 1.1443982e-003
 1.1394910e-003
 1.1339977e-003
 1.1280621e-003
 1.1218317e-003
 1.1154501e-003
 1.1090620e-003
 1.1028111e-003
 1.0968451e-003
 1.0913074e-003
 1.0863428e-003
 1.0820964e-003
 1.0787119e-003
 1.0763364e-003
 1.0751133e-003
 1.0751879e-003
 1.0767055e-003
 1.0798102e-003
 1.0846471e-003
 1.0913411e-003
 1.0998565e-003
 1.1100695e-003
 1.1218628e-003
 1.1351162e-003
 1.1497103e-003
 1.1655291e-003
 1.1824457e-003
 1.2003436e-003
 1.2191033e-003
 1.2386101e-003
 1.2587347e-003
 1.2793619e-003
 1.3003722e-003
 1.3216510e-003
 1.3430682e-003
 1.3645096e-003
 1.3858551e-003
 1.4069901e-003
 1.4277849e-003
 1.4481249e-003
 1.4678902e-003
 1.4869613e-003
 1.5052229e-003
 1.5225461e-003
 1.5388161e-003
 1.5539131e-003
 1.5677206e-003
 1.5801120e-003
 1.5909714e-003
 1.6001927e-003
 1.6077823e-003
 1.6137928e-003
 1.6182835e-003
