s07_ASD Record=8506:  error bars to preceding                
 1.6048386e-003
 1.4847292e-003
 1.3689123e-003
 1.2722478e-003
 1.2063505e-003
 1.1753488e-003
 1.1751698e-003
 1.1960152e-003
 1.2260441e-003
 1.2548248e-003
 1.2753996e-003
 1.2845184e-003
 1.2817649e-003
 1.2685186e-003
 1.2470703e-003
 1.2196063e-003
 1.1878069e-003
 1.1532306e-003
 1.1179049e-003
 1.0843474e-003
 1.0548782e-003
 1.0307109e-003
 1.0117138e-003
 9.9725369e-004
 9.8751951e-004
 9.8451180e-004
 9.9171163e-004
 1.0116999e-003
 1.0433078e-003
 1.0813340e-003
 1.1186934e-003
 1.1495395e-003
 1.1709612e-003
 1.1832704e-003
 1.1908127e-003
 1.2008803e-003
 1.2200411e-003
 1.2512091e-003
 1.2920942e-003
 1.3354413e-003
 1.3712695e-003
 1.3901767e-003
 1.3865349e-003
 1.3603179e-003
 1.3167157e-003
 1.2637656e-003
 1.2092779e-003
 1.1585373e-003
 1.1136907e-003
 1.0745787e-003
 1.0401192e-003
 1.0092777e-003
 9.8136510e-004
 9.5624285e-004
 9.3512237e-004
 9.2192547e-004
 9.2364813e-004
 9.4682036e-004
 9.9371409e-004
 1.0606038e-003
 1.1270228e-003
 1.1759493e-003
 1.2040160e-003
 1.2094674e-003
 1.1986580e-003
 1.1883102e-003
 1.1874472e-003
 1.1942108e-003
 1.2007197e-003
 1.1974385e-003
 1.1787375e-003
 1.1465736e-003
 1.1094398e-003
 1.0780825e-003
 1.0603864e-003
 1.0573900e-003
 1.0624496e-003
 1.0645264e-003
 1.0541744e-003
 1.0287573e-003
 9.9358556e-004
 9.5825345e-004
 9.3074347e-004
 9.1345492e-004
 9.0354681e-004
 8.9650386e-004
 8.8952796e-004
 8.8222534e-004
 8.7496603e-004
 8.6738798e-004
 8.5899449e-004
 8.5139723e-004
 8.4990961e-004
 8.6259953e-004
 8.9707295e-004
 9.5680112e-004
 1.0385381e-003
 1.1320510e-003
 1.2226471e-003
 1.2957401e-003
 1.3419557e-003
 1.3607375e-003
 1.3602194e-003
 1.3536217e-003
 1.3540335e-003
 1.3691635e-003
 1.3987795e-003
 1.4352301e-003
 1.4658816e-003
 1.4784974e-003
 1.4691098e-003
 1.4467193e-003
 1.4281591e-003
 1.4244035e-003
 1.4297400e-003
 1.4250234e-003
 1.3936629e-003
 1.3365579e-003
 1.2728057e-003
 1.2259969e-003
 1.2084058e-003
 1.2155835e-003
 1.2332600e-003
 1.2482356e-003
 1.2544483e-003
 1.2524787e-003
 1.2463363e-003
 1.2406390e-003
 1.2383710e-003
 1.2393120e-003
 1.2405235e-003
 1.2390070e-003
 1.2339404e-003
 1.2262911e-003
 1.2172190e-003
 1.2082589e-003
 1.2028497e-003
 1.2051143e-003
 1.2146239e-003
 1.2229104e-003
 1.2184004e-003
 1.1975163e-003
 1.1712805e-003
 1.1596481e-003
 1.1768326e-003
 1.2188755e-003
 1.2636572e-003
 1.2850225e-003
 1.2711399e-003
 1.2319853e-003
 1.1900663e-003
 1.1650763e-003
 1.1667672e-003
 1.1968084e-003
 1.2510988e-003
 1.3209672e-003
 1.3972364e-003
 1.4733978e-003
 1.5412002e-003
 1.5854730e-003
 1.5908133e-003
 1.5553853e-003
 1.4930478e-003
 1.4201939e-003
 1.3452328e-003
 1.2734996e-003
 1.2169625e-003
 1.1912396e-003
 1.2010519e-003
 1.2335652e-003
 1.2706819e-003
 1.3054307e-003
 1.3413649e-003
 1.3780680e-003
 1.4044079e-003
 1.4074646e-003
 1.3835136e-003
 1.3398331e-003
 1.2913692e-003
 1.2581601e-003
 1.2596344e-003
 1.3011874e-003
 1.3620418e-003
 1.4025477e-003
 1.3932080e-003
 1.3393661e-003
 1.2748321e-003
 1.2327512e-003
 1.2248463e-003
 1.2408204e-003
 1.2563899e-003
 1.2445825e-003
 1.1931888e-003
 1.1167867e-003
 1.0460755e-003
 1.0030868e-003
 9.8967983e-004
 9.9711132e-004
 1.0183923e-003
 1.0500691e-003
 1.0886479e-003
 1.1297812e-003
 1.1699832e-003
 1.2077919e-003
 1.2430500e-003
 1.2739198e-003
 1.2948858e-003
 1.3027216e-003
 1.3074325e-003
 1.3282201e-003
 1.3671530e-003
 1.3933664e-003
 1.3703879e-003
 1.2990260e-003
 1.2199456e-003
 1.1750314e-003
 1.1767788e-003
 1.2084818e-003
 1.2379212e-003
 1.2345760e-003
 1.1926930e-003
 1.1418207e-003
 1.1221498e-003
 1.1449632e-003
 1.1846001e-003
 1.2106400e-003
 1.2221275e-003
 1.2482600e-003
 1.3166477e-003
 1.4208760e-003
 1.5197363e-003
 1.5713336e-003
 1.5722078e-003
 1.5628198e-003
 1.5890491e-003
 1.6572950e-003
 1.7312061e-003
 1.7691983e-003
 1.7585912e-003
 1.7152184e-003
 1.6586899e-003
 1.5966962e-003
 1.5350352e-003
 1.4886049e-003
 1.4661663e-003
 1.4535241e-003
 1.4333357e-003
 1.4139065e-003
 1.4145308e-003
 1.4298371e-003
 1.4405341e-003
 1.4517662e-003
 1.4824925e-003
 1.5123236e-003
 1.4752413e-003
 1.3451102e-003
 1.1951789e-003
 1.1192107e-003
 1.1274404e-003
 1.1688428e-003
 1.2106054e-003
 1.2475481e-003
 1.2697240e-003
 1.2654464e-003
 1.2443817e-003
 1.2288056e-003
 1.2250305e-003
 1.2197306e-003
 1.2020979e-003
 1.1814110e-003
 1.1784713e-003
 1.1972332e-003
 1.2207543e-003
 1.2458952e-003
 1.2906241e-003
 1.3587688e-003
 1.4371867e-003
 1.5074237e-003
 1.5222703e-003
 1.4357859e-003
 1.2859359e-003
 1.1802233e-003
 1.1836021e-003
 1.2725319e-003
 1.3876510e-003
 1.4750044e-003
 1.4949244e-003
 1.4401103e-003
 1.3559356e-003
 1.3241866e-003
 1.3954805e-003
 1.5270942e-003
 1.6221298e-003
 1.6449564e-003
 1.6508506e-003
 1.6852712e-003
 1.7111851e-003
 1.6647539e-003
 1.5496342e-003
 1.4522672e-003
 1.4595393e-003
 1.5617083e-003
 1.6599334e-003
 1.6774476e-003
 1.6285387e-003
 1.5742324e-003
 1.5548777e-003
 1.5763959e-003
 1.6242776e-003
 1.6723152e-003
 1.6978550e-003
 1.7042462e-003
 1.7173617e-003
 1.7527505e-003
 1.7988664e-003
 1.8348132e-003
 1.8470671e-003
 1.8243014e-003
 1.7550786e-003
 1.6439535e-003
 1.5231485e-003
 1.4316211e-003
 1.3834197e-003
 1.3655986e-003
 1.3611151e-003
 1.3655265e-003
 1.3856614e-003
 1.4278016e-003
 1.4882188e-003
 1.5530430e-003
 1.6038291e-003
 1.6232382e-003
 1.6013784e-003
 1.5447176e-003
 1.4803546e-003
 1.4439001e-003
 1.4540461e-003
 1.4962113e-003
 1.5352273e-003
 1.5488549e-003
 1.5496732e-003
 1.5702676e-003
 1.6225122e-003
 1.6720028e-003
 1.6612731e-003
 1.5699797e-003
 1.4529497e-003
 1.4039086e-003
 1.4696277e-003
 1.5979270e-003
 1.6779182e-003
 1.6440358e-003
 1.5425800e-003
 1.4771301e-003
 1.4636419e-003
 1.4457456e-003
 1.4005022e-003
 1.3718084e-003
 1.4309963e-003
 1.5880238e-003
 1.7584666e-003
 1.8512565e-003
 1.8594130e-003
 1.8368703e-003
 1.8277070e-003
 1.8380595e-003
 1.8507611e-003
 1.8552428e-003
 1.8577246e-003
 1.8562622e-003
 1.8306322e-003
 1.7825892e-003
 1.7561686e-003
 1.7809707e-003
 1.8266467e-003
 1.8496814e-003
 1.8503218e-003
 1.8532038e-003
 1.8652802e-003
 1.8773625e-003
 1.8842859e-003
 1.8863253e-003
 1.8827516e-003
 1.8749726e-003
 1.8695892e-003
 1.8705897e-003
 1.8735843e-003
 1.8738490e-003
 1.8737924e-003
 1.8765319e-003
 1.8793531e-003
 1.8796014e-003
 1.8778577e-003
 1.8666893e-003
 1.8267942e-003
 1.7497344e-003
 1.6580857e-003
 1.5865737e-003
 1.5649886e-003
 1.6063421e-003
 1.6847459e-003
 1.7459887e-003
 1.7674322e-003
 1.7784373e-003
 1.8090943e-003
 1.8523060e-003
 1.8691137e-003
 1.8249997e-003
 1.7330049e-003
 1.6536640e-003
 1.6444813e-003
 1.7097348e-003
 1.8015939e-003
 1.8670872e-003
 1.8889790e-003
 1.8866665e-003
 1.8857776e-003
 1.8940123e-003
 1.9007220e-003
 1.8947291e-003
 1.8806393e-003
 1.8780996e-003
 1.8994868e-003
 1.9215451e-003
 1.8935289e-003
 1.7816004e-003
 1.6049793e-003
 1.4441099e-003
 1.4110011e-003
 1.5246363e-003
 1.7285193e-003
 1.8790249e-003
 1.8736059e-003
 1.7449716e-003
 1.5801343e-003
 1.4662461e-003
 1.4761738e-003
 1.5886968e-003
 1.7447027e-003
 1.8849879e-003
 1.9587921e-003
 1.9713663e-003
 1.9505749e-003
 1.9243429e-003
 1.9164139e-003
 1.9228015e-003
 1.9282765e-003
 1.9175744e-003
 1.8779974e-003
 1.8138440e-003
 1.7228868e-003
 1.6439334e-003
 1.5757596e-003
 1.5236480e-003
 1.4872027e-003
 1.4657595e-003
 1.4586683e-003
 1.4650964e-003
 1.4802747e-003
 1.4955150e-003
 1.5019678e-003
 1.4907797e-003
 1.4535271e-003
 1.3914994e-003
 1.3155307e-003
 1.2368922e-003
 1.1668196e-003
 1.1161953e-003
 1.0872710e-003
 1.0738850e-003
 1.0695106e-003
 1.0676265e-003
 1.0617102e-003
 1.0469134e-003
 1.0248962e-003
 9.9888712e-004
 9.7212626e-004
 9.4784098e-004
 9.2927064e-004
 9.1933546e-004
 9.1977237e-004
 9.3202951e-004
 9.5755240e-004
 9.9779526e-004
 1.0541969e-003
 1.1282089e-003
 1.2202688e-003
 1.3268805e-003
 1.4436661e-003
 1.5661953e-003
 1.6900938e-003
 1.8109294e-003
 1.9243279e-003
 2.0258599e-003
 2.1119972e-003
 2.1823819e-003
 2.2374478e-003
 2.2775994e-003
 2.3032650e-003
 2.3148553e-003
 2.3127927e-003
 2.2974925e-003
 2.2697891e-003
 2.2320515e-003
 2.1870218e-003
 2.1374233e-003
 2.0860019e-003
 2.0354793e-003
 1.9886012e-003
 1.9480909e-003
 1.9160365e-003
 1.8920965e-003
 1.8753854e-003
 1.8650098e-003
 1.8600787e-003
 1.8597025e-003
 1.8629903e-003
 1.8690508e-003
 1.8769946e-003
 1.8859291e-003
 1.8949657e-003
 1.9032115e-003
 1.9099622e-003
 1.9151792e-003
 1.9189783e-003
 1.9214728e-003
 1.9227781e-003
 1.9230088e-003
 1.9222789e-003
 1.9207033e-003
 1.9183967e-003
 1.9154728e-003
 1.9120474e-003
 1.9082339e-003
 1.9041478e-003
 1.8999040e-003
 1.8956187e-003
 1.8914068e-003
 1.8873846e-003
 1.8836670e-003
 1.8803701e-003
 1.8776091e-003
 1.8755002e-003
 1.8741582e-003
 1.8736989e-003
 1.8741764e-003
 1.8754283e-003
 1.8772432e-003
 1.8794112e-003
 1.8817217e-003
 1.8839646e-003
 1.8859289e-003
 1.8874048e-003
 1.8881814e-003
 1.8880486e-003
 1.8868725e-003
 1.8847852e-003
 1.8819759e-003
 1.8786354e-003
 1.8749521e-003
 1.8711168e-003
 1.8673181e-003
 1.8637464e-003
 1.8605909e-003
 1.8580419e-003
 1.8562198e-003
 1.8550120e-003
 1.8542549e-003
 1.8537858e-003
 1.8534410e-003
 1.8530578e-003
 1.8524727e-003
 1.8515226e-003
 1.8500445e-003
 1.8478752e-003
 1.8449588e-003
 1.8416019e-003
 1.8381873e-003
 1.8350973e-003
 1.8327157e-003
 1.8314243e-003
 1.8316066e-003
 1.8336449e-003
 1.8379217e-003
 1.8443565e-003
 1.8513270e-003
 1.8568876e-003
 1.8590947e-003
 1.8560039e-003
 1.8456696e-003
 1.8261503e-003
 1.7954969e-003
 1.7529508e-003
 1.7016167e-003
 1.6454201e-003
 1.5882613e-003
 1.5340670e-003
 1.4867382e-003
 1.4501992e-003
 1.4283563e-003
 1.4237473e-003
 1.4344277e-003
 1.4575421e-003
 1.4902272e-003
 1.5296326e-003
 1.5728913e-003
 1.6171554e-003
 1.6595571e-003
 1.6978782e-003
 1.7319124e-003
 1.7618797e-003
 1.7857585e-003
 1.8077480e-003
 1.8265947e-003
 1.8423607e-003
 1.8552017e-003
 1.8652194e-003
 1.8724994e-003
 1.8771291e-003
 1.8792134e-003
 1.8789239e-003
 1.8765884e-003
 1.8727432e-003
 1.8680621e-003
 1.8632605e-003
 1.8589991e-003
 1.8557281e-003
 1.8535017e-003
 1.8519178e-003
 1.8502352e-003
 1.8475711e-003
 1.8431189e-003
 1.8364195e-003
 1.8276455e-003
 1.8177025e-003
 1.8080593e-003
 1.8004234e-003
 1.7963751e-003
 1.7969469e-003
 1.8022435e-003
 1.8113228e-003
 1.8224227e-003
 1.8333959e-003
 1.8422074e-003
 1.8474415e-003
 1.8487070e-003
 1.8467564e-003
 1.8432428e-003
 1.8402067e-003
 1.8394188e-003
 1.8416744e-003
 1.8300177e-003
 1.8217718e-003
 1.8101368e-003
 1.7948061e-003
 1.7758455e-003
 1.7538205e-003
 1.7298314e-003
 1.7054669e-003
 1.6827041e-003
 1.6636495e-003
 1.6502427e-003
 1.6439159e-003
 1.6453109e-003
 1.6541365e-003
 1.6692762e-003
 1.6890370e-003
 1.7114332e-003
 1.7345002e-003
 1.7565198e-003
 1.7761936e-003
 1.7927154e-003
 1.8057363e-003
 1.8153103e-003
 1.8217805e-003
 1.8256664e-003
 1.8275833e-003
 1.8281617e-003
 1.8279618e-003
 1.8274051e-003
 1.8267379e-003
 1.8260346e-003
 1.8252395e-003
 1.8242280e-003
 1.8228687e-003
 1.8210724e-003
 1.8188161e-003
 1.8161429e-003
 1.8131293e-003
 1.8098325e-003
 1.8062276e-003
 1.8021517e-003
 1.7972827e-003
 1.7911621e-003
 1.7832702e-003
 1.7731587e-003
 1.7605990e-003
 1.7457405e-003
 1.7292099e-003
 1.7121206e-003
 1.6959948e-003
 1.6825497e-003
 1.6734404e-003
 1.6699594e-003
 1.6727919e-003
 1.6818749e-003
 1.6963944e-003
 1.7149166e-003
 1.7356315e-003
 1.7566589e-003
 1.7763103e-003
 1.7933160e-003
 1.8069057e-003
 1.8167978e-003
 1.8230841e-003
 1.8260498e-003
 1.8259985e-003
 1.8231131e-003
 1.8173940e-003
 1.8086883e-003
 1.7968082e-003
 1.7817024e-003
 1.7636288e-003
 1.7433056e-003
 1.7219417e-003
 1.7011818e-003
 1.6829069e-003
 1.6689480e-003
 1.6607835e-003
 1.6592467e-003
 1.6643507e-003
 1.6752445e-003
 1.6903389e-003
 1.7075510e-003
 1.7246573e-003
 1.7396394e-003
 1.7510011e-003
 1.7579766e-003
 1.7605892e-003
 1.7595814e-003
 1.7562128e-003
 1.7519828e-003
 1.7483265e-003
 1.7463532e-003
 1.7466674e-003
 1.7493115e-003
 1.7538310e-003
 1.7594446e-003
 1.7652625e-003
 1.7705099e-003
 1.7746957e-003
 1.7776858e-003
 1.7796843e-003
 1.7811249e-003
 1.7825196e-003
 1.7843059e-003
 1.7867291e-003
 1.7897941e-003
 1.7932814e-003
 1.7968238e-003
 1.8000135e-003
 1.8025071e-003
 1.8041107e-003
 1.8048161e-003
 1.8047929e-003
 1.8043356e-003
 1.8037832e-003
 1.8034317e-003
 1.8034590e-003
 1.8038818e-003
 1.8045525e-003
 1.8051965e-003
 1.8054831e-003
 1.8051093e-003
 1.8038789e-003
 1.8017550e-003
 1.7988761e-003
 1.7955297e-003
 1.7920902e-003
 1.7889395e-003
 1.7863816e-003
 1.7845804e-003
 1.7835235e-003
 1.7830259e-003
 1.7827697e-003
 1.7823677e-003
 1.7814379e-003
 1.7796690e-003
 1.7768592e-003
 1.7729239e-003
 1.7678646e-003
 1.7617131e-003
 1.7544763e-003
 1.7460935e-003
 1.7364452e-003
 1.7254093e-003
 1.7129577e-003
 1.6992886e-003
 1.6849174e-003
 1.6707316e-003
 1.6579388e-003
 1.6479207e-003
 1.6420245e-003
 1.6413071e-003
 1.6463248e-003
 1.6569938e-003
 1.6725848e-003
 1.6918231e-003
 1.7131106e-003
 1.7347665e-003
 1.7552807e-003
 1.7735069e-003
 1.7887432e-003
 1.8007506e-003
 1.8096660e-003
 1.8158893e-003
 1.8199540e-003
 1.8224122e-003
 1.8237596e-003
 1.8243960e-003
 1.8246170e-003
 1.8246275e-003
 1.8245634e-003
 1.8245125e-003
 1.8245326e-003
 1.8246621e-003
 1.8249264e-003
 1.8253406e-003
 1.8259097e-003
 1.8266266e-003
 1.8274672e-003
 1.8283862e-003
 1.8293120e-003
 1.8301456e-003
 1.8307666e-003
 1.8310436e-003
 1.8308522e-003
 1.8300929e-003
 1.8287051e-003
 1.8266698e-003
 1.8239992e-003
 1.8207113e-003
 1.8167949e-003
 1.8121783e-003
 1.8067058e-003
 1.8001429e-003
 1.7922064e-003
 1.7826209e-003
 1.7712060e-003
 1.7579530e-003
 1.7431042e-003
 1.7271873e-003
 1.7109949e-003
 1.6955236e-003
 1.6818302e-003
 1.6708755e-003
 1.6633405e-003
 1.6594770e-003
 1.6590351e-003
 1.6612801e-003
 1.6651207e-003
 1.6693231e-003
 1.6727683e-003
 1.6746818e-003
 1.6747813e-003
 1.6732904e-003
 1.6708149e-003
 1.6681148e-003
 1.6658437e-003
 1.6643350e-003
 1.6635092e-003
 1.6629316e-003
 1.6620053e-003
 1.6602328e-003
 1.6574598e-003
 1.6540112e-003
 1.6506759e-003
 1.6485308e-003
 1.6486666e-003
 1.6518922e-003
 1.6585171e-003
 1.6682660e-003
 1.6803623e-003
 1.6937235e-003
 1.7072256e-003
 1.7199445e-003
 1.7312896e-003
 1.7410305e-003
 1.7491872e-003
 1.7558584e-003
 1.7610376e-003
 1.7644769e-003
 1.7656570e-003
 1.7638671e-003
 1.7583809e-003
 1.7486840e-003
 1.7347060e-003
 1.7169870e-003
 1.6967290e-003
 1.6757386e-003
 1.6562047e-003
 1.6404103e-003
 1.6303714e-003
 1.6275038e-003
 1.6323858e-003
 1.6446534e-003
 1.6630581e-003
 1.6856762e-003
 1.7102378e-003
 1.7344651e-003
 1.7564204e-003
 1.7747193e-003
 1.7886481e-003
 1.7981386e-003
 1.8036205e-003
 1.8058220e-003
 1.8055473e-003
 1.8034854e-003
 1.8000923e-003
 1.7955605e-003
 1.7898754e-003
 1.7829344e-003
 1.7747043e-003
 1.7653564e-003
 1.7553620e-003
 1.7454987e-003
 1.7367643e-003
 1.7302221e-003
 1.7267825e-003
 1.7269950e-003
 1.7308746e-003
 1.7378251e-003
 1.7466652e-003
 1.7557841e-003
 1.7633798e-003
 1.7677642e-003
 1.7676671e-003
 1.7624770e-003
 1.7523714e-003
 1.7383047e-003
 1.7218386e-003
 1.7048405e-003
 1.6891368e-003
 1.6761613e-003
 1.6666995e-003
 1.6608030e-003
 1.6578592e-003
 1.6568275e-003
 1.6565529e-003
 1.6560814e-003
 1.6548884e-003
 1.6529638e-003
 1.6507431e-003
 1.6489143e-003
 1.6481662e-003
 1.6489560e-003
 1.6513574e-003
 1.6550232e-003
 1.6592589e-003
 1.6631781e-003
 1.6658826e-003
 1.6666302e-003
 1.6649456e-003
 1.6606768e-003
 1.6539885e-003
 1.6453287e-003
 1.6353758e-003
 1.6249778e-003
 1.6151052e-003
 1.6067806e-003
 1.6010107e-003
 1.5986895e-003
 1.6004961e-003
 1.6067971e-003
 1.6175780e-003
 1.6324149e-003
 1.6505094e-003
 1.6707889e-003
 1.6920222e-003
 1.7129893e-003
 1.7326003e-003
 1.7500074e-003
 1.7646679e-003
 1.7763388e-003
 1.7850621e-003
 1.7911029e-003
 1.7948940e-003
 1.7969772e-003
 1.7979477e-003
 1.7984068e-003
 1.7989147e-003
 1.7999432e-003
 1.8018307e-003
 1.8047473e-003
 1.8086758e-003
 1.8134216e-003
 1.8186461e-003
 1.8239320e-003
 1.8288573e-003
 1.8330736e-003
 1.8363697e-003
 1.8387027e-003
 1.8402009e-003
 1.8411280e-003
 1.8418274e-003
 1.8426500e-003
 1.8438848e-003
 1.8457043e-003
 1.8481315e-003
 1.8510356e-003
 1.8541565e-003
 1.8571486e-003
 1.8596447e-003
 1.8613193e-003
 1.8619512e-003
 1.8614670e-003
 1.8599639e-003
 1.8577040e-003
 1.8550807e-003
 1.8525645e-003
 1.8506290e-003
 1.8496772e-003
 1.8499739e-003
 1.8516007e-003
 1.8544407e-003
 1.8582010e-003
 1.8624635e-003
 1.8667617e-003
 1.8706658e-003
 1.8738542e-003
 1.8761664e-003
 1.8776159e-003
 1.8783720e-003
 1.8787101e-003
 1.8789452e-003
 1.8793651e-003
 1.8801759e-003
 1.8814710e-003
 1.8832274e-003
 1.8853244e-003
 1.8875826e-003
 1.8898096e-003
 1.8918392e-003
 1.8935626e-003
 1.8949381e-003
 1.8959829e-003
 1.8967503e-003
 1.8972947e-003
 1.8976404e-003
 1.8977585e-003
 1.8975615e-003
 1.8969170e-003
 1.8956789e-003
 1.8937259e-003
 1.8910017e-003
 1.8875407e-003
 1.8834734e-003
 1.8790117e-003
 1.8744067e-003
 1.8698998e-003
 1.8656671e-003
 1.8617738e-003
 1.8581579e-003
 1.8546359e-003
 1.8509486e-003
 1.8468285e-003
 1.8420813e-003
 1.8366659e-003
 1.8307450e-003
 1.8246919e-003
 1.8190538e-003
 1.8144577e-003
 1.8114963e-003
 1.8106035e-003
 1.8119597e-003
 1.8154479e-003
 1.8206754e-003
 1.8270493e-003
 1.8338953e-003
 1.8405864e-003
 1.8466410e-003
 1.8517862e-003
 1.8559563e-003
 1.8592493e-003
 1.8618515e-003
 1.8639549e-003
 1.8656958e-003
 1.8671219e-003
 1.8681983e-003
 1.8688417e-003
 1.8689701e-003
 1.8685531e-003
 1.8676467e-003
 1.8664076e-003
 1.8650786e-003
 1.8639568e-003
 1.8633455e-003
 1.8635055e-003
 1.8646129e-003
 1.8667361e-003
 1.8698287e-003
 1.8737448e-003
 1.8782698e-003
 1.8831531e-003
 1.8881439e-003
 1.8930122e-003
 1.8975604e-003
 1.9016258e-003
 1.9050715e-003
 1.9077879e-003
 1.9096930e-003
 1.9107487e-003
 1.9109780e-003
 1.9104794e-003
 1.9094305e-003
 1.9080691e-003
 1.9066569e-003
 1.9054260e-003
 1.9045279e-003
 1.9039947e-003
 1.9037285e-003
 1.9035239e-003
 1.9031190e-003
 1.9022608e-003
 1.9007686e-003
 1.8985755e-003
 1.8957416e-003
 1.8924339e-003
 1.8888878e-003
 1.8853623e-003
 1.8821034e-003
 1.8793343e-003
 1.8772607e-003
 1.8760941e-003
 1.8760687e-003
 1.8774426e-003
 1.8804721e-003
 1.8853606e-003
 1.8921891e-003
 1.9008518e-003
 1.9110177e-003
 1.9221209e-003
 1.9334045e-003
 1.9440074e-003
 1.9530646e-003
 1.9598333e-003
 1.9637886e-003
 1.9646976e-003
 1.9626468e-003
 1.9580221e-003
 1.9514431e-003
 1.9436730e-003
 1.9355075e-003
 1.9276653e-003
 1.9207083e-003
 1.9149820e-003
 1.9106073e-003
 1.9075038e-003
 1.9054476e-003
 1.9041507e-003
 1.9033396e-003
 1.9028251e-003
 1.9025414e-003
 1.9025545e-003
 1.9030340e-003
 1.9041987e-003
 1.9062444e-003
 1.9092668e-003
 1.9132001e-003
 1.9177850e-003
 1.9225869e-003
 1.9270721e-003
 1.9306936e-003
 1.9329825e-003
 1.9336060e-003
 1.9323927e-003
 1.9293582e-003
 1.9247164e-003
 1.9188458e-003
 1.9122321e-003
 1.9053824e-003
 1.8987339e-003
 1.8925996e-003
 1.8871401e-003
 1.8823885e-003
 1.8782950e-003
 1.8747840e-003
 1.8718048e-003
 1.8693458e-003
 1.8674314e-003
 1.8661029e-003
 1.8653991e-003
 1.8653431e-003
 1.8659305e-003
 1.8671306e-003
 1.8688923e-003
 1.8711562e-003
 1.8738630e-003
 1.8769614e-003
 1.8804068e-003
 1.8841522e-003
 1.8881391e-003
 1.8922810e-003
 1.8964558e-003
 1.9005057e-003
 1.9042430e-003
 1.9074662e-003
 1.9099750e-003
 1.9115896e-003
 1.9121637e-003
 1.9115922e-003
 1.9098301e-003
 1.9069039e-003
 1.9029183e-003
 1.8980545e-003
 1.8925667e-003
 1.8867663e-003
 1.8809953e-003
 1.8756031e-003
 1.8709076e-003
 1.8671675e-003
 1.8645482e-003
 1.8630989e-003
 1.8627556e-003
 1.8633585e-003
 1.8646797e-003
 1.8664551e-003
 1.8684169e-003
 1.8703201e-003
 1.8719608e-003
 1.8731884e-003
 1.8739132e-003
 1.8741097e-003
 1.8738140e-003
 1.8731180e-003
 1.8721607e-003
 1.8711166e-003
 1.8701807e-003
 1.8695528e-003
 1.8694183e-003
 1.8699307e-003
 1.8711912e-003
 1.8732332e-003
 1.8760057e-003
 1.8793611e-003
 1.8830482e-003
 1.8867061e-003
 1.8898702e-003
 1.8919831e-003
 1.8924245e-003
 1.8905557e-003
 1.8857853e-003
 1.8776505e-003
 1.8659140e-003
 1.8506539e-003
 1.8323270e-003
 1.8118101e-003
 1.7903520e-003
 1.7694915e-003
 1.7508836e-003
 1.7360785e-003
 1.7263028e-003
 1.7222333e-003
 1.7238595e-003
 1.7304275e-003
 1.7405153e-003
 1.7522151e-003
 1.7634138e-003
 1.7721247e-003
 1.7767968e-003
 1.7765736e-003
 1.7714280e-003
 1.7621666e-003
 1.7502867e-003
 1.7377343e-003
 1.7265789e-003
 1.7186997e-003
 1.7155037e-003
 1.7177450e-003
 1.7254619e-003
 1.7380361e-003
 1.7543428e-003
 1.7729702e-003
 1.7924636e-003
 1.8115214e-003
 1.8291679e-003
 1.8448166e-003
 1.8582797e-003
 1.8697098e-003
 1.8794833e-003
 1.8880832e-003
 1.8959848e-003
 1.9035599e-003
 1.9110319e-003
 1.9184570e-003
 1.9257462e-003
 1.9327109e-003
 1.9391079e-003
 1.9446962e-003
 1.9492698e-003
 1.9526850e-003
 1.9548703e-003
 1.9558182e-003
 1.9555718e-003
 1.9542030e-003
 1.9517946e-003
 1.9484252e-003
 1.9441614e-003
 1.9390527e-003
 1.9331417e-003
 1.9264716e-003
 1.9190935e-003
 1.9110820e-003
 1.9025324e-003
 1.8935795e-003
 1.8843989e-003
 1.8752073e-003
 1.8662686e-003
 1.8578881e-003
 1.8504037e-003
 1.8441820e-003
 1.8395955e-003
 1.8370078e-003
 1.8367419e-003
 1.8390453e-003
 1.8440507e-003
 1.8517406e-003
 1.8619129e-003
 1.8741771e-003
 1.8879917e-003
 1.9026989e-003
 1.9175974e-003
 1.9319961e-003
 1.9452804e-003
 1.9569653e-003
 1.9667118e-003
 1.9743466e-003
 1.9798528e-003
 1.9833548e-003
 1.9850861e-003
 1.9853462e-003
 1.9844631e-003
 1.9827564e-003
 1.9805096e-003
 1.9779520e-003
 1.9752525e-003
 1.9725200e-003
 1.9698096e-003
 1.9671344e-003
 1.9644727e-003
 1.9617800e-003
 1.9589961e-003
 1.9560507e-003
 1.9528740e-003
 1.9494011e-003
 1.9455838e-003
 1.9413992e-003
 1.9368567e-003
 1.9320098e-003
 1.9269558e-003
 1.9218383e-003
 1.9168395e-003
 1.9121661e-003
 1.9080364e-003
 1.9046584e-003
 1.9022108e-003
 1.9008282e-003
 1.9005887e-003
 1.9015103e-003
 1.9035528e-003
 1.9066292e-003
 1.9106178e-003
 1.9153825e-003
 1.9207860e-003
 1.9267052e-003
 1.9330428e-003
 1.9397242e-003
 1.9467006e-003
 1.9539327e-003
 1.9613774e-003
 1.9689735e-003
 1.9766176e-003
 1.9841569e-003
 1.9913763e-003
 1.9980059e-003
 2.0037373e-003
 2.0082472e-003
 2.0112393e-003
 2.0124838e-003
 2.0118635e-003
 2.0094072e-003
 2.0053112e-003
 1.9999396e-003
 1.9937954e-003
 1.9874792e-003
 1.9816149e-003
 1.9767787e-003
 1.9734192e-003
 1.9717917e-003
 1.9719207e-003
 1.9735862e-003
 1.9763510e-003
 1.9796162e-003
 1.9827066e-003
 1.9849632e-003
 1.9858435e-003
 1.9849997e-003
 1.9823362e-003
 1.9780244e-003
 1.9724884e-003
 1.9663447e-003
 1.9603227e-003
 1.9551669e-003
 1.9515342e-003
 1.9499144e-003
 1.9505672e-003
 1.9534971e-003
 1.9584633e-003
 1.9650222e-003
 1.9725880e-003
 1.9805080e-003
 1.9881402e-003
 1.9949123e-003
 2.0003750e-003
 2.0042241e-003
 2.0063161e-003
 2.0066644e-003
 2.0054220e-003
 2.0028595e-003
 1.9993421e-003
 1.9953062e-003
 1.9912345e-003
 1.9876268e-003
 1.9849674e-003
 1.9837010e-003
 1.9842016e-003
 1.9867481e-003
 1.9914992e-003
 1.9984809e-003
 2.0075864e-003
 2.0185679e-003
 2.0310229e-003
 2.0443916e-003
 2.0579800e-003
 2.0709988e-003
 2.0825998e-003
 2.0919424e-003
 2.0982453e-003
 2.1008449e-003
 2.0992199e-003
 2.0929994e-003
 2.0880469e-003
 2.0719906e-003
 2.0508769e-003
 2.0248217e-003
 1.9941626e-003
 1.9595472e-003
 1.9220153e-003
 1.8829420e-003
 1.8439182e-003
 1.8066656e-003
 1.7729060e-003
 1.7443141e-003
 1.7223987e-003
 1.7083491e-003
 1.7028818e-003
 1.7061206e-003
 1.7175684e-003
 1.7361465e-003
 1.7603498e-003
 1.7884013e-003
 1.8183951e-003
 1.8484184e-003
 1.8766273e-003
 1.9014041e-003
 1.9214913e-003
 1.9361519e-003
 1.9452359e-003
 1.9491125e-003
 1.9485394e-003
 1.9445008e-003
 1.9380869e-003
 1.9304065e-003
 1.9225285e-003
 1.9154062e-003
 1.9098059e-003
 1.9062373e-003
 1.9049259e-003
 1.9058434e-003
 1.9087717e-003
 1.9133813e-003
 1.9192867e-003
 1.9260900e-003
 1.9334015e-003
 1.9408655e-003
 1.9481896e-003
 1.9551597e-003
 1.9616568e-003
 1.9676418e-003
 1.9731363e-003
 1.9782004e-003
 1.9829075e-003
 1.9873376e-003
 1.9915588e-003
 1.9956199e-003
 1.9995330e-003
 2.0032607e-003
 2.0067112e-003
 2.0097436e-003
 2.0121797e-003
 2.0138219e-003
 2.0144638e-003
 2.0139050e-003
 2.0119678e-003
 2.0085245e-003
 2.0035289e-003
 1.9970476e-003
 1.9892720e-003
 1.9805031e-003
 1.9711277e-003
 1.9615770e-003
 1.9523056e-003
 1.9437639e-003
 1.9363685e-003
 1.9304708e-003
 1.9263033e-003
 1.9239440e-003
 1.9232965e-003
 1.9241071e-003
 1.9260069e-003
 1.9285589e-003
 1.9312967e-003
 1.9337548e-003
 1.9355024e-003
 1.9361839e-003
 1.9355724e-003
 1.9336147e-003
 1.9304514e-003
 1.9263957e-003
 1.9218904e-003
 1.9174539e-003
 1.9136356e-003
 1.9109837e-003
 1.9100055e-003
 1.9111197e-003
 1.9145930e-003
 1.9204894e-003
 1.9286431e-003
 1.9386875e-003
 1.9501025e-003
 1.9622773e-003
 1.9745666e-003
 1.9863185e-003
 1.9969216e-003
 2.0058437e-003
 2.0126933e-003
 2.0172710e-003
 2.0195858e-003
 2.0198382e-003
 2.0183676e-003
 2.0155988e-003
 2.0119918e-003
 2.0080146e-003
 2.0041107e-003
 2.0006695e-003
 1.9979856e-003
 1.9962257e-003
 1.9954145e-003
 1.9954490e-003
 1.9961316e-003
 1.9972087e-003
 1.9984012e-003
 1.9994276e-003
 2.0000220e-003
 1.9999605e-003
 1.9990876e-003
 1.9973419e-003
 1.9947656e-003
 1.9914953e-003
 1.9877353e-003
 1.9837334e-003
 1.9797524e-003
 1.9760586e-003
 1.9729016e-003
 1.9704937e-003
 1.9689859e-003
 1.9684448e-003
 1.9688436e-003
 1.9700713e-003
 1.9719552e-003
 1.9742849e-003
 1.9768341e-003
 1.9793757e-003
 1.9816943e-003
 1.9836065e-003
 1.9849793e-003
 1.9857497e-003
 1.9859327e-003
 1.9856135e-003
 1.9849283e-003
 1.9840444e-003
 1.9831425e-003
 1.9824039e-003
 1.9819997e-003
 1.9820752e-003
 1.9827322e-003
 1.9840135e-003
 1.9858973e-003
 1.9883020e-003
 1.9911036e-003
 1.9941519e-003
 1.9972846e-003
 2.0003403e-003
 2.0031652e-003
 2.0056278e-003
 2.0076346e-003
 2.0091410e-003
 2.0101587e-003
 2.0107494e-003
 2.0110118e-003
 2.0110665e-003
 2.0110440e-003
 2.0110742e-003
 2.0112782e-003
 2.0117552e-003
 2.0125692e-003
 2.0137334e-003
 2.0152074e-003
 2.0169017e-003
 2.0186901e-003
 2.0204252e-003
 2.0219502e-003
 2.0231095e-003
 2.0237584e-003
 2.0237772e-003
 2.0230890e-003
 2.0216743e-003
 2.0195772e-003
 2.0168994e-003
 2.0137858e-003
 2.0104048e-003
 2.0069375e-003
 2.0035657e-003
 2.0004604e-003
 1.9977731e-003
 1.9956175e-003
 1.9940592e-003
 1.9931078e-003
 1.9927246e-003
 1.9928336e-003
 1.9933379e-003
 1.9941300e-003
 1.9951011e-003
 1.9961465e-003
 1.9971747e-003
 1.9981151e-003
 1.9989251e-003
 1.9995943e-003
 2.0001407e-003
 2.0006038e-003
 2.0010353e-003
 2.0014916e-003
 2.0020299e-003
 2.0026988e-003
 2.0035326e-003
 2.0045398e-003
 2.0056930e-003
 2.0069261e-003
 2.0081378e-003
 2.0092013e-003
 2.0099741e-003
 2.0103087e-003
 2.0100609e-003
 2.0091028e-003
 2.0073403e-003
 2.0047352e-003
 2.0013284e-003
 1.9972450e-003
 1.9926857e-003
 1.9879118e-003
 1.9832149e-003
 1.9789010e-003
 1.9752728e-003
 1.9726143e-003
 1.9711601e-003
 1.9710658e-003
 1.9723803e-003
 1.9750330e-003
 1.9788470e-003
 1.9835630e-003
 1.9888778e-003
 1.9944664e-003
 2.0000027e-003
 2.0051720e-003
 2.0097005e-003
 2.0133760e-003
 2.0160682e-003
 2.0177427e-003
 2.0184494e-003
 2.0182990e-003
 2.0174410e-003
 2.0160410e-003
 2.0142708e-003
 2.0122956e-003
 2.0102672e-003
 2.0083119e-003
 2.0065238e-003
 2.0049585e-003
 2.0036381e-003
 2.0025610e-003
 2.0017091e-003
 2.0010581e-003
 2.0005815e-003
 2.0002523e-003
 2.0000471e-003
 1.9999463e-003
 1.9999372e-003
 2.0000136e-003
 2.0001761e-003
 2.0004299e-003
 2.0007824e-003
 2.0012427e-003
 2.0018197e-003
 2.0025200e-003
 2.0033468e-003
 2.0042972e-003
 2.0053580e-003
 2.0065079e-003
 2.0077161e-003
 2.0089447e-003
 2.0101529e-003
 2.0112984e-003
 2.0123385e-003
 2.0132342e-003
 2.0139536e-003
 2.0144745e-003
 2.0147904e-003
 2.0149117e-003
 2.0148631e-003
 2.0146805e-003
 2.0144065e-003
 2.0140863e-003
 2.0137657e-003
 2.0134873e-003
 2.0132875e-003
 2.0131934e-003
 2.0132172e-003
 2.0133562e-003
 2.0135934e-003
 2.0139015e-003
 2.0142477e-003
 2.0145958e-003
 2.0149096e-003
 2.0151548e-003
 2.0153024e-003
 2.0153308e-003
 2.0152305e-003
 2.0150028e-003
 2.0146614e-003
 2.0142279e-003
 2.0137280e-003
 2.0131906e-003
 2.0126447e-003
 2.0121185e-003
 2.0116370e-003
 2.0112225e-003
 2.0108905e-003
 2.0106505e-003
 2.0105066e-003
 2.0104586e-003
 2.0105033e-003
 2.0106367e-003
 2.0108523e-003
 2.0111413e-003
 2.0114896e-003
 2.0118735e-003
 2.0122570e-003
 2.0125906e-003
 2.0128123e-003
 2.0128512e-003
 2.0126314e-003
 2.0120754e-003
 2.0111091e-003
 2.0096693e-003
 2.0077138e-003
 2.0052388e-003
 2.0022893e-003
 1.9989642e-003
 1.9954159e-003
 1.9918301e-003
 1.9884142e-003
 1.9853867e-003
 1.9829602e-003
 1.9813301e-003
 1.9806537e-003
 1.9810242e-003
 1.9824465e-003
 1.9848300e-003
 1.9879942e-003
 1.9916962e-003
 1.9956557e-003
 1.9995726e-003
 2.0031512e-003
 2.0061135e-003
 2.0082223e-003
 2.0093140e-003
 2.0093205e-003
 2.0082816e-003
 2.0063345e-003
 2.0036870e-003
 2.0005892e-003
 1.9973118e-003
 1.9941262e-003
 1.9912901e-003
 1.9890314e-003
 1.9875218e-003
 1.9868596e-003
 1.9870624e-003
 1.9880733e-003
 1.9897823e-003
 1.9920464e-003
 1.9947062e-003
 1.9976005e-003
 2.0005740e-003
 2.0034832e-003
 2.0062120e-003
 2.0086777e-003
 2.0108339e-003
 2.0126696e-003
 2.0141983e-003
 2.0154493e-003
 2.0164573e-003
 2.0172615e-003
 2.0179001e-003
 2.0184102e-003
 2.0188258e-003
 2.0191763e-003
 2.0194866e-003
 2.0197777e-003
 2.0200671e-003
 2.0203707e-003
 2.0207032e-003
 2.0210790e-003
 2.0215118e-003
 2.0220149e-003
 2.0226003e-003
 2.0232790e-003
 2.0240596e-003
 2.0249498e-003
 2.0259561e-003
 2.0270851e-003
 2.0283437e-003
 2.0297435e-003
 2.0313079e-003
 2.0330804e-003
 2.0351436e-003
 2.0376297e-003
 2.0407252e-003
 2.0446677e-003
 2.0497332e-003
 2.0562143e-003
 2.0644136e-003
 2.0746228e-003
 2.0871027e-003
 2.1020330e-003
 2.1194816e-003
 2.1393555e-003
 2.1613671e-003
 2.1850795e-003
 2.2099372e-003
 2.2352962e-003
 2.2605015e-003
 2.2848980e-003
 2.3078807e-003
 2.3289297e-003
 2.3477101e-003
 2.3641153e-003
 2.3782805e-003
 2.3905830e-003
 2.4015671e-003
 2.4118715e-003
 2.4221926e-003
 2.4332453e-003
 2.4457392e-003
 2.4603864e-003
 2.4778843e-003
 2.4989201e-003
 2.5241463e-003
 2.5542141e-003
 2.5897659e-003
 2.6314070e-003
 2.6797482e-003
 2.7353598e-003
 2.7986562e-003
 2.8698568e-003
 2.9487796e-003
 3.0347377e-003
 3.1263987e-003
 3.2219652e-003
 3.3192560e-003
 3.4157925e-003
 3.5090756e-003
 3.5966339e-003
 3.6761067e-003
 3.7455768e-003
 3.8037570e-003
 3.8501848e-003
 3.8853998e-003
 3.9107916e-003
 3.9283913e-003
 3.9405981e-003
 3.9499998e-003
 3.9592101e-003
 3.9707469e-003
 3.9869091e-003
 4.0096138e-003
 4.0402371e-003
 4.0795906e-003
 4.1279569e-003
 4.1852477e-003
 4.2510997e-003
 4.3250769e-003
 4.4067129e-003
 4.4954838e-003
 4.5909518e-003
 4.6927407e-003
 4.8004752e-003
 4.9139364e-003
 5.0329864e-003
 5.1574563e-003
 5.2872910e-003
 5.4224138e-003
 5.5627534e-003
 5.7080518e-003
 5.8579710e-003
 6.0118805e-003
 6.1686360e-003
 6.3267574e-003
 6.4843600e-003
 6.6391490e-003
 6.7887683e-003
 6.9307457e-003
 7.0626326e-003
 7.1819494e-003
 7.2864625e-003
 7.3741740e-003
 7.4433675e-003
 7.4927686e-003
 7.5214249e-003
 7.5286198e-003
 7.5138137e-003
 7.4765328e-003
 7.4163983e-003
 7.3331082e-003
 7.2265551e-003
 7.0969090e-003
 6.9448524e-003
 6.7714411e-003
 6.5781279e-003
 6.3668173e-003
 6.1394656e-003
 5.8981092e-003
 5.6450134e-003
 5.3823325e-003
 5.1123751e-003
 4.8375390e-003
 4.5606312e-003
 4.2844987e-003
 4.0122014e-003
 3.7471494e-003
 3.4926410e-003
 3.2519989e-003
 3.0286403e-003
 2.8255749e-003
 2.6453866e-003
 2.4898148e-003
 2.3596126e-003
 2.2542065e-003
 2.1719486e-003
 2.1104380e-003
 2.0667291e-003
 2.0376709e-003
 2.0200845e-003
 2.0108644e-003
 2.0071622e-003
 2.0065585e-003
 2.0072125e-003
 2.0079294e-003
 2.0080956e-003
 2.0075249e-003
 2.0062889e-003
 2.0045813e-003
 2.0026437e-003
 2.0007177e-003
 1.9990206e-003
 1.9977242e-003
 1.9969349e-003
 1.9966874e-003
 1.9969521e-003
 1.9976513e-003
 1.9986772e-003
 1.9999091e-003
 2.0012218e-003
 2.0024960e-003
 2.0036255e-003
 2.0045266e-003
 2.0051484e-003
 2.0054763e-003
 2.0055261e-003
 2.0053368e-003
 2.0049596e-003
 2.0044514e-003
 2.0038693e-003
 2.0032672e-003
 2.0026905e-003
 2.0021726e-003
 2.0017307e-003
 2.0013633e-003
 2.0010513e-003
 2.0007633e-003
 2.0004588e-003
 2.0000930e-003
 1.9996213e-003
 1.9989987e-003
 1.9981812e-003
 1.9971277e-003
 1.9958536e-003
 1.9945772e-003
 1.9925830e-003
 1.9903039e-003
 1.9877581e-003
 1.9849644e-003
 1.9819413e-003
 1.9787087e-003
 1.9752854e-003
 1.9716895e-003
 1.9679407e-003
 1.9640573e-003
 1.9600671e-003
 1.9559993e-003
 1.9518838e-003
 1.9477494e-003
 1.9436276e-003
 1.9395476e-003
 1.9355390e-003
 1.9316309e-003
 1.9278548e-003
 1.9242396e-003
 1.9208153e-003
 1.9176109e-003
 1.9146577e-003
 1.9119820e-003
 1.9095829e-003
 1.9074451e-003
 1.9055530e-003
 1.9038920e-003
 1.9024463e-003
 1.9012002e-003
 1.9001384e-003
 1.8992457e-003
 1.8985064e-003
 1.8979051e-003
 1.8974268e-003
 1.8970555e-003
 1.8967763e-003
 1.8965735e-003
 1.8964317e-003
 1.8963354e-003
 1.8962692e-003
 1.8962190e-003
 1.8961806e-003
 1.8961547e-003
 1.8961431e-003
 1.8961462e-003
 1.8961658e-003
 1.8962024e-003
 1.8962576e-003
 1.8963325e-003
 1.8964281e-003
 1.8965454e-003
 1.8966858e-003
 1.8968504e-003
 1.8970403e-003
 1.8972566e-003
 1.8975004e-003
 1.8977728e-003
 1.8980752e-003
 1.8984084e-003
 1.8987739e-003
 1.8991723e-003
 1.8996053e-003
 1.9000733e-003
 1.9005735e-003
 1.9011010e-003
 1.9016510e-003
 1.9022189e-003
 1.9027999e-003
 1.9033889e-003
 1.9039813e-003
 1.9045724e-003
 1.9051571e-003
 1.9057310e-003
 1.9062891e-003
 1.9068266e-003
 1.9073385e-003
 1.9078205e-003
 1.9082674e-003
 1.9086745e-003
 1.9090371e-003
 1.9093504e-003
 1.9096095e-003
 1.9098095e-003
 1.9099460e-003
 1.9100137e-003
 1.9100084e-003
 1.9099248e-003
 1.9097581e-003
 1.9095043e-003
 1.9091638e-003
 1.9087390e-003
 1.9082326e-003
 1.9076472e-003
 1.9069854e-003
 1.9062498e-003
 1.9054431e-003
 1.9045679e-003
 1.9036266e-003
 1.9026221e-003
 1.9015570e-003
 1.9004338e-003
 1.8992549e-003
 1.8980232e-003
 1.8967412e-003
 1.8954121e-003
 1.8940375e-003
 1.8926202e-003
 1.8911640e-003
 1.8896702e-003
 1.8881419e-003
 1.8865817e-003
 1.8849918e-003
 1.8833756e-003
 1.8817353e-003
 1.8800736e-003
 1.8783924e-003
 1.8766955e-003
 1.8749851e-003
 1.8732639e-003
 1.8715366e-003
 1.8698103e-003
 1.8680907e-003
