s07_ASD Record=8638:  error bars to preceding                
 1.3362466e-003
 1.2858895e-003
 1.2503945e-003
 1.2277032e-003
 1.2136127e-003
 1.2034317e-003
 1.1938273e-003
 1.1837810e-003
 1.1745361e-003
 1.1687457e-003
 1.1692500e-003
 1.1780384e-003
 1.1956826e-003
 1.2209468e-003
 1.2504132e-003
 1.2789527e-003
 1.3011056e-003
 1.3124143e-003
 1.3100163e-003
 1.2926091e-003
 1.2601818e-003
 1.2138786e-003
 1.1562878e-003
 1.0920599e-003
 1.0285088e-003
 9.7597775e-004
 9.4650558e-004
 9.4957976e-004
 9.8722801e-004
 1.0528528e-003
 1.1332806e-003
 1.2133818e-003
 1.2798104e-003
 1.3218619e-003
 1.3336244e-003
 1.3171000e-003
 1.2805103e-003
 1.2349493e-003
 1.1917672e-003
 1.1600894e-003
 1.1447081e-003
 1.1447613e-003
 1.1537150e-003
 1.1613519e-003
 1.1575870e-003
 1.1366300e-003
 1.0994530e-003
 1.0532328e-003
 1.0080544e-003
 9.7254151e-004
 9.5059781e-004
 9.4066310e-004
 9.3748752e-004
 9.3528198e-004
 9.3051110e-004
 9.2315330e-004
 9.1661612e-004
 9.1604475e-004
 9.2634768e-004
 9.5371663e-004
 1.0015180e-003
 1.0634989e-003
 1.1350145e-003
 1.2120451e-003
 1.2846795e-003
 1.3374146e-003
 1.3583167e-003
 1.3430564e-003
 1.2946624e-003
 1.2246845e-003
 1.1498834e-003
 1.0855125e-003
 1.0401823e-003
 1.0152969e-003
 1.0075109e-003
 1.0116897e-003
 1.0228795e-003
 1.0367247e-003
 1.0488685e-003
 1.0543101e-003
 1.0475465e-003
 1.0238674e-003
 9.8156359e-004
 9.2411018e-004
 8.6082157e-004
 8.0483145e-004
 7.6892530e-004
 7.6219544e-004
 7.9143391e-004
 8.6797070e-004
 1.0141110e-003
 1.2586889e-003
 1.6157799e-003
 2.0562185e-003
 2.4940646e-003
 2.8063827e-003
 2.8873100e-003
 2.7087140e-003
 2.3396132e-003
 1.9035557e-003
 1.5124705e-003
 1.2244319e-003
 1.0448085e-003
 9.5252023e-004
 9.2363177e-004
 9.3925471e-004
 9.8002458e-004
 1.0210157e-003
 1.0375053e-003
 1.0172977e-003
 9.6722844e-004
 9.0762862e-004
 8.5968053e-004
 8.3490013e-004
 8.3224452e-004
 8.4254990e-004
 8.5630902e-004
 8.7010470e-004
 8.8858383e-004
 9.2148298e-004
 9.7677391e-004
 1.0521598e-003
 1.1300431e-003
 1.1828343e-003
 1.1889782e-003
 1.1479534e-003
 1.0801242e-003
 1.0110924e-003
 9.5522561e-004
 9.1173174e-004
 8.7264989e-004
 8.3285116e-004
 7.9436682e-004
 7.6403015e-004
 7.4817747e-004
 7.4937346e-004
 7.6754612e-004
 8.0261985e-004
 8.5368735e-004
 9.1456459e-004
 9.7172876e-004
 1.0092366e-003
 1.0170757e-003
 9.9472178e-004
 9.4776467e-004
 8.8435150e-004
 8.1662700e-004
 7.6157483e-004
 7.3338818e-004
 7.3193811e-004
 7.4153719e-004
 7.4449938e-004
 7.3676149e-004
 7.3018338e-004
 7.4043853e-004
 7.7314943e-004
 8.2054100e-004
 8.6917332e-004
 9.0922287e-004
 9.3681121e-004
 9.5045840e-004
 9.4940589e-004
 9.3646615e-004
 9.1902830e-004
 9.0422540e-004
 8.9555251e-004
 8.9702668e-004
 9.1622153e-004
 9.5746445e-004
 1.0159579e-003
 1.0845561e-003
 1.1588642e-003
 1.2242611e-003
 1.2463348e-003
 1.1953007e-003
 1.0836952e-003
 9.6513471e-004
 8.8998245e-004
 8.6936902e-004
 8.8143192e-004
 8.9972006e-004
 9.1092585e-004
 9.1485103e-004
 9.1745565e-004
 9.2559843e-004
 9.4537350e-004
 9.8115788e-004
 1.0305663e-003
 1.0777650e-003
 1.0980532e-003
 1.0775567e-003
 1.0267816e-003
 9.6741243e-004
 9.0859080e-004
 8.4613927e-004
 7.8391528e-004
 7.4333738e-004
 7.4550475e-004
 7.8833470e-004
 8.4641413e-004
 8.9329371e-004
 9.2114840e-004
 9.3780062e-004
 9.4931561e-004
 9.5180795e-004
 9.4051537e-004
 9.2147919e-004
 9.0974779e-004
 9.1523631e-004
 9.3215599e-004
 9.4434689e-004
 9.4048464e-004
 9.2261407e-004
 9.0122013e-004
 8.8497013e-004
 8.7567267e-004
 8.7074295e-004
 8.6826907e-004
 8.7169529e-004
 8.9568750e-004
 9.6598145e-004
 1.0946442e-003
 1.2409526e-003
 1.3198098e-003
 1.2854568e-003
 1.1946369e-003
 1.1459886e-003
 1.1677530e-003
 1.2083931e-003
 1.2219071e-003
 1.2104344e-003
 1.1920216e-003
 1.1768023e-003
 1.1737382e-003
 1.1797338e-003
 1.1632312e-003
 1.0956265e-003
 9.9899294e-004
 9.3013188e-004
 9.1750856e-004
 9.4015751e-004
 9.6442003e-004
 9.7521429e-004
 9.7185414e-004
 9.5609698e-004
 9.3330833e-004
 9.1601588e-004
 9.1614819e-004
 9.3078252e-004
 9.4128703e-004
 9.3390484e-004
 9.1349432e-004
 8.9132832e-004
 8.7298808e-004
 8.6533808e-004
 8.7821420e-004
 9.0623286e-004
 9.2292583e-004
 9.0464600e-004
 8.5297530e-004
 7.9035677e-004
 7.4537698e-004
 7.4236165e-004
 7.8287499e-004
 8.3230872e-004
 8.4889506e-004
 8.3210657e-004
 8.2124682e-004
 8.4228494e-004
 8.7983115e-004
 9.0958405e-004
 9.3095732e-004
 9.5444644e-004
 9.8039256e-004
 1.0035363e-003
 1.0281329e-003
 1.0670143e-003
 1.1153099e-003
 1.1344330e-003
 1.0961043e-003
 1.0313117e-003
 9.9617534e-004
 9.9942682e-004
 1.0066765e-003
 9.9772576e-004
 9.7679568e-004
 9.5058250e-004
 9.2358602e-004
 9.0330839e-004
 8.9826877e-004
 9.1663899e-004
 9.6712814e-004
 1.0472437e-003
 1.1301966e-003
 1.1881469e-003
 1.2339409e-003
 1.3036046e-003
 1.3838421e-003
 1.4016449e-003
 1.3123181e-003
 1.1681910e-003
 1.0790059e-003
 1.1096058e-003
 1.2162160e-003
 1.2908393e-003
 1.2758590e-003
 1.2173201e-003
 1.2018833e-003
 1.2645861e-003
 1.3604535e-003
 1.4120215e-003
 1.3835436e-003
 1.3101225e-003
 1.2565966e-003
 1.2524247e-003
 1.2629535e-003
 1.2319329e-003
 1.1497888e-003
 1.0639600e-003
 1.0208160e-003
 1.0069459e-003
 9.7535696e-004
 9.1260090e-004
 8.5015345e-004
 8.2385103e-004
 8.4250479e-004
 8.8845455e-004
 9.3611580e-004
 9.6779678e-004
 9.7887893e-004
 9.7780512e-004
 9.8375743e-004
 1.0167721e-003
 1.0803537e-003
 1.1510844e-003
 1.1911988e-003
 1.1785501e-003
 1.1270323e-003
 1.0764955e-003
 1.0616487e-003
 1.0892370e-003
 1.1407833e-003
 1.1909350e-003
 1.2220567e-003
 1.2286023e-003
 1.2169575e-003
 1.2033031e-003
 1.2048194e-003
 1.2253111e-003
 1.2475698e-003
 1.2442650e-003
 1.2027285e-003
 1.1418427e-003
 1.1011258e-003
 1.0965884e-003
 1.1041646e-003
 1.0903555e-003
 1.0578946e-003
 1.0527829e-003
 1.0919735e-003
 1.1233485e-003
 1.1049148e-003
 1.0732983e-003
 1.0807283e-003
 1.1228526e-003
 1.1792920e-003
 1.2580912e-003
 1.3404007e-003
 1.3543515e-003
 1.2859806e-003
 1.2408972e-003
 1.2983665e-003
 1.3834059e-003
 1.3747794e-003
 1.2652158e-003
 1.1563947e-003
 1.1464435e-003
 1.2358797e-003
 1.3365223e-003
 1.3950816e-003
 1.4579820e-003
 1.5560195e-003
 1.6132451e-003
 1.5592615e-003
 1.4466456e-003
 1.3735194e-003
 1.3621631e-003
 1.3716426e-003
 1.3724117e-003
 1.3702825e-003
 1.3834519e-003
 1.4121244e-003
 1.4308103e-003
 1.4149055e-003
 1.3721280e-003
 1.3443753e-003
 1.3531960e-003
 1.3490671e-003
 1.2333416e-003
 9.9994603e-004
 1.1101462e-003
 2.3503492e-003
 4.5594661e-003
 6.2762718e-003
 6.2118513e-003
 4.4172322e-003
 2.0889894e-003
 5.3863687e-004
 2.0733342e-004
 6.0517486e-004
 1.0589735e-003
 1.2463200e-003
 1.2168152e-003
 1.1212721e-003
 1.0414564e-003
 9.7769778e-004
 9.1789954e-004
 8.9391804e-004
 9.7786484e-004
 1.2114343e-003
 1.5161078e-003
 1.6999197e-003
 1.6045989e-003
 1.2874795e-003
 9.9144026e-004
 9.2986209e-004
 1.1398769e-003
 1.4601552e-003
 1.6234269e-003
 1.5087213e-003
 1.1959441e-003
 8.7430072e-004
 6.9223618e-004
 6.5159053e-004
 6.9538224e-004
 7.6647854e-004
 8.1484544e-004
 8.3726429e-004
 8.4937090e-004
 8.6685625e-004
 9.0207515e-004
 9.4545272e-004
 9.7854086e-004
 9.8286476e-004
 9.4405655e-004
 8.7490375e-004
 7.9920772e-004
 7.4079644e-004
 7.1996404e-004
 7.3339790e-004
 7.7517214e-004
 8.1858260e-004
 8.5565873e-004
 8.8182505e-004
 9.0050331e-004
 9.1547420e-004
 9.3050930e-004
 9.4922166e-004
 9.7150437e-004
 9.9355029e-004
 1.0114046e-003
 1.0211024e-003
 1.0188494e-003
 1.0045130e-003
 9.8157139e-004
 9.5366396e-004
 9.2441885e-004
 8.9744403e-004
 8.7559660e-004
 8.6102204e-004
 8.5582689e-004
 8.6212228e-004
 8.8201655e-004
 9.1496750e-004
 9.5011212e-004
 9.7410224e-004
 9.7357744e-004
 9.3518099e-004
 8.4556744e-004
 7.0121943e-004
 5.3661596e-004
 3.9529408e-004
 3.2085663e-004
 3.5686232e-004
 5.4687192e-004
 9.3444681e-004
 1.5434644e-003
 2.3222032e-003
 3.2013080e-003
 4.1110404e-003
 4.9820766e-003
 5.7446794e-003
 6.3294908e-003
 6.6668424e-003
 6.7096287e-003
 6.4949323e-003
 6.0796537e-003
 5.5208378e-003
 4.8753037e-003
 4.2001517e-003
 3.5522468e-003
 2.9884686e-003
 2.5524339e-003
 2.2373262e-003
 2.0248131e-003
 1.8964348e-003
 1.8338135e-003
 1.8185246e-003
 1.8321644e-003
 1.8563258e-003
 1.8760643e-003
 1.8892355e-003
 1.8966340e-003
 1.8990603e-003
 1.8973121e-003
 1.8921881e-003
 1.8844856e-003
 1.8750043e-003
 1.8645409e-003
 1.8538960e-003
 1.8438651e-003
 1.8352495e-003
 1.8286589e-003
 1.8240315e-003
 1.8211498e-003
 1.8197978e-003
 1.8197587e-003
 1.8208161e-003
 1.8227532e-003
 1.8253542e-003
 1.8284017e-003
 1.8316801e-003
 1.8349718e-003
 1.8380613e-003
 1.8407498e-003
 1.8429045e-003
 1.8444060e-003
 1.8451365e-003
 1.8449771e-003
 1.8438092e-003
 1.8415141e-003
 1.8379730e-003
 1.8330682e-003
 1.8266804e-003
 1.8186901e-003
 1.8091026e-003
 1.7983487e-003
 1.7869575e-003
 1.7754540e-003
 1.7643675e-003
 1.7542224e-003
 1.7455480e-003
 1.7388697e-003
 1.7347158e-003
 1.7336123e-003
 1.7358677e-003
 1.7410310e-003
 1.7484881e-003
 1.7576225e-003
 1.7678211e-003
 1.7784669e-003
 1.7889466e-003
 1.7986436e-003
 1.8069450e-003
 1.8132334e-003
 1.8170750e-003
 1.8186471e-003
 1.8182589e-003
 1.8162195e-003
 1.8128376e-003
 1.8084230e-003
 1.8032840e-003
 1.7977294e-003
 1.7920694e-003
 1.7866116e-003
 1.7816472e-003
 1.7773999e-003
 1.7740817e-003
 1.7719035e-003
 1.7710768e-003
 1.7718124e-003
 1.7743220e-003
 1.7788170e-003
 1.7855077e-003
 1.7942830e-003
 1.8039581e-003
 1.8131215e-003
 1.8203655e-003
 1.8242786e-003
 1.8234522e-003
 1.8164770e-003
 1.8019419e-003
 1.7792872e-003
 1.7507343e-003
 1.7190898e-003
 1.6871466e-003
 1.6577122e-003
 1.6335802e-003
 1.6175564e-003
 1.6124367e-003
 1.6198836e-003
 1.6378423e-003
 1.6635088e-003
 1.6940683e-003
 1.7267196e-003
 1.7586469e-003
 1.7870490e-003
 1.8091111e-003
 1.8229345e-003
 1.8295270e-003
 1.8304884e-003
 1.8273590e-003
 1.8220505e-003
 1.8163148e-003
 1.8113393e-003
 1.8077934e-003
 1.8058693e-003
 1.8054630e-003
 1.8063356e-003
 1.8081984e-003
 1.8107235e-003
 1.8135186e-003
 1.8161172e-003
 1.8180063e-003
 1.8186668e-003
 1.8176389e-003
 1.8146619e-003
 1.8098461e-003
 1.8037304e-003
 1.7971746e-003
 1.7911802e-003
 1.7867154e-003
 1.7845158e-003
 1.7848919e-003
 1.7876576e-003
 1.7922398e-003
 1.7978705e-003
 1.8037539e-003
 1.8091982e-003
 1.8137101e-003
 1.8170235e-003
 1.8190569e-003
 1.8198366e-003
 1.8194368e-003
 1.8179497e-003
 1.8154746e-003
 1.8121132e-003
 1.8079632e-003
 1.8030970e-003
 1.7975160e-003
 1.7910824e-003
 1.7706761e-003
 1.7598009e-003
 1.7476374e-003
 1.7344506e-003
 1.7206812e-003
 1.7069635e-003
 1.6940982e-003
 1.6830027e-003
 1.6746365e-003
 1.6698667e-003
 1.6693334e-003
 1.6733134e-003
 1.6816298e-003
 1.6936337e-003
 1.7083199e-003
 1.7244898e-003
 1.7409089e-003
 1.7564744e-003
 1.7703145e-003
 1.7818592e-003
 1.7908473e-003
 1.7972811e-003
 1.8013759e-003
 1.8034857e-003
 1.8040352e-003
 1.8034766e-003
 1.8022492e-003
 1.8007339e-003
 1.7992184e-003
 1.7978775e-003
 1.7967696e-003
 1.7958567e-003
 1.7950345e-003
 1.7941680e-003
 1.7931298e-003
 1.7918326e-003
 1.7902590e-003
 1.7884743e-003
 1.7866273e-003
 1.7849312e-003
 1.7836269e-003
 1.7829414e-003
 1.7830431e-003
 1.7840072e-003
 1.7857981e-003
 1.7882743e-003
 1.7912094e-003
 1.7943294e-003
 1.7973543e-003
 1.8000324e-003
 1.8021677e-003
 1.8036282e-003
 1.8043453e-003
 1.8043043e-003
 1.8035329e-003
 1.8020933e-003
 1.8000787e-003
 1.7976142e-003
 1.7948553e-003
 1.7919864e-003
 1.7892062e-003
 1.7867127e-003
 1.7846789e-003
 1.7832309e-003
 1.7824341e-003
 1.7822856e-003
 1.7827213e-003
 1.7836299e-003
 1.7848749e-003
 1.7863148e-003
 1.7878207e-003
 1.7892878e-003
 1.7906369e-003
 1.7918138e-003
 1.7927802e-003
 1.7935074e-003
 1.7939665e-003
 1.7941222e-003
 1.7939259e-003
 1.7933125e-003
 1.7921990e-003
 1.7904877e-003
 1.7880787e-003
 1.7848874e-003
 1.7808727e-003
 1.7760674e-003
 1.7706037e-003
 1.7647323e-003
 1.7588178e-003
 1.7533086e-003
 1.7486901e-003
 1.7454115e-003
 1.7438163e-003
 1.7440771e-003
 1.7461579e-003
 1.7498096e-003
 1.7546037e-003
 1.7599945e-003
 1.7654034e-003
 1.7703095e-003
 1.7743214e-003
 1.7772320e-003
 1.7790315e-003
 1.7798907e-003
 1.7801112e-003
 1.7800535e-003
 1.7800602e-003
 1.7803890e-003
 1.7811644e-003
 1.7823655e-003
 1.7838415e-003
 1.7853609e-003
 1.7866706e-003
 1.7875609e-003
 1.7879112e-003
 1.7877097e-003
 1.7870404e-003
 1.7860389e-003
 1.7848283e-003
 1.7834496e-003
 1.7818075e-003
 1.7796464e-003
 1.7765688e-003
 1.7721053e-003
 1.7658186e-003
 1.7574378e-003
 1.7469827e-003
 1.7348478e-003
 1.7218324e-003
 1.7090671e-003
 1.6978743e-003
 1.6895439e-003
 1.6850824e-003
 1.6849848e-003
 1.6890657e-003
 1.6964041e-003
 1.7054178e-003
 1.7140771e-003
 1.7202134e-003
 1.7218986e-003
 1.7178118e-003
 1.7075336e-003
 1.6916972e-003
 1.6719697e-003
 1.6508341e-003
 1.6311994e-003
 1.6159379e-003
 1.6073801e-003
 1.6069293e-003
 1.6148234e-003
 1.6301288e-003
 1.6509341e-003
 1.6747294e-003
 1.6988397e-003
 1.7208693e-003
 1.7390517e-003
 1.7524239e-003
 1.7608691e-003
 1.7649813e-003
 1.7658503e-003
 1.7647902e-003
 1.7630822e-003
 1.7617733e-003
 1.7615546e-003
 1.7627259e-003
 1.7652377e-003
 1.7687849e-003
 1.7729275e-003
 1.7772071e-003
 1.7812351e-003
 1.7847458e-003
 1.7876044e-003
 1.7897852e-003
 1.7913331e-003
 1.7923173e-003
 1.7927986e-003
 1.7928061e-003
 1.7923261e-003
 1.7912972e-003
 1.7896052e-003
 1.7870764e-003
 1.7834764e-003
 1.7785230e-003
 1.7719177e-003
 1.7634147e-003
 1.7528993e-003
 1.7404867e-003
 1.7265924e-003
 1.7119520e-003
 1.6975909e-003
 1.6847089e-003
 1.6745080e-003
 1.6680117e-003
 1.6658804e-003
 1.6683011e-003
 1.6749471e-003
 1.6850417e-003
 1.6974853e-003
 1.7110440e-003
 1.7245257e-003
 1.7369377e-003
 1.7475864e-003
 1.7560925e-003
 1.7623625e-003
 1.7664972e-003
 1.7686941e-003
 1.7691562e-003
 1.7680301e-003
 1.7653930e-003
 1.7612837e-003
 1.7557666e-003
 1.7489993e-003
 1.7412899e-003
 1.7331035e-003
 1.7250156e-003
 1.7176236e-003
 1.7114205e-003
 1.7066912e-003
 1.7034456e-003
 1.7014241e-003
 1.7001807e-003
 1.6992082e-003
 1.6980743e-003
 1.6965134e-003
 1.6944384e-003
 1.6918683e-003
 1.6887910e-003
 1.6850230e-003
 1.6801237e-003
 1.6734150e-003
 1.6641283e-003
 1.6516341e-003
 1.6357068e-003
 1.6167179e-003
 1.5956858e-003
 1.5741769e-003
 1.5540196e-003
 1.5369726e-003
 1.5243824e-003
 1.5169603e-003
 1.5147403e-003
 1.5171940e-003
 1.5234791e-003
 1.5327123e-003
 1.5441920e-003
 1.5574854e-003
 1.5723855e-003
 1.5887684e-003
 1.6064009e-003
 1.6248228e-003
 1.6433002e-003
 1.6609137e-003
 1.6767278e-003
 1.6899570e-003
 1.7001131e-003
 1.7070292e-003
 1.7108028e-003
 1.7116666e-003
 1.7098521e-003
 1.7055146e-003
 1.6987519e-003
 1.6897162e-003
 1.6787677e-003
 1.6666192e-003
 1.6543820e-003
 1.6434778e-003
 1.6354353e-003
 1.6315823e-003
 1.6327485e-003
 1.6390324e-003
 1.6497180e-003
 1.6633493e-003
 1.6779677e-003
 1.6914244e-003
 1.7017308e-003
 1.7073592e-003
 1.7074366e-003
 1.7018318e-003
 1.6911230e-003
 1.6764796e-003
 1.6594721e-003
 1.6418685e-003
 1.6253886e-003
 1.6114929e-003
 1.6011698e-003
 1.5947751e-003
 1.5919590e-003
 1.5916892e-003
 1.5924143e-003
 1.5923511e-003
 1.5898650e-003
 1.5838715e-003
 1.5741687e-003
 1.5615994e-003
 1.5480039e-003
 1.5359158e-003
 1.5280975e-003
 1.5269761e-003
 1.5341390e-003
 1.5499984e-003
 1.5737133e-003
 1.6033524e-003
 1.6362770e-003
 1.6696362e-003
 1.7008035e-003
 1.7277543e-003
 1.7492161e-003
 1.7646878e-003
 1.7743175e-003
 1.7787036e-003
 1.7787187e-003
 1.7753597e-003
 1.7696621e-003
 1.7626451e-003
 1.7552760e-003
 1.7484130e-003
 1.7427218e-003
 1.7385858e-003
 1.7360155e-003
 1.7346119e-003
 1.7335935e-003
 1.7319049e-003
 1.7283953e-003
 1.7220319e-003
 1.7121137e-003
 1.6984390e-003
 1.6813827e-003
 1.6618930e-003
 1.6413602e-003
 1.6214347e-003
 1.6037771e-003
 1.5898078e-003
 1.5805222e-003
 1.5763598e-003
 1.5772014e-003
 1.5824510e-003
 1.5912080e-003
 1.6024659e-003
 1.6153033e-003
 1.6290240e-003
 1.6431977e-003
 1.6576420e-003
 1.6723158e-003
 1.6872062e-003
 1.7022288e-003
 1.7171586e-003
 1.7316467e-003
 1.7452638e-003
 1.7575937e-003
 1.7683252e-003
 1.7773045e-003
 1.7845653e-003
 1.7902976e-003
 1.7947950e-003
 1.7983846e-003
 1.8013576e-003
 1.8039268e-003
 1.8062040e-003
 1.8082061e-003
 1.8098790e-003
 1.8111276e-003
 1.8118506e-003
 1.8119662e-003
 1.8114345e-003
 1.8102702e-003
 1.8085503e-003
 1.8064140e-003
 1.8040549e-003
 1.8017087e-003
 1.7996263e-003
 1.7980469e-003
 1.7971646e-003
 1.7970999e-003
 1.7978834e-003
 1.7994521e-003
 1.8016640e-003
 1.8043262e-003
 1.8072316e-003
 1.8101908e-003
 1.8130598e-003
 1.8157474e-003
 1.8182106e-003
 1.8204390e-003
 1.8224304e-003
 1.8241741e-003
 1.8256389e-003
 1.8267749e-003
 1.8275247e-003
 1.8278394e-003
 1.8276961e-003
 1.8271095e-003
 1.8261371e-003
 1.8248742e-003
 1.8234431e-003
 1.8219734e-003
 1.8205759e-003
 1.8193118e-003
 1.8181519e-003
 1.8169354e-003
 1.8153306e-003
 1.8128139e-003
 1.8086855e-003
 1.8021308e-003
 1.7923472e-003
 1.7787185e-003
 1.7610090e-003
 1.7395560e-003
 1.7153631e-003
 1.6901069e-003
 1.6659749e-003
 1.6453642e-003
 1.6305208e-003
 1.6231296e-003
 1.6240147e-003
 1.6329725e-003
 1.6488169e-003
 1.6695983e-003
 1.6929653e-003
 1.7165825e-003
 1.7384726e-003
 1.7572816e-003
 1.7723466e-003
 1.7836438e-003
 1.7916214e-003
 1.7969763e-003
 1.8004610e-003
 1.8027340e-003
 1.8042920e-003
 1.8054651e-003
 1.8064540e-003
 1.8073837e-003
 1.8083454e-003
 1.8094176e-003
 1.8106659e-003
 1.8121261e-003
 1.8137889e-003
 1.8155893e-003
 1.8174128e-003
 1.8191151e-003
 1.8205479e-003
 1.8215887e-003
 1.8221659e-003
 1.8222708e-003
 1.8219600e-003
 1.8213455e-003
 1.8205770e-003
 1.8198189e-003
 1.8192296e-003
 1.8189417e-003
 1.8190511e-003
 1.8196109e-003
 1.8206327e-003
 1.8220912e-003
 1.8239332e-003
 1.8260857e-003
 1.8284628e-003
 1.8309737e-003
 1.8335255e-003
 1.8360311e-003
 1.8384121e-003
 1.8406056e-003
 1.8425698e-003
 1.8442849e-003
 1.8457541e-003
 1.8469973e-003
 1.8480412e-003
 1.8489090e-003
 1.8496090e-003
 1.8501295e-003
 1.8504401e-003
 1.8504999e-003
 1.8502717e-003
 1.8497375e-003
 1.8489095e-003
 1.8478360e-003
 1.8465958e-003
 1.8452862e-003
 1.8440071e-003
 1.8428457e-003
 1.8418673e-003
 1.8411162e-003
 1.8406232e-003
 1.8404194e-003
 1.8405484e-003
 1.8410721e-003
 1.8420678e-003
 1.8436138e-003
 1.8457673e-003
 1.8485414e-003
 1.8518874e-003
 1.8556833e-003
 1.8597371e-003
 1.8638053e-003
 1.8676140e-003
 1.8708928e-003
 1.8734027e-003
 1.8749628e-003
 1.8754693e-003
 1.8749038e-003
 1.8733318e-003
 1.8708953e-003
 1.8677938e-003
 1.8642620e-003
 1.8605449e-003
 1.8568692e-003
 1.8534233e-003
 1.8503396e-003
 1.8476883e-003
 1.8454862e-003
 1.8437122e-003
 1.8423350e-003
 1.8413397e-003
 1.8407479e-003
 1.8406247e-003
 1.8410688e-003
 1.8421857e-003
 1.8440465e-003
 1.8466482e-003
 1.8498804e-003
 1.8535188e-003
 1.8572567e-003
 1.8607524e-003
 1.8636833e-003
 1.8657885e-003
 1.8668906e-003
 1.8669190e-003
 1.8659228e-003
 1.8640626e-003
 1.8615818e-003
 1.8587619e-003
 1.8558687e-003
 1.8531163e-003
 1.8506455e-003
 1.8485307e-003
 1.8467981e-003
 1.8454518e-003
 1.8444958e-003
 1.8439398e-003
 1.8437940e-003
 1.8440585e-003
 1.8447136e-003
 1.8457143e-003
 1.8469881e-003
 1.8484420e-003
 1.8499742e-003
 1.8514894e-003
 1.8529143e-003
 1.8542078e-003
 1.8553660e-003
 1.8564150e-003
 1.8573957e-003
 1.8583372e-003
 1.8592211e-003
 1.8599458e-003
 1.8602950e-003
 1.8599209e-003
 1.8583472e-003
 1.8549954e-003
 1.8492205e-003
 1.8403655e-003
 1.8278558e-003
 1.8113283e-003
 1.7907671e-003
 1.7666233e-003
 1.7399249e-003
 1.7122780e-003
 1.6857536e-003
 1.6626929e-003
 1.6453669e-003
 1.6356246e-003
 1.6345234e-003
 1.6420629e-003
 1.6571832e-003
 1.6779714e-003
 1.7019772e-003
 1.7266026e-003
 1.7494821e-003
 1.7687491e-003
 1.7832135e-003
 1.7924124e-003
 1.7965940e-003
 1.7965896e-003
 1.7936156e-003
 1.7890518e-003
 1.7842293e-003
 1.7802593e-003
 1.7779241e-003
 1.7776459e-003
 1.7795091e-003
 1.7833277e-003
 1.7887275e-003
 1.7952368e-003
 1.8023570e-003
 1.8096187e-003
 1.8166199e-003
 1.8230369e-003
 1.8286338e-003
 1.8332519e-003
 1.8368026e-003
 1.8392585e-003
 1.8406409e-003
 1.8410147e-003
 1.8404811e-003
 1.8391733e-003
 1.8372516e-003
 1.8348990e-003
 1.8323135e-003
 1.8297012e-003
 1.8272662e-003
 1.8251967e-003
 1.8236558e-003
 1.8227684e-003
 1.8226138e-003
 1.8232201e-003
 1.8245652e-003
 1.8265814e-003
 1.8291629e-003
 1.8321787e-003
 1.8354811e-003
 1.8389191e-003
 1.8423432e-003
 1.8456113e-003
 1.8485914e-003
 1.8511590e-003
 1.8531989e-003
 1.8546014e-003
 1.8552677e-003
 1.8551135e-003
 1.8540811e-003
 1.8521524e-003
 1.8493674e-003
 1.8458407e-003
 1.8417726e-003
 1.8374549e-003
 1.8332583e-003
 1.8296123e-003
 1.8269633e-003
 1.8257252e-003
 1.8262259e-003
 1.8286565e-003
 1.8330353e-003
 1.8391905e-003
 1.8467756e-003
 1.8553009e-003
 1.8641914e-003
 1.8728591e-003
 1.8807623e-003
 1.8874715e-003
 1.8926993e-003
 1.8963200e-003
 1.8983640e-003
 1.8989873e-003
 1.8984318e-003
 1.8969773e-003
 1.8948984e-003
 1.8924285e-003
 1.8897398e-003
 1.8869359e-003
 1.8840623e-003
 1.8811198e-003
 1.8780804e-003
 1.8749062e-003
 1.8715607e-003
 1.8680227e-003
 1.8642960e-003
 1.8604161e-003
 1.8564581e-003
 1.8525386e-003
 1.8488147e-003
 1.8454837e-003
 1.8427713e-003
 1.8409211e-003
 1.8401730e-003
 1.8407388e-003
 1.8427729e-003
 1.8463468e-003
 1.8514224e-003
 1.8578456e-003
 1.8653636e-003
 1.8736430e-003
 1.8823098e-003
 1.8909781e-003
 1.8992871e-003
 1.9069306e-003
 1.9136666e-003
 1.9193311e-003
 1.9238346e-003
 1.9271589e-003
 1.9293480e-003
 1.9304897e-003
 1.9307046e-003
 1.9301318e-003
 1.9289192e-003
 1.9272147e-003
 1.9251604e-003
 1.9228883e-003
 1.9205161e-003
 1.9181446e-003
 1.9158536e-003
 1.9137001e-003
 1.9117177e-003
 1.9099147e-003
 1.9082797e-003
 1.9067834e-003
 1.9053869e-003
 1.9040473e-003
 1.9027248e-003
 1.9013898e-003
 1.9000252e-003
 1.8986308e-003
 1.8972224e-003
 1.8958304e-003
 1.8944977e-003
 1.8932758e-003
 1.8922210e-003
 1.8913930e-003
 1.8908499e-003
 1.8906487e-003
 1.8908420e-003
 1.8914768e-003
 1.8925931e-003
 1.8942228e-003
 1.8963864e-003
 1.8990918e-003
 1.9023337e-003
 1.9060895e-003
 1.9103205e-003
 1.9149674e-003
 1.9199492e-003
 1.9251627e-003
 1.9304767e-003
 1.9357350e-003
 1.9407545e-003
 1.9453322e-003
 1.9492579e-003
 1.9523263e-003
 1.9543618e-003
 1.9552405e-003
 1.9549143e-003
 1.9534307e-003
 1.9509420e-003
 1.9477038e-003
 1.9440553e-003
 1.9403895e-003
 1.9371056e-003
 1.9345604e-003
 1.9330162e-003
 1.9325980e-003
 1.9332680e-003
 1.9348215e-003
 1.9369058e-003
 1.9390641e-003
 1.9407979e-003
 1.9416371e-003
 1.9412126e-003
 1.9393159e-003
 1.9359393e-003
 1.9312864e-003
 1.9257573e-003
 1.9198982e-003
 1.9143382e-003
 1.9097064e-003
 1.9065508e-003
 1.9052719e-003
 1.9060716e-003
 1.9089337e-003
 1.9136326e-003
 1.9197704e-003
 1.9268271e-003
 1.9342251e-003
 1.9413944e-003
 1.9478224e-003
 1.9530995e-003
 1.9569378e-003
 1.9591863e-003
 1.9598282e-003
 1.9589697e-003
 1.9568247e-003
 1.9536964e-003
 1.9499623e-003
 1.9460524e-003
 1.9424243e-003
 1.9395298e-003
 1.9377893e-003
 1.9375597e-003
 1.9391064e-003
 1.9425775e-003
 1.9479903e-003
 1.9552289e-003
 1.9640366e-003
 1.9740064e-003
 1.9845823e-003
 1.9950904e-003
 2.0047866e-003
 2.0129089e-003
 2.0187597e-003
 2.0217770e-003
 2.0216063e-003
 2.0181292e-003
 2.0114665e-003
 2.0046441e-003
 1.9920201e-003
 1.9775766e-003
 1.9619488e-003
 1.9457545e-003
 1.9295531e-003
 1.9138342e-003
 1.8990140e-003
 1.8854482e-003
 1.8734664e-003
 1.8633703e-003
 1.8554435e-003
 1.8499267e-003
 1.8469817e-003
 1.8466538e-003
 1.8488411e-003
 1.8532871e-003
 1.8595877e-003
 1.8672319e-003
 1.8756393e-003
 1.8841984e-003
 1.8923004e-003
 1.8993659e-003
 1.9048965e-003
 1.9085265e-003
 1.9100797e-003
 1.9095918e-003
 1.9072887e-003
 1.9035353e-003
 1.8987799e-003
 1.8935082e-003
 1.8882093e-003
 1.8833526e-003
 1.8793526e-003
 1.8765362e-003
 1.8751092e-003
 1.8751447e-003
 1.8765959e-003
 1.8793271e-003
 1.8831504e-003
 1.8878509e-003
 1.8932081e-003
 1.8990041e-003
 1.9050348e-003
 1.9111232e-003
 1.9171244e-003
 1.9229340e-003
 1.9284800e-003
 1.9337161e-003
 1.9386130e-003
 1.9431463e-003
 1.9472971e-003
 1.9510445e-003
 1.9543676e-003
 1.9572442e-003
 1.9596480e-003
 1.9615511e-003
 1.9629220e-003
 1.9637274e-003
 1.9639335e-003
 1.9635062e-003
 1.9624140e-003
 1.9606329e-003
 1.9581527e-003
 1.9549865e-003
 1.9511798e-003
 1.9468138e-003
 1.9420004e-003
 1.9368767e-003
 1.9315919e-003
 1.9263023e-003
 1.9211632e-003
 1.9163189e-003
 1.9118966e-003
 1.9079878e-003
 1.9046402e-003
 1.9018516e-003
 1.8995735e-003
 1.8977250e-003
 1.8962052e-003
 1.8949048e-003
 1.8937151e-003
 1.8925365e-003
 1.8912918e-003
 1.8899399e-003
 1.8884900e-003
 1.8870066e-003
 1.8856032e-003
 1.8844310e-003
 1.8836623e-003
 1.8834774e-003
 1.8840540e-003
 1.8855530e-003
 1.8880971e-003
 1.8917467e-003
 1.8964779e-003
 1.9021712e-003
 1.9086244e-003
 1.9155708e-003
 1.9227064e-003
 1.9297141e-003
 1.9362743e-003
 1.9420900e-003
 1.9469034e-003
 1.9505294e-003
 1.9528811e-003
 1.9539774e-003
 1.9539359e-003
 1.9529447e-003
 1.9512352e-003
 1.9490578e-003
 1.9466664e-003
 1.9443034e-003
 1.9421850e-003
 1.9404817e-003
 1.9393009e-003
 1.9386823e-003
 1.9386023e-003
 1.9389923e-003
 1.9397555e-003
 1.9407829e-003
 1.9419614e-003
 1.9431810e-003
 1.9443418e-003
 1.9453593e-003
 1.9461716e-003
 1.9467416e-003
 1.9470539e-003
 1.9471101e-003
 1.9469212e-003
 1.9465033e-003
 1.9458750e-003
 1.9450565e-003
 1.9440695e-003
 1.9429397e-003
 1.9416966e-003
 1.9403747e-003
 1.9390130e-003
 1.9376531e-003
 1.9363388e-003
 1.9351151e-003
 1.9340260e-003
 1.9331151e-003
 1.9324229e-003
 1.9319860e-003
 1.9318347e-003
 1.9319935e-003
 1.9324805e-003
 1.9333096e-003
 1.9344918e-003
 1.9360363e-003
 1.9379499e-003
 1.9402332e-003
 1.9428771e-003
 1.9458540e-003
 1.9491118e-003
 1.9525730e-003
 1.9561341e-003
 1.9596764e-003
 1.9630685e-003
 1.9661761e-003
 1.9688678e-003
 1.9710229e-003
 1.9725433e-003
 1.9733708e-003
 1.9734991e-003
 1.9729810e-003
 1.9719219e-003
 1.9704658e-003
 1.9687801e-003
 1.9670415e-003
 1.9654266e-003
 1.9641004e-003
 1.9632017e-003
 1.9628250e-003
 1.9630054e-003
 1.9637123e-003
 1.9648548e-003
 1.9662981e-003
 1.9678818e-003
 1.9694334e-003
 1.9707812e-003
 1.9717645e-003
 1.9722483e-003
 1.9721417e-003
 1.9714136e-003
 1.9700986e-003
 1.9682909e-003
 1.9661291e-003
 1.9637768e-003
 1.9614098e-003
 1.9592040e-003
 1.9573236e-003
 1.9559087e-003
 1.9550552e-003
 1.9548021e-003
 1.9551239e-003
 1.9559362e-003
 1.9571132e-003
 1.9585027e-003
 1.9599418e-003
 1.9612685e-003
 1.9623297e-003
 1.9629993e-003
 1.9631931e-003
 1.9628841e-003
 1.9621102e-003
 1.9609660e-003
 1.9595893e-003
 1.9581427e-003
 1.9567993e-003
 1.9557306e-003
 1.9550947e-003
 1.9550172e-003
 1.9555711e-003
 1.9567558e-003
 1.9584910e-003
 1.9606245e-003
 1.9629502e-003
 1.9652301e-003
 1.9672138e-003
 1.9686541e-003
 1.9693214e-003
 1.9690322e-003
 1.9676758e-003
 1.9652420e-003
 1.9618315e-003
 1.9576440e-003
 1.9529560e-003
 1.9480850e-003
 1.9433679e-003
 1.9391401e-003
 1.9357197e-003
 1.9333749e-003
 1.9322959e-003
 1.9325668e-003
 1.9341520e-003
 1.9369102e-003
 1.9406193e-003
 1.9450119e-003
 1.9497989e-003
 1.9546889e-003
 1.9593996e-003
 1.9636815e-003
 1.9673377e-003
 1.9702376e-003
 1.9723312e-003
 1.9736378e-003
 1.9742276e-003
 1.9742022e-003
 1.9736781e-003
 1.9727761e-003
 1.9716141e-003
 1.9703014e-003
 1.9689316e-003
 1.9675789e-003
 1.9662932e-003
 1.9651034e-003
 1.9640243e-003
 1.9630603e-003
 1.9622117e-003
 1.9614771e-003
 1.9608540e-003
 1.9603395e-003
 1.9599302e-003
 1.9596226e-003
 1.9594119e-003
 1.9592927e-003
 1.9592594e-003
 1.9593062e-003
 1.9594270e-003
 1.9596154e-003
 1.9598650e-003
 1.9601695e-003
 1.9605216e-003
 1.9609137e-003
 1.9613376e-003
 1.9617847e-003
 1.9622457e-003
 1.9627109e-003
 1.9631712e-003
 1.9636173e-003
 1.9640410e-003
 1.9644352e-003
 1.9647963e-003
 1.9651239e-003
 1.9654220e-003
 1.9656979e-003
 1.9659621e-003
 1.9662264e-003
 1.9665037e-003
 1.9668057e-003
 1.9671437e-003
 1.9675258e-003
 1.9679551e-003
 1.9684283e-003
 1.9689347e-003
 1.9694569e-003
 1.9699731e-003
 1.9704578e-003
 1.9708853e-003
 1.9712299e-003
 1.9714676e-003
 1.9715801e-003
 1.9715561e-003
 1.9713952e-003
 1.9711093e-003
 1.9707207e-003
 1.9702597e-003
 1.9697610e-003
 1.9692616e-003
 1.9687987e-003
 1.9684073e-003
 1.9681184e-003
 1.9679554e-003
 1.9679321e-003
 1.9680506e-003
 1.9683037e-003
 1.9686767e-003
 1.9691498e-003
 1.9697018e-003
 1.9703095e-003
 1.9709487e-003
 1.9715924e-003
 1.9722097e-003
 1.9727640e-003
 1.9732132e-003
 1.9735096e-003
 1.9736013e-003
 1.9734344e-003
 1.9729554e-003
 1.9721126e-003
 1.9708632e-003
 1.9691796e-003
 1.9670629e-003
 1.9645505e-003
 1.9617197e-003
 1.9586878e-003
 1.9555960e-003
 1.9526028e-003
 1.9498739e-003
 1.9475714e-003
 1.9458458e-003
 1.9448199e-003
 1.9445722e-003
 1.9451181e-003
 1.9464060e-003
 1.9483214e-003
 1.9507051e-003
 1.9533716e-003
 1.9561215e-003
 1.9587558e-003
 1.9610857e-003
 1.9629423e-003
 1.9641963e-003
 1.9647689e-003
 1.9646380e-003
 1.9638322e-003
 1.9624187e-003
 1.9604862e-003
 1.9581360e-003
 1.9554726e-003
 1.9526012e-003
 1.9496283e-003
 1.9466573e-003
 1.9437898e-003
 1.9411249e-003
 1.9387616e-003
 1.9367951e-003
 1.9353199e-003
 1.9344296e-003
 1.9342129e-003
 1.9347483e-003
 1.9360934e-003
 1.9382722e-003
 1.9412623e-003
 1.9449880e-003
 1.9493293e-003
 1.9541308e-003
 1.9592186e-003
 1.9644059e-003
 1.9695084e-003
 1.9743489e-003
 1.9787631e-003
 1.9826181e-003
 1.9858174e-003
 1.9883048e-003
 1.9900636e-003
 1.9911043e-003
 1.9914543e-003
 1.9911507e-003
 1.9902389e-003
 1.9887765e-003
 1.9868463e-003
 1.9845692e-003
 1.9821196e-003
 1.9797331e-003
 1.9776968e-003
 1.9763371e-003
 1.9760036e-003
 1.9770542e-003
 1.9798372e-003
 1.9846745e-003
 1.9918212e-003
 2.0014306e-003
 2.0135168e-003
 2.0279277e-003
 2.0443776e-003
 2.0624783e-003
 2.0817658e-003
 2.1017615e-003
 2.1219787e-003
 2.1419548e-003
 2.1612577e-003
 2.1795460e-003
 2.1965823e-003
 2.2122320e-003
 2.2264773e-003
 2.2393761e-003
 2.2510241e-003
 2.2615509e-003
 2.2710988e-003
 2.2798316e-003
 2.2879404e-003
 2.2956782e-003
 2.3033726e-003
 2.3114283e-003
 2.3203301e-003
 2.3306187e-003
 2.3428584e-003
 2.3576298e-003
 2.3755007e-003
 2.3969740e-003
 2.4224552e-003
 2.4521633e-003
 2.4860771e-003
 2.5238760e-003
 2.5650158e-003
 2.6087721e-003
 2.6542810e-003
 2.7006622e-003
 2.7470398e-003
 2.7925551e-003
 2.8365010e-003
 2.8783560e-003
 2.9178776e-003
 2.9550926e-003
 2.9903254e-003
 3.0240968e-003
 3.0570209e-003
 3.0897895e-003
 3.1230997e-003
 3.1575889e-003
 3.1938299e-003
 3.2322491e-003
 3.2730431e-003
 3.3162117e-003
 3.3615443e-003
 3.4086928e-003
 3.4571879e-003
 3.5065559e-003
 3.5563256e-003
 3.6060323e-003
 3.6553466e-003
 3.7041018e-003
 3.7523210e-003
 3.8003095e-003
 3.8485844e-003
 3.8978404e-003
 3.9488357e-003
 4.0024146e-003
 4.0594474e-003
 4.1207829e-003
 4.1873353e-003
 4.2600641e-003
 4.3399311e-003
 4.4280109e-003
 4.5254393e-003
 4.6333200e-003
 4.7528408e-003
 4.8851459e-003
 5.0313193e-003
 5.1920856e-003
 5.3677536e-003
 5.5577853e-003
 5.7603386e-003
 5.9724124e-003
 6.1898469e-003
 6.4074653e-003
 6.6197421e-003
 6.8208873e-003
 7.0051765e-003
 7.1670376e-003
 7.3016733e-003
 7.4053318e-003
 7.4756471e-003
 7.5119417e-003
 7.5149634e-003
 7.4865343e-003
 7.4291271e-003
 7.3454948e-003
 7.2385496e-003
 7.1111140e-003
 6.9658877e-003
 6.8052830e-003
 6.6314870e-003
 6.4461986e-003
 6.2507614e-003
 6.0464139e-003
 5.8341045e-003
 5.6147072e-003
 5.3892485e-003
 5.1586502e-003
 4.9240058e-003
 4.6865544e-003
 4.4479817e-003
 4.2101089e-003
 3.9750361e-003
 3.7452348e-003
 3.5231214e-003
 3.3111593e-003
 3.1119217e-003
 2.9276730e-003
 2.7603982e-003
 2.6114956e-003
 2.4817185e-003
 2.3708835e-003
 2.2780732e-003
 2.2018815e-003
 2.1405024e-003
 2.0919887e-003
 2.0543856e-003
 2.0257435e-003
 2.0042430e-003
 1.9882920e-003
 1.9765713e-003
 1.9680874e-003
 1.9621346e-003
 1.9582242e-003
 1.9559916e-003
 1.9551378e-003
 1.9553925e-003
 1.9565010e-003
 1.9582275e-003
 1.9603604e-003
 1.9627258e-003
 1.9651868e-003
 1.9676427e-003
 1.9700171e-003
 1.9722509e-003
 1.9742926e-003
 1.9760944e-003
 1.9776144e-003
 1.9788190e-003
 1.9796868e-003
 1.9802162e-003
 1.9804260e-003
 1.9803529e-003
 1.9800458e-003
 1.9795615e-003
 1.9789583e-003
 1.9782945e-003
 1.9776246e-003
 1.9769955e-003
 1.9764421e-003
 1.9759838e-003
 1.9756227e-003
 1.9753440e-003
 1.9751212e-003
 1.9749186e-003
 1.9746982e-003
 1.9744195e-003
 1.9740432e-003
 1.9735310e-003
 1.9728455e-003
 1.9719894e-003
 1.9711014e-003
 1.9696739e-003
 1.9680005e-003
 1.9660858e-003
 1.9639339e-003
 1.9615502e-003
 1.9589399e-003
 1.9561073e-003
 1.9530570e-003
 1.9497944e-003
 1.9463252e-003
 1.9426792e-003
 1.9388952e-003
 1.9350128e-003
 1.9310704e-003
 1.9271094e-003
 1.9231690e-003
 1.9192885e-003
 1.9155064e-003
 1.9118644e-003
 1.9084010e-003
 1.9051558e-003
 1.9021679e-003
 1.8994781e-003
 1.8971213e-003
 1.8950966e-003
 1.8933830e-003
 1.8919592e-003
 1.8908053e-003
 1.8899000e-003
 1.8892218e-003
 1.8887506e-003
 1.8884651e-003
 1.8883442e-003
 1.8883672e-003
 1.8885133e-003
 1.8887615e-003
 1.8890906e-003
 1.8894799e-003
 1.8899087e-003
 1.8903556e-003
 1.8908001e-003
 1.8912227e-003
 1.8916175e-003
 1.8919866e-003
 1.8923314e-003
 1.8926536e-003
 1.8929552e-003
 1.8932375e-003
 1.8935022e-003
 1.8937512e-003
 1.8939861e-003
 1.8942087e-003
 1.8944207e-003
 1.8946234e-003
 1.8948187e-003
 1.8950086e-003
 1.8951946e-003
 1.8953780e-003
 1.8955611e-003
 1.8957452e-003
 1.8959322e-003
 1.8961235e-003
 1.8963212e-003
 1.8965263e-003
 1.8967378e-003
 1.8969533e-003
 1.8971706e-003
 1.8973872e-003
 1.8976004e-003
 1.8978079e-003
 1.8980075e-003
 1.8981965e-003
 1.8983728e-003
 1.8985334e-003
 1.8986767e-003
 1.8987997e-003
 1.8988999e-003
 1.8989753e-003
 1.8990234e-003
 1.8990416e-003
 1.8990275e-003
 1.8989788e-003
 1.8988929e-003
 1.8987675e-003
 1.8986004e-003
 1.8983888e-003
 1.8981304e-003
 1.8978229e-003
 1.8974638e-003
 1.8970510e-003
 1.8965852e-003
 1.8960689e-003
 1.8955041e-003
 1.8948928e-003
 1.8942376e-003
 1.8935401e-003
 1.8928031e-003
 1.8920286e-003
 1.8912188e-003
 1.8903755e-003
 1.8895016e-003
 1.8885989e-003
 1.8876696e-003
 1.8867158e-003
 1.8857399e-003
 1.8847443e-003
 1.8837305e-003
 1.8827009e-003
 1.8816586e-003
 1.8806048e-003
 1.8795420e-003
 1.8784723e-003
 1.8773980e-003
 1.8763212e-003
 1.8752443e-003
 1.8741695e-003
 1.8730985e-003
 1.8720342e-003
 1.8709783e-003
 1.8699330e-003
 1.8688993e-003
 1.8678783e-003
 1.8668703e-003
