s07_ASD Record=8580:  error bars to preceding                
 1.5155660e-003
 1.5035343e-003
 1.4839651e-003
 1.4582229e-003
 1.4300112e-003
 1.4047970e-003
 1.3880304e-003
 1.3832925e-003
 1.3911669e-003
 1.4092093e-003
 1.4329815e-003
 1.4573021e-003
 1.4771977e-003
 1.4884594e-003
 1.4884984e-003
 1.4772700e-003
 1.4575890e-003
 1.4345028e-003
 1.4142265e-003
 1.4026933e-003
 1.4038446e-003
 1.4182363e-003
 1.4428592e-003
 1.4723884e-003
 1.5010081e-003
 1.5239759e-003
 1.5388948e-003
 1.5459941e-003
 1.5469367e-003
 1.5432114e-003
 1.5354468e-003
 1.5234656e-003
 1.5066257e-003
 1.4840565e-003
 1.4553323e-003
 1.4215970e-003
 1.3860870e-003
 1.3539898e-003
 1.3313520e-003
 1.3227748e-003
 1.3289687e-003
 1.3458352e-003
 1.3659369e-003
 1.3816841e-003
 1.3881247e-003
 1.3835350e-003
 1.3679108e-003
 1.3413081e-003
 1.3040036e-003
 1.2585508e-003
 1.2117581e-003
 1.1742723e-003
 1.1570725e-003
 1.1665166e-003
 1.2011481e-003
 1.2520363e-003
 1.3059471e-003
 1.3514513e-003
 1.3826597e-003
 1.3970800e-003
 1.3980765e-003
 1.3917668e-003
 1.3800182e-003
 1.3632970e-003
 1.3427087e-003
 1.3220914e-003
 1.3049566e-003
 1.2918100e-003
 1.2806136e-003
 1.2687979e-003
 1.2569773e-003
 1.2509825e-003
 1.2588814e-003
 1.2847251e-003
 1.3234763e-003
 1.3606335e-003
 1.3775756e-003
 1.3600255e-003
 1.3048602e-003
 1.2216693e-003
 1.1283929e-003
 1.0435919e-003
 9.7953563e-004
 9.3985518e-004
 9.2239899e-004
 9.2456240e-004
 9.4674208e-004
 9.9128520e-004
 1.0578454e-003
 1.1388081e-003
 1.2183957e-003
 1.2768680e-003
 1.2981385e-003
 1.2771410e-003
 1.2233254e-003
 1.1587455e-003
 1.1110037e-003
 1.1027599e-003
 1.1426354e-003
 1.2229919e-003
 1.3247399e-003
 1.4260631e-003
 1.5103354e-003
 1.5698392e-003
 1.6055721e-003
 1.6240600e-003
 1.6325942e-003
 1.6362992e-003
 1.6378771e-003
 1.6386715e-003
 1.6396127e-003
 1.6413865e-003
 1.6440655e-003
 1.6468249e-003
 1.6481323e-003
 1.6462575e-003
 1.6396268e-003
 1.6267850e-003
 1.6063784e-003
 1.5779487e-003
 1.5437659e-003
 1.5104187e-003
 1.4879046e-003
 1.4850785e-003
 1.5036071e-003
 1.5350104e-003
 1.5637599e-003
 1.5748690e-003
 1.5615447e-003
 1.5291618e-003
 1.4934976e-003
 1.4723052e-003
 1.4730246e-003
 1.4853785e-003
 1.4879422e-003
 1.4667636e-003
 1.4303948e-003
 1.4056436e-003
 1.4159811e-003
 1.4626187e-003
 1.5257668e-003
 1.5822112e-003
 1.6202081e-003
 1.6400848e-003
 1.6462011e-003
 1.6411174e-003
 1.6250480e-003
 1.5971729e-003
 1.5568032e-003
 1.5052500e-003
 1.4480230e-003
 1.3946660e-003
 1.3555250e-003
 1.3386987e-003
 1.3495052e-003
 1.3892811e-003
 1.4501514e-003
 1.5107440e-003
 1.5427871e-003
 1.5294333e-003
 1.4810401e-003
 1.4319496e-003
 1.4175880e-003
 1.4500446e-003
 1.5117412e-003
 1.5695713e-003
 1.5958457e-003
 1.5822289e-003
 1.5411463e-003
 1.4951783e-003
 1.4614299e-003
 1.4441326e-003
 1.4419783e-003
 1.4577497e-003
 1.4935198e-003
 1.5365628e-003
 1.5593165e-003
 1.5421442e-003
 1.4970690e-003
 1.4633670e-003
 1.4743248e-003
 1.5281910e-003
 1.5936631e-003
 1.6410104e-003
 1.6634763e-003
 1.6715497e-003
 1.6737411e-003
 1.6640852e-003
 1.6258509e-003
 1.5513096e-003
 1.4633682e-003
 1.4113092e-003
 1.4318142e-003
 1.5126698e-003
 1.6019687e-003
 1.6499148e-003
 1.6355318e-003
 1.5664439e-003
 1.4751680e-003
 1.4118783e-003
 1.4140306e-003
 1.4700643e-003
 1.5240300e-003
 1.5274406e-003
 1.4852980e-003
 1.4444295e-003
 1.4361867e-003
 1.4428841e-003
 1.4313129e-003
 1.4057225e-003
 1.4046859e-003
 1.4507144e-003
 1.5254455e-003
 1.5929166e-003
 1.6283616e-003
 1.6267288e-003
 1.6018865e-003
 1.5778472e-003
 1.5658129e-003
 1.5519031e-003
 1.5199094e-003
 1.4741301e-003
 1.4179000e-003
 1.3261767e-003
 1.1770282e-003
 1.0055467e-003
 8.9026435e-004
 8.8343729e-004
 9.7603572e-004
 1.1179170e-003
 1.2414688e-003
 1.2806603e-003
 1.2136595e-003
 1.0956480e-003
 1.0198554e-003
 1.0358212e-003
 1.1189418e-003
 1.2158537e-003
 1.3003913e-003
 1.3802762e-003
 1.4612845e-003
 1.5241810e-003
 1.5495388e-003
 1.5518863e-003
 1.5653629e-003
 1.6003805e-003
 1.6368777e-003
 1.6565339e-003
 1.6615301e-003
 1.6627382e-003
 1.6627489e-003
 1.6490211e-003
 1.6020911e-003
 1.5267779e-003
 1.4740465e-003
 1.4946448e-003
 1.5715598e-003
 1.6404863e-003
 1.6628301e-003
 1.6366713e-003
 1.5618021e-003
 1.4461328e-003
 1.3362846e-003
 1.2916024e-003
 1.3158153e-003
 1.3462555e-003
 1.3259270e-003
 1.2713175e-003
 1.2571658e-003
 1.3347305e-003
 1.4742953e-003
 1.5989392e-003
 1.6632172e-003
 1.6776463e-003
 1.6703825e-003
 1.6533348e-003
 1.6237390e-003
 1.5843041e-003
 1.5468381e-003
 1.5026759e-003
 1.4207246e-003
 1.3144374e-003
 1.2718010e-003
 1.3491738e-003
 1.4865347e-003
 1.5909763e-003
 1.6362498e-003
 1.6467751e-003
 1.6326959e-003
 1.5775837e-003
 1.4825737e-003
 1.4008925e-003
 1.4012415e-003
 1.4889673e-003
 1.5942110e-003
 1.6506211e-003
 1.6542237e-003
 1.6375619e-003
 1.6207771e-003
 1.5981508e-003
 1.5458785e-003
 1.4358649e-003
 1.2703179e-003
 1.1140124e-003
 1.0569099e-003
 1.1204343e-003
 1.2280176e-003
 1.2863578e-003
 1.2757664e-003
 1.2527516e-003
 1.2721955e-003
 1.3130193e-003
 1.3029531e-003
 1.2224710e-003
 1.1458097e-003
 1.1621717e-003
 1.2860197e-003
 1.4581977e-003
 1.5997478e-003
 1.6666740e-003
 1.6734916e-003
 1.6579092e-003
 1.6309706e-003
 1.5757408e-003
 1.4868053e-003
 1.3964636e-003
 1.3587925e-003
 1.4038204e-003
 1.5047021e-003
 1.5932036e-003
 1.6088816e-003
 1.5355919e-003
 1.3997533e-003
 1.2460464e-003
 1.1171775e-003
 1.0436596e-003
 1.0365127e-003
 1.0836627e-003
 1.1584144e-003
 1.2371632e-003
 1.3110859e-003
 1.3806340e-003
 1.4385399e-003
 1.4603477e-003
 1.4192570e-003
 1.3206765e-003
 1.2218537e-003
 1.2003661e-003
 1.2867762e-003
 1.4237619e-003
 1.4990778e-003
 1.4336340e-003
 1.2544281e-003
 1.1051496e-003
 1.1290683e-003
 1.3191337e-003
 1.5323549e-003
 1.6413035e-003
 1.6560216e-003
 1.6436650e-003
 1.6096109e-003
 1.5240837e-003
 1.3981102e-003
 1.2823109e-003
 1.2186611e-003
 1.2100479e-003
 1.2331723e-003
 1.2848647e-003
 1.3784647e-003
 1.4538912e-003
 1.3776630e-003
 1.1433674e-003
 9.6508121e-004
 1.0194870e-003
 1.2120401e-003
 1.3283002e-003
 1.2875057e-003
 1.1619147e-003
 1.0553197e-003
 1.0187505e-003
 1.0464155e-003
 1.1272595e-003
 1.2603779e-003
 1.3912469e-003
 1.4133588e-003
 1.3228367e-003
 1.2777918e-003
 1.3815721e-003
 1.5235669e-003
 1.5650599e-003
 1.5434398e-003
 1.5678690e-003
 1.6417820e-003
 1.6925361e-003
 1.6755876e-003
 1.5831952e-003
 1.4251040e-003
 1.2484858e-003
 1.1472692e-003
 1.2220247e-003
 1.3987728e-003
 1.4092441e-003
 1.1472425e-003
 8.0306089e-004
 5.9443363e-004
 5.9464667e-004
 7.5216015e-004
 9.7954459e-004
 1.2072151e-003
 1.3906938e-003
 1.4988966e-003
 1.5146664e-003
 1.4346280e-003
 1.2700078e-003
 1.0605095e-003
 8.7209645e-004
 7.6916569e-004
 7.8612578e-004
 9.2434447e-004
 1.1567330e-003
 1.4098561e-003
 1.5695104e-003
 1.5453184e-003
 1.3588441e-003
 1.1295752e-003
 9.7134057e-004
 9.2651858e-004
 9.5853297e-004
 9.8900113e-004
 9.7537332e-004
 9.4549719e-004
 9.4858353e-004
 1.0226836e-003
 1.1483658e-003
 1.2831027e-003
 1.3843131e-003
 1.4154577e-003
 1.3799294e-003
 1.2971890e-003
 1.1867280e-003
 1.0690952e-003
 9.7149028e-004
 9.2382974e-004
 9.5604849e-004
 1.0889174e-003
 1.2827441e-003
 1.4733018e-003
 1.5963014e-003
 1.5986601e-003
 1.5019675e-003
 1.3332445e-003
 1.2001727e-003
 1.1312349e-003
 1.1386739e-003
 1.1965899e-003
 1.2774412e-003
 1.3536573e-003
 1.3986252e-003
 1.4067277e-003
 1.3931927e-003
 1.3741422e-003
 1.3657040e-003
 1.3834543e-003
 1.4306847e-003
 1.4985908e-003
 1.5778284e-003
 1.6590867e-003
 1.7330410e-003
 1.7909054e-003
 1.8243580e-003
 1.8251180e-003
 1.7848972e-003
 1.6954115e-003
 1.5543627e-003
 1.3828210e-003
 1.2074398e-003
 1.0549512e-003
 9.5201342e-004
 9.2534110e-004
 9.9132385e-004
 1.1267154e-003
 1.2987823e-003
 1.4747232e-003
 1.6218143e-003
 1.7072603e-003
 1.6983239e-003
 1.5738389e-003
 1.3569540e-003
 1.0812856e-003
 7.8056206e-004
 4.8837950e-004
 2.3847067e-004
 6.4443666e-005
 2.9090188e-009
 6.7608620e-005
 2.4753119e-004
 5.1015546e-004
 8.2576531e-004
 1.1647779e-003
 1.4974591e-003
 1.7941981e-003
 2.0253668e-003
 2.1692326e-003
 2.2338885e-003
 2.2343060e-003
 2.1854748e-003
 2.1023937e-003
 2.0000320e-003
 1.8934010e-003
 1.7974649e-003
 1.7240464e-003
 1.6731760e-003
 1.6422056e-003
 1.6284679e-003
 1.6293041e-003
 1.6420535e-003
 1.6640585e-003
 1.6926539e-003
 1.7251859e-003
 1.7589863e-003
 1.7914026e-003
 1.8197671e-003
 1.8420189e-003
 1.8582367e-003
 1.8689960e-003
 1.8748651e-003
 1.8764174e-003
 1.8742239e-003
 1.8688559e-003
 1.8608841e-003
 1.8508815e-003
 1.8394173e-003
 1.8270656e-003
 1.8143950e-003
 1.8019225e-003
 1.7899551e-003
 1.7787598e-003
 1.7685986e-003
 1.7597377e-003
 1.7524399e-003
 1.7469707e-003
 1.7435935e-003
 1.7425732e-003
 1.7441736e-003
 1.7486596e-003
 1.7559929e-003
 1.7650772e-003
 1.7745802e-003
 1.7831734e-003
 1.7895246e-003
 1.7923045e-003
 1.7901820e-003
 1.7818263e-003
 1.7659088e-003
 1.7410953e-003
 1.7067101e-003
 1.6643177e-003
 1.6159659e-003
 1.5637203e-003
 1.5096228e-003
 1.4557401e-003
 1.4041137e-003
 1.3568101e-003
 1.3158723e-003
 1.2833638e-003
 1.2608885e-003
 1.2485501e-003
 1.2461205e-003
 1.2533756e-003
 1.2700920e-003
 1.2960406e-003
 1.3309983e-003
 1.3747456e-003
 1.4270473e-003
 1.4876907e-003
 1.5555280e-003
 1.6263778e-003
 1.6953815e-003
 1.7577126e-003
 1.8085141e-003
 1.8429557e-003
 1.8561871e-003
 1.8433685e-003
 1.7996618e-003
 1.7231420e-003
 1.6215866e-003
 1.5048317e-003
 1.3826635e-003
 1.2649228e-003
 1.1613953e-003
 1.0819178e-003
 1.0362843e-003
 1.0307827e-003
 1.0600407e-003
 1.1162854e-003
 1.1917632e-003
 1.2786899e-003
 1.3693190e-003
 1.4558630e-003
 1.5305681e-003
 1.5878682e-003
 1.6293281e-003
 1.6579917e-003
 1.6768853e-003
 1.6890470e-003
 1.6975076e-003
 1.7053025e-003
 1.7154630e-003
 1.7299482e-003
 1.7472400e-003
 1.7651289e-003
 1.7798399e-003
 1.7911430e-003
 1.7961963e-003
 1.7936864e-003
 1.7838643e-003
 1.7683731e-003
 1.7498052e-003
 1.7312022e-003
 1.7156443e-003
 1.7056474e-003
 1.7022028e-003
 1.7041864e-003
 1.7089522e-003
 1.7132433e-003
 1.7137246e-003
 1.7072581e-003
 1.6910941e-003
 1.6629061e-003
 1.6207059e-003
 1.5628106e-003
 1.4882549e-003
 1.3978388e-003
 1.2954493e-003
 1.1885279e-003
 1.0872522e-003
 1.0029163e-003
 9.4609137e-004
 9.2443754e-004
 9.4071415e-004
 9.9213526e-004
 1.0714983e-003
 1.1691971e-003
 1.2751254e-003
 1.3801524e-003
 1.4770709e-003
 1.5609317e-003
 1.6286664e-003
 1.6784733e-003
 1.7093655e-003
 1.7210901e-003
 1.6025132e-003
 1.5914356e-003
 1.5694606e-003
 1.5384523e-003
 1.5006942e-003
 1.4587775e-003
 1.4154461e-003
 1.3734434e-003
 1.3353947e-003
 1.3035610e-003
 1.2796550e-003
 1.2646252e-003
 1.2584988e-003
 1.2603367e-003
 1.2683880e-003
 1.2803386e-003
 1.2936099e-003
 1.3057083e-003
 1.3145485e-003
 1.3187419e-003
 1.3177608e-003
 1.3119627e-003
 1.3024916e-003
 1.2910706e-003
 1.2797376e-003
 1.2705823e-003
 1.2654298e-003
 1.2654976e-003
 1.2711625e-003
 1.2818826e-003
 1.2964158e-003
 1.3132138e-003
 1.3308647e-003
 1.3484262e-003
 1.3655979e-003
 1.3826779e-003
 1.4003001e-003
 1.4190748e-003
 1.4391815e-003
 1.4600880e-003
 1.4804725e-003
 1.4983511e-003
 1.5114206e-003
 1.5174993e-003
 1.5149489e-003
 1.5030050e-003
 1.4819371e-003
 1.4530263e-003
 1.4183669e-003
 1.3806055e-003
 1.3425853e-003
 1.3070713e-003
 1.2764848e-003
 1.2527158e-003
 1.2370402e-003
 1.2300553e-003
 1.2317100e-003
 1.2413575e-003
 1.2578738e-003
 1.2797962e-003
 1.3055139e-003
 1.3334317e-003
 1.3621367e-003
 1.3905198e-003
 1.4177982e-003
 1.4434974e-003
 1.4673719e-003
 1.4892684e-003
 1.5090349e-003
 1.5264268e-003
 1.5410902e-003
 1.5525906e-003
 1.5604526e-003
 1.5642218e-003
 1.5634840e-003
 1.5578648e-003
 1.5470000e-003
 1.5305271e-003
 1.5081061e-003
 1.4795348e-003
 1.4449187e-003
 1.4048674e-003
 1.3607146e-003
 1.3145776e-003
 1.2693366e-003
 1.2283764e-003
 1.1951647e-003
 1.1727666e-003
 1.1632985e-003
 1.1675043e-003
 1.1845267e-003
 1.2119341e-003
 1.2460048e-003
 1.2822555e-003
 1.3161341e-003
 1.3436988e-003
 1.3622654e-003
 1.3707884e-003
 1.3699910e-003
 1.3621548e-003
 1.3506347e-003
 1.3391807e-003
 1.3312285e-003
 1.3292844e-003
 1.3345492e-003
 1.3468402e-003
 1.3648119e-003
 1.3863738e-003
 1.4092075e-003
 1.4312449e-003
 1.4509660e-003
 1.4675367e-003
 1.4807231e-003
 1.4907122e-003
 1.4978888e-003
 1.5026520e-003
 1.5053354e-003
 1.5062226e-003
 1.5056269e-003
 1.5039876e-003
 1.5019206e-003
 1.5001883e-003
 1.4995756e-003
 1.5006978e-003
 1.5037801e-003
 1.5084699e-003
 1.5137373e-003
 1.5179099e-003
 1.5188508e-003
 1.5142750e-003
 1.5021489e-003
 1.4811086e-003
 1.4507878e-003
 1.4120244e-003
 1.3668109e-003
 1.3180831e-003
 1.2692850e-003
 1.2238225e-003
 1.1845741e-003
 1.1534522e-003
 1.1311638e-003
 1.1172283e-003
 1.1101641e-003
 1.1078718e-003
 1.1080748e-003
 1.1087620e-003
 1.1085392e-003
 1.1068392e-003
 1.1039665e-003
 1.1009824e-003
 1.0994633e-003
 1.1011875e-003
 1.1078046e-003
 1.1205464e-003
 1.1400235e-003
 1.1661465e-003
 1.1981342e-003
 1.2346609e-003
 1.2740175e-003
 1.3143296e-003
 1.3537642e-003
 1.3906419e-003
 1.4235597e-003
 1.4513856e-003
 1.4732571e-003
 1.4885467e-003
 1.4968126e-003
 1.4978021e-003
 1.4914843e-003
 1.4781263e-003
 1.4583890e-003
 1.4334342e-003
 1.4049786e-003
 1.3752587e-003
 1.3469277e-003
 1.3227911e-003
 1.3054991e-003
 1.2971540e-003
 1.2989416e-003
 1.3108448e-003
 1.3314980e-003
 1.3582152e-003
 1.3872311e-003
 1.4141406e-003
 1.4344426e-003
 1.4441921e-003
 1.4405795e-003
 1.4224108e-003
 1.3903417e-003
 1.3468640e-003
 1.2959940e-003
 1.2426911e-003
 1.1921837e-003
 1.1491642e-003
 1.1171571e-003
 1.0980210e-003
 1.0917505e-003
 1.0965983e-003
 1.1094662e-003
 1.1265139e-003
 1.1438744e-003
 1.1583513e-003
 1.1679418e-003
 1.1721299e-003
 1.1718486e-003
 1.1691604e-003
 1.1666993e-003
 1.1670187e-003
 1.1719746e-003
 1.1822870e-003
 1.1973589e-003
 1.2153932e-003
 1.2337319e-003
 1.2493645e-003
 1.2594688e-003
 1.2618627e-003
 1.2553247e-003
 1.2397221e-003
 1.2159760e-003
 1.1858745e-003
 1.1518418e-003
 1.1166250e-003
 1.0830413e-003
 1.0537121e-003
 1.0308395e-003
 1.0160591e-003
 1.0102998e-003
 1.0137372e-003
 1.0257878e-003
 1.0451921e-003
 1.0701406e-003
 1.0984787e-003
 1.1279001e-003
 1.1561634e-003
 1.1812809e-003
 1.2016289e-003
 1.2160520e-003
 1.2238842e-003
 1.2249693e-003
 1.2196485e-003
 1.2087356e-003
 1.1934731e-003
 1.1754376e-003
 1.1564157e-003
 1.1381946e-003
 1.1223479e-003
 1.1099998e-003
 1.1016508e-003
 1.0971237e-003
 1.0956372e-003
 1.0960312e-003
 1.0970840e-003
 1.0978553e-003
 1.0979564e-003
 1.0976758e-003
 1.0979132e-003
 1.0999372e-003
 1.1050234e-003
 1.1140667e-003
 1.1272759e-003
 1.1440112e-003
 1.1628189e-003
 1.1816509e-003
 1.1981846e-003
 1.2102096e-003
 1.2159783e-003
 1.2144508e-003
 1.2054265e-003
 1.1895386e-003
 1.1681394e-003
 1.1430877e-003
 1.1165178e-003
 1.0905490e-003
 1.0670505e-003
 1.0474097e-003
 1.0323678e-003
 1.0219596e-003
 1.0155314e-003
 1.0118961e-003
 1.0095801e-003
 1.0071498e-003
 1.0035587e-003
 9.9844113e-004
 9.9229265e-004
 9.8647829e-004
 9.8305149e-004
 9.8441425e-004
 9.9286926e-004
 1.0101572e-003
 1.0370633e-003
 1.0731935e-003
 1.1169069e-003
 1.1654724e-003
 1.2154045e-003
 1.2628434e-003
 1.3040622e-003
 1.3358586e-003
 1.3559246e-003
 1.3630769e-003
 1.3573283e-003
 1.3398367e-003
 1.3127178e-003
 1.2787528e-003
 1.2410105e-003
 1.2024917e-003
 1.1657405e-003
 1.1326025e-003
 1.1040593e-003
 1.0802218e-003
 1.0605052e-003
 1.0438785e-003
 1.0292199e-003
 1.0156332e-003
 1.0026820e-003
 9.9049613e-004
 9.7970432e-004
 9.7123644e-004
 9.6606795e-004
 9.6496055e-004
 9.6830231e-004
 9.7606867e-004
 9.8792114e-004
 1.0033788e-003
 1.0220205e-003
 1.0436046e-003
 1.0680928e-003
 1.0955582e-003
 1.1259740e-003
 1.1590226e-003
 1.1939028e-003
 1.2292776e-003
 1.2633597e-003
 1.2940770e-003
 1.3193786e-003
 1.3375024e-003
 1.3472425e-003
 1.3481182e-003
 1.3404291e-003
 1.3252209e-003
 1.3041493e-003
 1.2793090e-003
 1.2529989e-003
 1.2275170e-003
 1.2049365e-003
 1.1869100e-003
 1.1745424e-003
 1.1682916e-003
 1.1679789e-003
 1.1728696e-003
 1.1818536e-003
 1.1936798e-003
 1.2072248e-003
 1.2217110e-003
 1.2368467e-003
 1.2528396e-003
 1.2702537e-003
 1.2897791e-003
 1.3119184e-003
 1.3367129e-003
 1.3635714e-003
 1.3912210e-003
 1.4178735e-003
 1.4414962e-003
 1.4602051e-003
 1.4726643e-003
 1.4783902e-003
 1.4779296e-003
 1.4728301e-003
 1.4654127e-003
 1.4583720e-003
 1.4542874e-003
 1.4551264e-003
 1.4618585e-003
 1.4742626e-003
 1.4909897e-003
 1.5098559e-003
 1.5283311e-003
 1.5441078e-003
 1.5555932e-003
 1.5622594e-003
 1.5647239e-003
 1.5645891e-003
 1.5640649e-003
 1.5654832e-003
 1.5708129e-003
 1.5812771e-003
 1.5971329e-003
 1.6176460e-003
 1.6412059e-003
 1.6655709e-003
 1.6881783e-003
 1.7064410e-003
 1.7180706e-003
 1.7213348e-003
 1.7153027e-003
 1.7000140e-003
 1.6765782e-003
 1.6471358e-003
 1.6147052e-003
 1.5828543e-003
 1.5552413e-003
 1.5351316e-003
 1.5248932e-003
 1.5256617e-003
 1.5371746e-003
 1.5578648e-003
 1.5851425e-003
 1.6158452e-003
 1.6466854e-003
 1.6746623e-003
 1.6973426e-003
 1.7129568e-003
 1.7204199e-003
 1.7192586e-003
 1.7095736e-003
 1.6920323e-003
 1.6679234e-003
 1.6392041e-003
 1.6084678e-003
 1.5788212e-003
 1.5535554e-003
 1.5357436e-003
 1.5277532e-003
 1.5308346e-003
 1.5448813e-003
 1.5684260e-003
 1.5988732e-003
 1.6329334e-003
 1.6671673e-003
 1.6984574e-003
 1.7244112e-003
 1.7435130e-003
 1.7551152e-003
 1.7592520e-003
 1.7563547e-003
 1.7469724e-003
 1.7315578e-003
 1.7103698e-003
 1.6834950e-003
 1.6510048e-003
 1.6131575e-003
 1.5705895e-003
 1.5244918e-003
 1.4766018e-003
 1.4291349e-003
 1.3845379e-003
 1.3451668e-003
 1.3130050e-003
 1.2893783e-003
 1.2748616e-003
 1.2692926e-003
 1.2719379e-003
 1.2817404e-003
 1.2975690e-003
 1.3183949e-003
 1.3433645e-003
 1.3717704e-003
 1.4029145e-003
 1.4360070e-003
 1.4700660e-003
 1.5039472e-003
 1.5364736e-003
 1.5665928e-003
 1.5935746e-003
 1.6171418e-003
 1.6374625e-003
 1.6550694e-003
 1.6706443e-003
 1.6847949e-003
 1.6978574e-003
 1.7097709e-003
 1.7200910e-003
 1.7280933e-003
 1.7329720e-003
 1.7340612e-003
 1.7310292e-003
 1.7240108e-003
 1.7136498e-003
 1.7010511e-003
 1.6876473e-003
 1.6750322e-003
 1.6647488e-003
 1.6581069e-003
 1.6560142e-003
 1.6588644e-003
 1.6664868e-003
 1.6781708e-003
 1.6927511e-003
 1.7087668e-003
 1.7246718e-003
 1.7390465e-003
 1.7508158e-003
 1.7594104e-003
 1.7648335e-003
 1.7676395e-003
 1.7687955e-003
 1.7694656e-003
 1.7707507e-003
 1.7734363e-003
 1.7778042e-003
 1.7835438e-003
 1.7897885e-003
 1.7952732e-003
 1.7985753e-003
 1.7984092e-003
 1.7939027e-003
 1.7848164e-003
 1.7716443e-003
 1.7555942e-003
 1.7384109e-003
 1.7221144e-003
 1.7086653e-003
 1.6996444e-003
 1.6960195e-003
 1.6980147e-003
 1.7050996e-003
 1.7160897e-003
 1.7293430e-003
 1.7429753e-003
 1.7550840e-003
 1.7639130e-003
 1.7678979e-003
 1.7656847e-003
 1.7561261e-003
 1.7382447e-003
 1.7113291e-003
 1.6751430e-003
 1.6301181e-003
 1.5776211e-003
 1.5201209e-003
 1.4611420e-003
 1.4050694e-003
 1.3566189e-003
 1.3202250e-003
 1.2992501e-003
 1.2953772e-003
 1.3085118e-003
 1.3369580e-003
 1.3778079e-003
 1.4274312e-003
 1.4819776e-003
 1.5376840e-003
 1.5911396e-003
 1.6395024e-003
 1.6805558e-003
 1.7127765e-003
 1.7352678e-003
 1.7477245e-003
 1.7503692e-003
 1.7438829e-003
 1.7293443e-003
 1.7081538e-003
 1.6819380e-003
 1.6523814e-003
 1.6210640e-003
 1.5892833e-003
 1.5579636e-003
 1.5275783e-003
 1.4981406e-003
 1.4692734e-003
 1.4402691e-003
 1.4102770e-003
 1.3785162e-003
 1.3445149e-003
 1.3083636e-003
 1.2708468e-003
 1.2334178e-003
 1.1980556e-003
 1.1669003e-003
 1.1418589e-003
 1.1241615e-003
 1.1140292e-003
 1.1106459e-003
 1.1123524e-003
 1.1170115e-003
 1.1224416e-003
 1.1268288e-003
 1.1290264e-003
 1.1287080e-003
 1.1263853e-003
 1.1232910e-003
 1.1211243e-003
 1.1217182e-003
 1.1266803e-003
 1.1370777e-003
 1.1532158e-003
 1.1745737e-003
 1.1998637e-003
 1.2272199e-003
 1.2544708e-003
 1.2794036e-003
 1.3000559e-003
 1.3149056e-003
 1.3230238e-003
 1.3241408e-003
 1.3186379e-003
 1.3074899e-003
 1.2921672e-003
 1.2745018e-003
 1.2565177e-003
 1.2402602e-003
 1.2275744e-003
 1.2199071e-003
 1.2181001e-003
 1.2222370e-003
 1.2315648e-003
 1.2445252e-003
 1.2588992e-003
 1.2720797e-003
 1.2814366e-003
 1.2847089e-003
 1.2803867e-003
 1.2679923e-003
 1.2482197e-003
 1.2228802e-003
 1.1946944e-003
 1.1669204e-003
 1.1428926e-003
 1.1255869e-003
 1.1172099e-003
 1.1189535e-003
 1.1308814e-003
 1.1520004e-003
 1.1804457e-003
 1.2137881e-003
 1.2493355e-003
 1.2844489e-003
 1.3168069e-003
 1.3445505e-003
 1.3664053e-003
 1.3816762e-003
 1.3902246e-003
 1.3923920e-003
 1.3888935e-003
 1.3807006e-003
 1.3689133e-003
 1.3546209e-003
 1.3387573e-003
 1.3219846e-003
 1.3045947e-003
 1.2864602e-003
 1.2670783e-003
 1.2456643e-003
 1.2213517e-003
 1.1934272e-003
 1.1615754e-003
 1.1261269e-003
 1.0881721e-003
 1.0496161e-003
 1.0130539e-003
 9.8149676e-004
 9.5801771e-004
 9.4527699e-004
 9.4511063e-004
 9.5817540e-004
 9.8377664e-004
 1.0199785e-003
 1.0639429e-003
 1.1123284e-003
 1.1617710e-003
 1.2093374e-003
 1.2528109e-003
 1.2909060e-003
 1.3233145e-003
 1.3506853e-003
 1.3744278e-003
 1.3963546e-003
 1.4182670e-003
 1.4415245e-003
 1.4666618e-003
 1.4932117e-003
 1.5197020e-003
 1.5439049e-003
 1.5632780e-003
 1.5754920e-003
 1.5790004e-003
 1.5734889e-003
 1.5600929e-003
 1.5412701e-003
 1.5204747e-003
 1.5016431e-003
 1.4886484e-003
 1.4847578e-003
 1.4922168e-003
 1.5120143e-003
 1.5438129e-003
 1.5859832e-003
 1.6358353e-003
 1.6900012e-003
 1.7448340e-003
 1.7968679e-003
 1.8432271e-003
 1.8818690e-003
 1.9117693e-003
 1.9328645e-003
 1.9459138e-003
 1.9522447e-003
 1.9534396e-003
 1.9510387e-003
 1.9462818e-003
 1.9399328e-003
 1.9322033e-003
 1.9227908e-003
 1.9109995e-003
 1.8959518e-003
 1.8768291e-003
 1.8531088e-003
 1.8247884e-003
 1.7924964e-003
 1.7575504e-003
 1.7218743e-003
 1.6878102e-003
 1.6578889e-003
 1.6345162e-003
 1.6196669e-003
 1.6146461e-003
 1.6199024e-003
 1.6349730e-003
 1.6585320e-003
 1.6885698e-003
 1.7226201e-003
 1.7580782e-003
 1.7924670e-003
 1.8237007e-003
 1.8502778e-003
 1.8713444e-003
 1.8867181e-003
 1.8967828e-003
 1.9023557e-003
 1.9045133e-003
 1.9044117e-003
 1.9031375e-003
 1.9015941e-003
 1.9004354e-003
 1.9000468e-003
 1.9005638e-003
 1.9019188e-003
 1.9039001e-003
 1.9062144e-003
 1.9085420e-003
 1.9105778e-003
 1.9120611e-003
 1.9127920e-003
 1.9126366e-003
 1.9115285e-003
 1.9094669e-003
 1.9065127e-003
 1.9027834e-003
 1.8984522e-003
 1.8937356e-003
 1.8888878e-003
 1.8841834e-003
 1.8798985e-003
 1.8762934e-003
 1.8735895e-003
 1.8719538e-003
 1.8714861e-003
 1.8722117e-003
 1.8740830e-003
 1.8769859e-003
 1.8807494e-003
 1.8851577e-003
 1.8899654e-003
 1.8949052e-003
 1.8997006e-003
 1.9040771e-003
 1.9077691e-003
 1.9105348e-003
 1.9121667e-003
 1.9125066e-003
 1.9114604e-003
 1.9090081e-003
 1.9052090e-003
 1.9002031e-003
 1.8942032e-003
 1.8874770e-003
 1.8803249e-003
 1.8730456e-003
 1.8659084e-003
 1.8591215e-003
 1.8528018e-003
 1.8469623e-003
 1.8414989e-003
 1.8361930e-003
 1.8307065e-003
 1.8245791e-003
 1.8172351e-003
 1.8079828e-003
 1.7960125e-003
 1.7803821e-003
 1.7600328e-003
 1.7338390e-003
 1.7006652e-003
 1.6594451e-003
 1.6093368e-003
 1.5498360e-003
 1.4809935e-003
 1.4035431e-003
 1.3189219e-003
 1.2293197e-003
 1.1349049e-003
 1.0400038e-003
 9.4963232e-004
 8.6722773e-004
 7.9583732e-004
 7.3770498e-004
 6.9412531e-004
 6.6550891e-004
 6.5163156e-004
 6.5193418e-004
 6.6570262e-004
 6.9215463e-004
 7.3043077e-004
 7.7955757e-004
 8.3834428e-004
 9.0534589e-004
 9.7885856e-004
 1.0568636e-003
 1.1371658e-003
 1.2174136e-003
 1.2952053e-003
 1.3682010e-003
 1.4341798e-003
 1.4912972e-003
 1.5382726e-003
 1.5746515e-003
 1.6009104e-003
 1.6183376e-003
 1.6288367e-003
 1.6346609e-003
 1.6382139e-003
 1.6418885e-003
 1.6478959e-003
 1.6580464e-003
 1.6734741e-003
 1.6944000e-003
 1.7200485e-003
 1.7487286e-003
 1.7780792e-003
 1.8053551e-003
 1.8276343e-003
 1.8420363e-003
 1.8459210e-003
 1.8372084e-003
 1.8147470e-003
 1.7786614e-003
 1.7304675e-003
 1.6729634e-003
 1.6098843e-003
 1.5454947e-003
 1.4843207e-003
 1.4308380e-003
 1.3892520e-003
 1.3631012e-003
 1.3548043e-003
 1.3652792e-003
 1.3937756e-003
 1.4380313e-003
 1.4946667e-003
 1.5596602e-003
 1.6286594e-003
 1.6972926e-003
 1.7613233e-003
 1.8169211e-003
 1.8609613e-003
 1.8912320e-003
 1.9065611e-003
 1.9067154e-003
 1.8921479e-003
 1.8637259e-003
 1.8225367e-003
 1.7697917e-003
 1.7068008e-003
 1.6350955e-003
 1.5564871e-003
 1.4732332e-003
 1.3880585e-003
 1.3040770e-003
 1.2247501e-003
 1.1536747e-003
 1.0945188e-003
 1.0508313e-003
 1.0257824e-003
 1.0217974e-003
 1.0400249e-003
 1.0798937e-003
 1.1389158e-003
 1.2129038e-003
 1.2963834e-003
 1.3831293e-003
 1.4666371e-003
 1.5404142e-003
 1.5984587e-003
 1.6357547e-003
 1.6489965e-003
 1.6371919e-003
 1.6019043e-003
 1.5469957e-003
 1.4780402e-003
 1.4016273e-003
 1.3247586e-003
 1.2544775e-003
 1.1973721e-003
 1.1590832e-003
 1.1436001e-003
 1.1526759e-003
 1.1855941e-003
 1.2394157e-003
 1.3095468e-003
 1.3904079e-003
 1.4760126e-003
 1.5602929e-003
 1.6375352e-003
 1.7027499e-003
 1.7522329e-003
 1.7840356e-003
 1.7981157e-003
 1.7961775e-003
 1.7812046e-003
 1.7569473e-003
 1.7274939e-003
 1.6969941e-003
 1.6693990e-003
 1.6481567e-003
 1.6358889e-003
 1.6340711e-003
 1.6429221e-003
 1.6615165e-003
 1.6880971e-003
 1.7203954e-003
 1.7559277e-003
 1.7921606e-003
 1.8266803e-003
 1.8573861e-003
 1.8826749e-003
 1.9016541e-003
 1.9141939e-003
 1.9208652e-003
 1.9227545e-003
 1.9212506e-003
 1.9178771e-003
 1.9141606e-003
 1.9115065e-003
 1.9110352e-003
 1.9133878e-003
 1.9185527e-003
 1.9257986e-003
 1.9337396e-003
 1.9405143e-003
 1.9439771e-003
 1.9418740e-003
 1.9319912e-003
 1.9123435e-003
 1.8814314e-003
 1.8385877e-003
 1.7842720e-003
 1.7201653e-003
 1.6490961e-003
 1.5746860e-003
 1.5010688e-003
 1.4325810e-003
 1.3735046e-003
 1.3278590e-003
 1.2990145e-003
 1.2892537e-003
 1.2994024e-003
 1.3286652e-003
 1.3747782e-003
 1.4343907e-003
 1.5035318e-003
 1.5779128e-003
 1.6532457e-003
 1.7254112e-003
 1.7907646e-003
 1.8464873e-003
 1.8908223e-003
 1.9232441e-003
 1.9443008e-003
 1.9553497e-003
 1.9582319e-003
 1.9550077e-003
 1.9477869e-003
 1.9385971e-003
 1.9292409e-003
 1.9211317e-003
 1.9151613e-003
 1.9116353e-003
 1.9103364e-003
 1.9106582e-003
 1.9117639e-003
 1.9127108e-003
 1.9125394e-003
 1.9103460e-003
 1.9053693e-003
 1.8970873e-003
 1.8853064e-003
 1.8701975e-003
 1.8522531e-003
 1.8322148e-003
 1.8109577e-003
 1.7894272e-003
 1.7685523e-003
 1.7492069e-003
 1.7320855e-003
 1.7176090e-003
 1.7058330e-003
 1.6963873e-003
 1.6885308e-003
 1.6812450e-003
 1.6733547e-003
 1.6636146e-003
 1.6507981e-003
 1.6338092e-003
 1.6118082e-003
 1.5843962e-003
 1.5517991e-003
 1.5148927e-003
 1.4751626e-003
 1.4345291e-003
 1.3952050e-003
 1.3594845e-003
 1.3296545e-003
 1.3078806e-003
 1.2959865e-003
 1.2952675e-003
 1.3062884e-003
 1.3288044e-003
 1.3618510e-003
 1.4039002e-003
 1.4531241e-003
 1.5075336e-003
 1.5651040e-003
 1.6237823e-003
 1.6816221e-003
 1.7367922e-003
 1.7875816e-003
 1.8324961e-003
 1.8701954e-003
 1.8994313e-003
 1.9190619e-003
 1.9279942e-003
 1.9252228e-003
 1.9099386e-003
 1.8817170e-003
 1.8407595e-003
 1.7881636e-003
 1.7259559e-003
 1.6570190e-003
 1.5849211e-003
 1.5135545e-003
 1.4469628e-003
 1.3891945e-003
 1.3439783e-003
 1.3144644e-003
 1.3028057e-003
 1.3098075e-003
 1.3347656e-003
 1.3756385e-003
 1.4293563e-003
 1.4922823e-003
 1.5605208e-003
 1.6300924e-003
 1.6972366e-003
 1.7585914e-003
 1.8115109e-003
 1.8542694e-003
 1.8862410e-003
 1.9077474e-003
 1.9198018e-003
 1.9238570e-003
 1.9215583e-003
 1.9146090e-003
 1.9046699e-003
 1.8932682e-003
 1.8816963e-003
 1.8709385e-003
 1.8616201e-003
 1.8540514e-003
 1.8483136e-003
 1.8443422e-003
 1.8420052e-003
 1.8411445e-003
 1.8415925e-003
 1.8431818e-003
 1.8457460e-003
 1.8491233e-003
 1.8531563e-003
 1.8576921e-003
 1.8625777e-003
 1.8676650e-003
 1.8728080e-003
 1.8778604e-003
 1.8826878e-003
 1.8871714e-003
 1.8912156e-003
 1.8947638e-003
 1.8977984e-003
 1.9003379e-003
 1.9024253e-003
 1.9041214e-003
 1.9054926e-003
 1.9066035e-003
 1.9075096e-003
 1.9082451e-003
 1.9088069e-003
 1.9091428e-003
 1.9091463e-003
 1.9086610e-003
 1.9074944e-003
 1.9054334e-003
 1.9022573e-003
 1.8977560e-003
 1.8917479e-003
 1.8841146e-003
 1.8748505e-003
 1.8640913e-003
 1.8521325e-003
 1.8394244e-003
 1.8265162e-003
 1.8140231e-003
 1.8025831e-003
 1.7928358e-003
 1.7853684e-003
 1.7806737e-003
 1.7790854e-003
 1.7807126e-003
 1.7854237e-003
 1.7928627e-003
 1.8025145e-003
 1.8137692e-003
 1.8259634e-003
 1.8384324e-003
 1.8505268e-003
 1.8616474e-003
 1.8712688e-003
 1.8789852e-003
 1.8845118e-003
 1.8876716e-003
 1.8883739e-003
 1.8865757e-003
 1.8822626e-003
 1.8754369e-003
 1.8661239e-003
 1.8543871e-003
 1.8403661e-003
 1.8242836e-003
 1.8064613e-003
 1.7873246e-003
 1.7673535e-003
 1.7470673e-003
 1.7270178e-003
 1.7077446e-003
 1.6897756e-003
 1.6736239e-003
 1.6597405e-003
 1.6485150e-003
 1.6402629e-003
 1.6352392e-003
 1.6336438e-003
 1.6356483e-003
 1.6414016e-003
 1.6510251e-003
 1.6645874e-003
 1.6820341e-003
 1.7031339e-003
 1.7274002e-003
 1.7540738e-003
 1.7821231e-003
 1.8103509e-003
 1.8374519e-003
 1.8620613e-003
 1.8828579e-003
 1.8986244e-003
 1.9083645e-003
 1.9114821e-003
 1.9079010e-003
 1.8981308e-003
 1.8832053e-003
 1.8645456e-003
 1.8437975e-003
 1.8227218e-003
 1.8030641e-003
 1.7864718e-003
 1.7743747e-003
 1.7678032e-003
 1.7672665e-003
 1.7726921e-003
 1.7834803e-003
 1.7986452e-003
 1.8169750e-003
 1.8371390e-003
 1.8578039e-003
 1.8776959e-003
 1.8956749e-003
 1.9108658e-003
 1.9227330e-003
 1.9311105e-003
 1.9361824e-003
 1.9383813e-003
 1.9382898e-003
 1.9365611e-003
 1.9338642e-003
 1.9308435e-003
 1.9280781e-003
 1.9260306e-003
 1.9250074e-003
 1.9251429e-003
 1.9264140e-003
 1.9286831e-003
 1.9317422e-003
 1.9353518e-003
 1.9392624e-003
 1.9432314e-003
 1.9470326e-003
 1.9504770e-003
 1.9534223e-003
 1.9557753e-003
 1.9574922e-003
 1.9585632e-003
 1.9589984e-003
 1.9588198e-003
 1.9580550e-003
 1.9567367e-003
 1.9549089e-003
 1.9526306e-003
 1.9499807e-003
 1.9470641e-003
 1.9440047e-003
 1.9409418e-003
 1.9380259e-003
 1.9354085e-003
 1.9332378e-003
 1.9316527e-003
 1.9307652e-003
 1.9306474e-003
 1.9313155e-003
 1.9327237e-003
 1.9347705e-003
 1.9373145e-003
 1.9401875e-003
 1.9432128e-003
 1.9462127e-003
 1.9490166e-003
 1.9514771e-003
 1.9534817e-003
 1.9549660e-003
 1.9559185e-003
 1.9563772e-003
 1.9564147e-003
 1.9561257e-003
 1.9556142e-003
 1.9549867e-003
 1.9543469e-003
 1.9537893e-003
 1.9533930e-003
 1.9532160e-003
 1.9532936e-003
 1.9536396e-003
 1.9542526e-003
 1.9551218e-003
 1.9562307e-003
 1.9575604e-003
 1.9590850e-003
 1.9607707e-003
 1.9625674e-003
 1.9644035e-003
 1.9661852e-003
 1.9677968e-003
 1.9691086e-003
 1.9699829e-003
 1.9702897e-003
 1.9699286e-003
 1.9688809e-003
 1.9672932e-003
 1.9655873e-003
 1.9645595e-003
 1.9654196e-003
 1.9697512e-003
 1.9794095e-003
 1.9964091e-003
 2.0228173e-003
 2.0606536e-003
 2.1116948e-003
 2.1772878e-003
 2.2580328e-003
 2.3534379e-003
 2.4619249e-003
 2.5808949e-003
 2.7069016e-003
 2.8361334e-003
 2.9645497e-003
 3.0881208e-003
 3.2028812e-003
 3.3053195e-003
 3.3925283e-003
 3.4623749e-003
 3.5137171e-003
 3.5462326e-003
 3.5601950e-003
 3.5562767e-003
 3.5353238e-003
 3.4982956e-003
 3.4462214e-003
 3.3802609e-003
 3.3017565e-003
 3.2123807e-003
 3.1140514e-003
 3.0089510e-003
 2.8995378e-003
 2.7883113e-003
 2.6778099e-003
 2.5706179e-003
 2.4691075e-003
 2.3753915e-003
 2.2910857e-003
 2.2172157e-003
 2.1540285e-003
 2.1011319e-003
 2.0576932e-003
 2.0225544e-003
 1.9944310e-003
 1.9720229e-003
 1.9540456e-003
 1.9393272e-003
 1.9268757e-003
 1.9159561e-003
 1.9061005e-003
 1.8970903e-003
 1.8888973e-003
 1.8815963e-003
 1.8753154e-003
 1.8702019e-003
 1.8663879e-003
 1.8639737e-003
 1.8630020e-003
 1.8634343e-003
 1.8651440e-003
 1.8679257e-003
 1.8715133e-003
 1.8756085e-003
 1.8798986e-003
 1.8840700e-003
 1.8878306e-003
 1.8909298e-003
 1.8931844e-003
 1.8945087e-003
 1.8949204e-003
 1.8945324e-003
 1.8935289e-003
 1.8921370e-003
 1.8906028e-003
 1.8891764e-003
 1.8880944e-003
 1.8875619e-003
 1.8877302e-003
 1.8886753e-003
 1.8903905e-003
 1.8927949e-003
 1.8957569e-003
 1.8991162e-003
 1.9027003e-003
 1.9063322e-003
 1.9098440e-003
 1.9130815e-003
 1.9159098e-003
 1.9182251e-003
 1.9199550e-003
 1.9210557e-003
 1.9215083e-003
 1.9213087e-003
 1.9204601e-003
 1.9189698e-003
 1.9168454e-003
 1.9140946e-003
 1.9107279e-003
 1.9069141e-003
 1.9033988e-003
 1.8982465e-003
 1.8926638e-003
 1.8867258e-003
 1.8805086e-003
 1.8740876e-003
 1.8675422e-003
 1.8609472e-003
 1.8543792e-003
 1.8479148e-003
 1.8416219e-003
 1.8355104e-003
 1.8295506e-003
 1.8237147e-003
 1.8179726e-003
 1.8122990e-003
 1.8066643e-003
 1.8010401e-003
 1.7953971e-003
 1.7897094e-003
 1.7839479e-003
 1.7780840e-003
 1.7720876e-003
 1.7659342e-003
 1.7595999e-003
 1.7531191e-003
 1.7465564e-003
 1.7399755e-003
 1.7334445e-003
 1.7270269e-003
 1.7207875e-003
 1.7147905e-003
 1.7091032e-003
 1.7037892e-003
 1.6989140e-003
 1.6945413e-003
 1.6907381e-003
 1.6875687e-003
 1.6850978e-003
 1.6833906e-003
 1.6825120e-003
 1.6825275e-003
 1.6834880e-003
 1.6853256e-003
 1.6879091e-003
 1.6911055e-003
 1.6947838e-003
 1.6988117e-003
 1.7030581e-003
 1.7073896e-003
 1.7116750e-003
 1.7157826e-003
 1.7195799e-003
 1.7229364e-003
 1.7257183e-003
 1.7277945e-003
 1.7290332e-003
 1.7293026e-003
 1.7284700e-003
 1.7264044e-003
 1.7229735e-003
 1.7180443e-003
 1.7114870e-003
 1.7031685e-003
 1.6929787e-003
 1.6809867e-003
 1.6673645e-003
 1.6522764e-003
 1.6358887e-003
 1.6183686e-003
 1.5998781e-003
 1.5805928e-003
 1.5606753e-003
 1.5402922e-003
 1.5196055e-003
 1.4987920e-003
 1.4780130e-003
 1.4574354e-003
 1.4372218e-003
 1.4175482e-003
 1.3985764e-003
 1.3804735e-003
 1.3634058e-003
 1.3475367e-003
 1.3330407e-003
 1.3200805e-003
 1.3088229e-003
 1.2994325e-003
 1.2920806e-003
 1.2869318e-003
 1.2841306e-003
 1.2836424e-003
 1.2853431e-003
 1.2891071e-003
 1.2948104e-003
 1.3023276e-003
 1.3115366e-003
 1.3223081e-003
 1.3345195e-003
 1.3480459e-003
 1.3627660e-003
 1.3785484e-003
 1.3952713e-003
 1.4128102e-003
 1.4310445e-003
 1.4498410e-003
 1.4690789e-003
 1.4886337e-003
 1.5083851e-003
 1.5281992e-003
 1.5479556e-003
 1.5675295e-003
 1.5867964e-003
 1.6056360e-003
 1.6239141e-003
 1.6415109e-003
 1.6583013e-003
 1.6741647e-003
 1.6889680e-003
 1.7025907e-003
 1.7149224e-003
 1.7259645e-003
 1.7357643e-003
 1.7443765e-003
