s07_ASD Record=8771:  error bars to preceding                
 5.9791567e-004
 5.9712917e-004
 6.0053222e-004
 6.0832704e-004
 6.2018039e-004
 6.3467893e-004
 6.4934208e-004
 6.6116633e-004
 6.6748238e-004
 6.6679588e-004
 6.5915857e-004
 6.4602209e-004
 6.2977069e-004
 6.1326852e-004
 5.9922272e-004
 5.8933411e-004
 5.8398041e-004
 5.8283907e-004
 5.8587396e-004
 5.9400976e-004
 6.0894247e-004
 6.3190394e-004
 6.6199881e-004
 6.9532858e-004
 7.2552217e-004
 7.4548030e-004
 7.5050606e-004
 7.4105151e-004
 7.2184263e-004
 6.9814787e-004
 6.7336328e-004
 6.4890942e-004
 6.2543357e-004
 6.0397963e-004
 5.8684999e-004
 5.7741452e-004
 5.7881849e-004
 5.9272902e-004
 6.1851402e-004
 6.5330294e-004
 6.9296465e-004
 7.3333416e-004
 7.7110791e-004
 8.0421724e-004
 8.3180412e-004
 8.5405447e-004
 8.7177556e-004
 8.8547467e-004
 8.9409255e-004
 8.9438201e-004
 8.8202406e-004
 8.5446658e-004
 8.1386400e-004
 7.6783006e-004
 7.2697509e-004
 7.0101535e-004
 6.9502916e-004
 7.0733926e-004
 7.3208800e-004
 7.6030864e-004
 7.7841443e-004
 7.8190607e-004
 7.7188155e-004
 7.4953580e-004
 7.2077563e-004
 6.9542933e-004
 6.7803432e-004
 6.6793716e-004
 6.6245435e-004
 6.5876899e-004
 6.5567374e-004
 6.5420551e-004
 6.5704255e-004
 6.6719414e-004
 6.8619917e-004
 7.1211421e-004
 7.3846936e-004
 7.5563591e-004
 7.5478677e-004
 7.3271367e-004
 6.9469668e-004
 6.5337395e-004
 6.2364480e-004
 6.1595277e-004
 6.3126592e-004
 6.6043041e-004
 6.8843691e-004
 7.0160179e-004
 6.9386046e-004
 6.6877250e-004
 6.3637429e-004
 6.0722657e-004
 5.8762112e-004
 5.7855010e-004
 5.7785166e-004
 5.8282627e-004
 5.9119234e-004
 6.0039019e-004
 6.0696574e-004
 6.0748117e-004
 6.0037541e-004
 5.8709527e-004
 5.7161710e-004
 5.5912364e-004
 5.5482698e-004
 5.6301471e-004
 5.8604614e-004
 6.2263012e-004
 6.6571811e-004
 7.0245733e-004
 7.1830198e-004
 7.0392498e-004
 6.6059001e-004
 6.0009683e-004
 5.3924066e-004
 4.9242313e-004
 4.6646647e-004
 4.5943959e-004
 4.6303406e-004
 4.6697521e-004
 4.6370929e-004
 4.5138033e-004
 4.3368564e-004
 4.1699081e-004
 4.0676893e-004
 4.0542864e-004
 4.1211120e-004
 4.2378009e-004
 4.3664567e-004
 4.4733012e-004
 4.5363849e-004
 4.5507771e-004
 4.5308506e-004
 4.5053315e-004
 4.5024412e-004
 4.5326151e-004
 4.5834476e-004
 4.6335001e-004
 4.6736799e-004
 4.7161232e-004
 4.7814907e-004
 4.8755083e-004
 4.9750751e-004
 5.0368725e-004
 5.0270703e-004
 4.9557979e-004
 4.8875535e-004
 4.9050490e-004
 5.0462096e-004
 5.2753475e-004
 5.5223302e-004
 5.7412736e-004
 5.9152278e-004
 6.0134806e-004
 5.9803022e-004
 5.7900918e-004
 5.5057387e-004
 5.2612339e-004
 5.1721901e-004
 5.2544952e-004
 5.4199441e-004
 5.5413478e-004
 5.5275869e-004
 5.3640368e-004
 5.1153492e-004
 4.9003283e-004
 4.8369914e-004
 4.9655879e-004
 5.1981566e-004
 5.3593214e-004
 5.3150201e-004
 5.0828501e-004
 4.8138952e-004
 4.6644348e-004
 4.6863049e-004
 4.8235638e-004
 4.9828860e-004
 5.0932780e-004
 5.1184039e-004
 5.0477230e-004
 4.8986991e-004
 4.7216215e-004
 4.5803090e-004
 4.5143630e-004
 4.5208848e-004
 4.5751096e-004
 4.6675795e-004
 4.8213638e-004
 5.0744944e-004
 5.4425641e-004
 5.8899721e-004
 6.3311995e-004
 6.6655088e-004
 6.8272086e-004
 6.8204012e-004
 6.7117135e-004
 6.5878616e-004
 6.5190223e-004
 6.5501966e-004
 6.6880969e-004
 6.8629900e-004
 6.9310545e-004
 6.7826360e-004
 6.4769696e-004
 6.2367803e-004
 6.2658777e-004
 6.5552659e-004
 6.8825006e-004
 7.0226332e-004
 6.9526123e-004
 6.8292260e-004
 6.7915022e-004
 6.8273349e-004
 6.8161922e-004
 6.6502596e-004
 6.3111074e-004
 5.8719266e-004
 5.4496730e-004
 5.1384058e-004
 4.9625372e-004
 4.8852031e-004
 4.8691678e-004
 4.9347646e-004
 5.1452720e-004
 5.5140629e-004
 5.9315783e-004
 6.2149792e-004
 6.2460813e-004
 6.0585543e-004
 5.7957630e-004
 5.5908883e-004
 5.4817856e-004
 5.4242305e-004
 5.3613947e-004
 5.2672304e-004
 5.1491417e-004
 5.0459919e-004
 5.0176855e-004
 5.1002065e-004
 5.2622647e-004
 5.4250343e-004
 5.5240124e-004
 5.5373675e-004
 5.4699485e-004
 5.3433434e-004
 5.2060233e-004
 5.1299663e-004
 5.1796262e-004
 5.3691055e-004
 5.6271401e-004
 5.8133097e-004
 5.8220461e-004
 5.6967750e-004
 5.5927999e-004
 5.5942137e-004
 5.6191138e-004
 5.5494747e-004
 5.3803460e-004
 5.2102096e-004
 5.1206618e-004
 5.0798029e-004
 4.9907929e-004
 4.8622259e-004
 4.8558757e-004
 5.0743116e-004
 5.3603074e-004
 5.4477376e-004
 5.2964437e-004
 5.1310752e-004
 5.1659881e-004
 5.4170500e-004
 5.7285652e-004
 5.8919546e-004
 5.7969178e-004
 5.5040570e-004
 5.1531673e-004
 4.8661843e-004
 4.7845326e-004
 5.0846557e-004
 5.8032596e-004
 6.6746626e-004
 7.2559936e-004
 7.3039578e-004
 6.9960207e-004
 6.6795095e-004
 6.4454571e-004
 6.0989568e-004
 5.5340363e-004
 4.9548550e-004
 4.6454248e-004
 4.6562316e-004
 4.7995400e-004
 4.9209601e-004
 5.1124953e-004
 5.5480015e-004
 6.1071204e-004
 6.3827663e-004
 6.1528053e-004
 5.6362594e-004
 5.2049279e-004
 5.0365500e-004
 5.1006052e-004
 5.2979635e-004
 5.5237650e-004
 5.6853931e-004
 5.7370617e-004
 5.6804065e-004
 5.5191811e-004
 5.2576163e-004
 4.9653096e-004
 4.8005304e-004
 4.9245637e-004
 5.3745270e-004
 6.0106063e-004
 6.6048582e-004
 7.0218620e-004
 7.3152117e-004
 7.6418661e-004
 8.1070053e-004
 8.6318678e-004
 8.9492544e-004
 8.8025857e-004
 8.1702066e-004
 7.2594377e-004
 6.3251867e-004
 5.5404700e-004
 4.9899018e-004
 4.7244134e-004
 4.7956506e-004
 5.2243698e-004
 5.9167866e-004
 6.6182978e-004
 7.0032227e-004
 6.8746979e-004
 6.3036673e-004
 5.5671198e-004
 4.9508142e-004
 4.6005996e-004
 4.5122279e-004
 4.5981439e-004
 4.7463732e-004
 4.8633307e-004
 4.9193337e-004
 4.9723749e-004
 5.1257125e-004
 5.4321712e-004
 5.8285642e-004
 6.1691733e-004
 6.3223968e-004
 6.2449923e-004
 6.0004351e-004
 5.7383272e-004
 5.6204502e-004
 5.6142214e-004
 5.4061745e-004
 4.8884435e-004
 4.3986106e-004
 4.2948301e-004
 4.5006990e-004
 4.6980934e-004
 4.7396388e-004
 4.7120635e-004
 4.7645895e-004
 4.9472100e-004
 5.1622355e-004
 5.2577583e-004
 5.1799032e-004
 5.0640624e-004
 5.1281549e-004
 5.3696526e-004
 5.5396894e-004
 5.6548079e-004
 6.1757921e-004
 7.2276796e-004
 8.1068219e-004
 8.1391580e-004
 7.5534219e-004
 7.0246321e-004
 6.8184303e-004
 6.7042775e-004
 6.4087776e-004
 6.0146360e-004
 5.9071113e-004
 6.2202144e-004
 6.5729331e-004
 6.6457374e-004
 6.6732755e-004
 7.0138933e-004
 7.5776537e-004
 7.9762284e-004
 7.9791801e-004
 7.6704135e-004
 7.3207315e-004
 7.1802293e-004
 7.3358277e-004
 7.6773495e-004
 7.9808588e-004
 8.0572092e-004
 7.7955361e-004
 7.2234700e-004
 6.6241651e-004
 6.4204738e-004
 6.6812668e-004
 6.9754664e-004
 6.8808184e-004
 6.3503557e-004
 5.6596356e-004
 5.1334937e-004
 4.9084699e-004
 4.9144815e-004
 5.0279830e-004
 5.1668007e-004
 5.2970892e-004
 5.4070575e-004
 5.5016379e-004
 5.5985444e-004
 5.7062809e-004
 5.7956454e-004
 5.8099703e-004
 5.7542283e-004
 5.8268890e-004
 6.4020633e-004
 7.7474333e-004
 9.6450193e-004
 1.1459491e-003
 1.2588076e-003
 1.2735161e-003
 1.1930226e-003
 1.0393063e-003
 8.7700243e-004
 6.8853510e-004
 5.4988282e-004
 4.9794099e-004
 5.1777699e-004
 5.7367381e-004
 6.2986329e-004
 6.5589976e-004
 6.5643567e-004
 6.5025664e-004
 6.5618963e-004
 6.8931322e-004
 7.4003014e-004
 7.8876334e-004
 8.1590901e-004
 8.0535316e-004
 7.6412404e-004
 7.0863019e-004
 6.5530144e-004
 6.1835058e-004
 5.9713045e-004
 5.8333977e-004
 5.7325239e-004
 5.5807002e-004
 5.4020516e-004
 5.3080881e-004
 5.4140546e-004
 5.8351766e-004
 6.6787808e-004
 7.8729115e-004
 9.1671024e-004
 1.0303806e-003
 1.1024940e-003
 1.1083352e-003
 1.0468145e-003
 9.4014511e-004
 8.1156613e-004
 6.8426429e-004
 5.8087584e-004
 5.1049498e-004
 4.6903314e-004
 4.5181977e-004
 4.5419921e-004
 4.7150868e-004
 4.9938617e-004
 5.3459778e-004
 5.7420071e-004
 6.1523466e-004
 6.5475813e-004
 6.8981067e-004
 7.1830495e-004
 7.4143050e-004
 7.6118100e-004
 7.7953987e-004
 7.9849962e-004
 8.2004385e-004
 8.4616226e-004
 8.7856356e-004
 9.1786264e-004
 9.6443447e-004
 1.0186331e-003
 1.0808370e-003
 1.1513964e-003
 1.2306939e-003
 1.3190758e-003
 1.4159946e-003
 1.5173394e-003
 1.6182157e-003
 1.7136824e-003
 1.7988438e-003
 1.8687625e-003
 1.9185321e-003
 1.9432370e-003
 1.9398028e-003
 1.9120536e-003
 1.8654263e-003
 1.8053417e-003
 1.7372445e-003
 1.6665499e-003
 1.5987054e-003
 1.5391263e-003
 1.4920416e-003
 1.4571723e-003
 1.4332255e-003
 1.4188954e-003
 1.4128812e-003
 1.4138828e-003
 1.4205999e-003
 1.4317293e-003
 1.4459728e-003
 1.4620261e-003
 1.4785915e-003
 1.4943641e-003
 1.5082953e-003
 1.5202297e-003
 1.5302235e-003
 1.5383266e-003
 1.5445936e-003
 1.5490761e-003
 1.5518271e-003
 1.5528998e-003
 1.5523466e-003
 1.5502197e-003
 1.5465729e-003
 1.5414576e-003
 1.5349953e-003
 1.5275445e-003
 1.5195205e-003
 1.5113357e-003
 1.5034055e-003
 1.4961417e-003
 1.4899595e-003
 1.4852718e-003
 1.4824934e-003
 1.4820368e-003
 1.4843163e-003
 1.4894984e-003
 1.4968843e-003
 1.5055812e-003
 1.5147011e-003
 1.5233507e-003
 1.5306420e-003
 1.5356822e-003
 1.5375821e-003
 1.5354507e-003
 1.5283971e-003
 1.5159071e-003
 1.4987655e-003
 1.4780363e-003
 1.4547908e-003
 1.4300899e-003
 1.4050069e-003
 1.3806018e-003
 1.3579475e-003
 1.3381048e-003
 1.3221456e-003
 1.3107765e-003
 1.3034939e-003
 1.2995298e-003
 1.2981192e-003
 1.2984951e-003
 1.2998917e-003
 1.3015425e-003
 1.3026816e-003
 1.3025426e-003
 1.3003595e-003
 1.2955941e-003
 1.2884766e-003
 1.2794015e-003
 1.2687591e-003
 1.2569453e-003
 1.2443498e-003
 1.2313685e-003
 1.2183911e-003
 1.2058136e-003
 1.1938625e-003
 1.1822163e-003
 1.1704431e-003
 1.1581059e-003
 1.1447730e-003
 1.1300070e-003
 1.1133769e-003
 1.0944445e-003
 1.0730405e-003
 1.0498455e-003
 1.0257273e-003
 1.0015422e-003
 9.7815844e-004
 9.5643284e-004
 9.3723269e-004
 9.2141738e-004
 9.0982567e-004
 9.0322766e-004
 9.0237439e-004
 9.0801873e-004
 9.2091446e-004
 9.4181130e-004
 9.7146683e-004
 1.0106261e-003
 1.0591297e-003
 1.1138264e-003
 1.1709913e-003
 1.2224239e-003
 1.2714086e-003
 1.3113085e-003
 1.3392702e-003
 1.3541750e-003
 1.3562093e-003
 1.3464383e-003
 1.3263581e-003
 1.2976828e-003
 1.2624343e-003
 1.2232551e-003
 1.1835394e-003
 1.1471716e-003
 1.1181526e-003
 1.1001109e-003
 1.0953880e-003
 1.1039128e-003
 1.1228425e-003
 1.1472496e-003
 1.1712642e-003
 1.1891222e-003
 1.1962509e-003
 1.1902945e-003
 1.1714891e-003
 1.1421099e-003
 1.1055589e-003
 1.0657667e-003
 1.0270227e-003
 9.9402433e-004
 9.7189588e-004
 9.6598390e-004
 9.8131562e-004
 1.0214386e-003
 1.0866373e-003
 1.1722123e-003
 1.2680003e-003
 1.3595403e-003
 1.4305719e-003
 1.4662651e-003
 1.4567580e-003
 1.2122748e-003
 1.1665447e-003
 1.1100874e-003
 1.0475495e-003
 9.8411692e-004
 9.2490547e-004
 8.7436539e-004
 8.3588465e-004
 8.1153639e-004
 8.0192991e-004
 8.0633507e-004
 8.2294183e-004
 8.4924471e-004
 8.8245171e-004
 9.1991585e-004
 9.5938967e-004
 9.9908572e-004
 1.0376961e-003
 1.0742693e-003
 1.1081025e-003
 1.1386273e-003
 1.1652911e-003
 1.1875510e-003
 1.2048660e-003
 1.2167342e-003
 1.2227821e-003
 1.2228908e-003
 1.2173048e-003
 1.2066799e-003
 1.1920506e-003
 1.1746360e-003
 1.1555940e-003
 1.1357709e-003
 1.1155561e-003
 1.0948409e-003
 1.0731198e-003
 1.0497489e-003
 1.0242487e-003
 9.9665381e-004
 9.6775393e-004
 9.3917153e-004
 9.1327506e-004
 8.9287007e-004
 8.8075444e-004
 8.7923330e-004
 8.8964193e-004
 9.1200747e-004
 9.4490102e-004
 9.8555454e-004
 1.0301674e-003
 1.0744679e-003
 1.1142968e-003
 1.1462314e-003
 1.1680670e-003
 1.1790452e-003
 1.1798623e-003
 1.1723944e-003
 1.1592569e-003
 1.1432655e-003
 1.1269461e-003
 1.1121444e-003
 1.0998436e-003
 1.0901537e-003
 1.0824697e-003
 1.0757436e-003
 1.0687832e-003
 1.0605323e-003
 1.0502924e-003
 1.0378435e-003
 1.0234896e-003
 1.0080111e-003
 9.9254865e-004
 9.7846088e-004
 9.6712867e-004
 9.5977896e-004
 9.5730333e-004
 9.6011691e-004
 9.6806773e-004
 9.8041329e-004
 9.9586183e-004
 1.0126911e-003
 1.0289294e-003
 1.0425529e-003
 1.0517167e-003
 1.0549427e-003
 1.0512827e-003
 1.0404133e-003
 1.0226752e-003
 9.9905056e-004
 9.7107340e-004
 9.4072573e-004
 9.1025024e-004
 8.8198239e-004
 8.5812452e-004
 8.4051810e-004
 8.3045440e-004
 8.2849193e-004
 8.3436980e-004
 8.4699964e-004
 8.6458336e-004
 8.8481803e-004
 9.0520951e-004
 9.2339434e-004
 9.3747058e-004
 9.4625627e-004
 9.4942079e-004
 9.4750046e-004
 9.4176695e-004
 9.3399291e-004
 9.2613924e-004
 9.2003570e-004
 9.1708201e-004
 9.1803970e-004
 9.2292612e-004
 9.3104242e-004
 9.4111485e-004
 9.5153699e-004
 9.6067152e-004
 9.6714491e-004
 9.7011024e-004
 9.6940249e-004
 9.6557761e-004
 9.5980475e-004
 9.5363852e-004
 9.4869052e-004
 9.4627653e-004
 9.4709016e-004
 9.5098774e-004
 9.5693179e-004
 9.6312800e-004
 9.6732914e-004
 9.6726744e-004
 9.6111553e-004
 9.4788399e-004
 9.2765503e-004
 9.0162200e-004
 8.7190064e-004
 8.4115443e-004
 8.1216003e-004
 7.8734173e-004
 7.6840114e-004
 7.5612910e-004
 7.5036229e-004
 7.5013831e-004
 7.5395562e-004
 7.6010573e-004
 7.6698937e-004
 7.7337277e-004
 7.7852409e-004
 7.8223244e-004
 7.8471238e-004
 7.8642805e-004
 7.8789913e-004
 7.8953244e-004
 7.9152844e-004
 7.9388008e-004
 7.9645170e-004
 7.9910934e-004
 8.0184574e-004
 8.0485875e-004
 8.0854795e-004
 8.1342028e-004
 8.1993657e-004
 8.2833035e-004
 8.3846238e-004
 8.4975938e-004
 8.6124858e-004
 8.7171467e-004
 8.7994395e-004
 8.8499731e-004
 8.8647910e-004
 8.8471465e-004
 8.8080583e-004
 8.7652553e-004
 8.7406737e-004
 8.7567902e-004
 8.8325929e-004
 8.9799217e-004
 9.2011801e-004
 9.4886217e-004
 9.8259212e-004
 1.0190883e-003
 1.0559281e-003
 1.0908609e-003
 1.1220416e-003
 1.1481759e-003
 1.1684598e-003
 1.1824586e-003
 1.1899504e-003
 1.1908092e-003
 1.1850089e-003
 1.1727187e-003
 1.1544717e-003
 1.1313037e-003
 1.1048284e-003
 1.0771500e-003
 1.0506168e-003
 1.0274963e-003
 1.0095660e-003
 9.9780213e-004
 9.9217170e-004
 9.9161908e-004
 9.9424308e-004
 9.9762133e-004
 9.9922239e-004
 9.9683087e-004
 9.8890276e-004
 9.7480265e-004
 9.5487369e-004
 9.3036389e-004
 9.0320024e-004
 8.7565684e-004
 8.5001450e-004
 8.2820957e-004
 8.1156066e-004
 8.0063200e-004
 7.9519727e-004
 7.9435663e-004
 7.9674006e-004
 8.0077880e-004
 8.0497941e-004
 8.0815877e-004
 8.0958399e-004
 8.0900564e-004
 8.0657180e-004
 8.0265570e-004
 7.9763902e-004
 7.9172000e-004
 7.8479672e-004
 7.7646505e-004
 7.6614879e-004
 7.5330824e-004
 7.3769537e-004
 7.1955606e-004
 6.9971755e-004
 6.7955488e-004
 6.6078582e-004
 6.4520777e-004
 6.3438801e-004
 6.2941358e-004
 6.3076022e-004
 6.3827424e-004
 6.5127900e-004
 6.6873396e-004
 6.8942405e-004
 7.1208953e-004
 7.3551753e-004
 7.5858668e-004
 7.8025664e-004
 7.9960597e-004
 8.1586064e-004
 8.2848489e-004
 8.3728373e-004
 8.4247650e-004
 8.4473600e-004
 8.4513437e-004
 8.4501313e-004
 8.4578246e-004
 8.4869209e-004
 8.5462193e-004
 8.6393091e-004
 8.7639899e-004
 8.9127891e-004
 9.0742379e-004
 9.2349167e-004
 9.3817560e-004
 9.5039571e-004
 9.5946103e-004
 9.6512533e-004
 9.6757006e-004
 9.6730090e-004
 9.6499268e-004
 9.6132228e-004
 9.5682882e-004
 9.5182954e-004
 9.4640336e-004
 9.4044459e-004
 9.3374442e-004
 9.2608674e-004
 9.1731001e-004
 9.0732204e-004
 8.9608284e-004
 8.8354747e-004
 8.6963456e-004
 8.5421861e-004
 8.3717034e-004
 8.1846159e-004
 7.9826044e-004
 7.7703997e-004
 7.5561076e-004
 7.3507451e-004
 7.1672228e-004
 7.0185197e-004
 6.9157145e-004
 6.8664202e-004
 6.8735937e-004
 6.9352711e-004
 7.0449454e-004
 7.1926136e-004
 7.3659455e-004
 7.5517123e-004
 7.7367830e-004
 7.9090975e-004
 8.0584246e-004
 8.1767724e-004
 8.2589668e-004
 8.3028595e-004
 8.3094998e-004
 8.2829228e-004
 8.2295603e-004
 8.1572420e-004
 8.0739678e-004
 7.9865748e-004
 7.8995939e-004
 7.8146852e-004
 7.7306438e-004
 7.6440856e-004
 7.5508078e-004
 7.4472860e-004
 7.3322846e-004
 7.2079670e-004
 7.0802990e-004
 6.9587596e-004
 6.8550021e-004
 6.7810703e-004
 6.7471358e-004
 6.7594094e-004
 6.8186369e-004
 6.9195358e-004
 7.0513267e-004
 7.1994093e-004
 7.3478936e-004
 7.4822345e-004
 7.5918291e-004
 7.6715543e-004
 7.7223586e-004
 7.7506306e-004
 7.7666173e-004
 7.7824347e-004
 7.8100828e-004
 7.8598975e-004
 7.9397374e-004
 8.0547878e-004
 8.2079088e-004
 8.4002735e-004
 8.6317217e-004
 8.9011726e-004
 9.2063256e-004
 9.5433294e-004
 9.9063746e-004
 1.0286894e-003
 1.0673569e-003
 1.1051982e-003
 1.1405103e-003
 1.1714181e-003
 1.1959706e-003
 1.2123416e-003
 1.2190255e-003
 1.2150988e-003
 1.2004623e-003
 1.1760495e-003
 1.1439110e-003
 1.1071704e-003
 1.0697590e-003
 1.0359504e-003
 1.0097984e-003
 9.9449686e-004
 9.9185528e-004
 1.0020136e-003
 1.0234601e-003
 1.0533732e-003
 1.0882146e-003
 1.1244410e-003
 1.1590942e-003
 1.1902186e-003
 1.2169090e-003
 1.2391049e-003
 1.2571944e-003
 1.2715772e-003
 1.2824001e-003
 1.2895031e-003
 1.2926260e-003
 1.2917563e-003
 1.2874717e-003
 1.2811234e-003
 1.2747543e-003
 1.2707349e-003
 1.2712056e-003
 1.2774838e-003
 1.2896016e-003
 1.3061315e-003
 1.3243351e-003
 1.3406484e-003
 1.3513408e-003
 1.3532458e-003
 1.3443708e-003
 1.3242755e-003
 1.2941448e-003
 1.2565870e-003
 1.2151791e-003
 1.1738559e-003
 1.1363252e-003
 1.1054917e-003
 1.0831147e-003
 1.0696301e-003
 1.0642117e-003
 1.0650329e-003
 1.0696435e-003
 1.0754043e-003
 1.0798915e-003
 1.0812115e-003
 1.0781806e-003
 1.0703680e-003
 1.0580196e-003
 1.0418984e-003
 1.0230779e-003
 1.0027583e-003
 9.8210585e-004
 9.6214254e-004
 9.4371953e-004
 9.2750200e-004
 9.1401488e-004
 9.0366829e-004
 8.9677173e-004
 8.9353119e-004
 8.9400634e-004
 8.9806650e-004
 9.0535090e-004
 9.1527030e-004
 9.2704501e-004
 9.3980553e-004
 9.5270330e-004
 9.6503063e-004
 9.7630295e-004
 9.8626292e-004
 9.9483621e-004
 1.0020183e-003
 1.0077654e-003
 1.0119161e-003
 1.0141826e-003
 1.0142318e-003
 1.0118294e-003
 1.0070013e-003
 1.0001529e-003
 9.9209906e-004
 9.8397187e-004
 9.7702141e-004
 9.7237044e-004
 9.7077008e-004
 9.7244547e-004
 9.7705750e-004
 9.8379888e-004
 9.9157705e-004
 9.9924172e-004
 1.0057711e-003
 1.0103927e-003
 1.0126096e-003
 1.0121511e-003
 1.0089000e-003
 1.0028334e-003
 9.9402014e-004
 9.8266848e-004
 9.6922019e-004
 9.5442915e-004
 9.3938201e-004
 9.2545361e-004
 9.1414875e-004
 9.0690813e-004
 9.0488215e-004
 9.0875436e-004
 9.1864879e-004
 9.3414664e-004
 9.5439178e-004
 9.7826915e-004
 1.0046128e-003
 1.0323528e-003
 1.0606440e-003
 1.0888630e-003
 1.1165626e-003
 1.1433738e-003
 1.1688633e-003
 1.1924704e-003
 1.2134665e-003
 1.2310358e-003
 1.2444378e-003
 1.2532072e-003
 1.2573808e-003
 1.2576387e-003
 1.2553325e-003
 1.2523442e-003
 1.2507917e-003
 1.2526211e-003
 1.2591778e-003
 1.2708532e-003
 1.2869081e-003
 1.3055070e-003
 1.3239898e-003
 1.3393234e-003
 1.3486150e-003
 1.3496293e-003
 1.3411584e-003
 1.3232236e-003
 1.2970451e-003
 1.2648520e-003
 1.2295143e-003
 1.1941590e-003
 1.1617535e-003
 1.1347524e-003
 1.1148883e-003
 1.1030338e-003
 1.0992340e-003
 1.1028071e-003
 1.1125213e-003
 1.1267837e-003
 1.1438199e-003
 1.1618190e-003
 1.1790298e-003
 1.1938626e-003
 1.2049467e-003
 1.2112330e-003
 1.2120445e-003
 1.2070894e-003
 1.1964644e-003
 1.1806262e-003
 1.1603187e-003
 1.1365556e-003
 1.1105809e-003
 1.0837292e-003
 1.0573041e-003
 1.0324207e-003
 1.0098943e-003
 9.9023792e-004
 9.7369950e-004
 9.6039311e-004
 9.5039763e-004
 9.4380951e-004
 9.4073353e-004
 9.4116956e-004
 9.4488199e-004
 9.5129531e-004
 9.5947355e-004
 9.6816168e-004
 9.7591477e-004
 9.8131632e-004
 9.8322320e-004
 9.8099781e-004
 9.7465288e-004
 9.6487184e-004
 9.5287780e-004
 9.4019156e-004
 9.2830037e-004
 9.1835338e-004
 9.1092079e-004
 9.0591260e-004
 9.0269494e-004
 9.0030878e-004
 8.9774234e-004
 8.9417835e-004
 8.8916440e-004
 8.8270556e-004
 8.7528321e-004
 8.6777267e-004
 8.6124544e-004
 8.5669610e-004
 8.5475727e-004
 8.5547013e-004
 8.5820962e-004
 8.6178537e-004
 8.6471916e-004
 8.6563278e-004
 8.6365617e-004
 8.5872842e-004
 8.5165253e-004
 8.4390113e-004
 8.3726761e-004
 8.3343725e-004
 8.3359279e-004
 8.3813909e-004
 8.4659219e-004
 8.5759460e-004
 8.6909800e-004
 8.7869895e-004
 8.8404649e-004
 8.8327768e-004
 8.7537034e-004
 8.6036889e-004
 8.3939498e-004
 8.1448688e-004
 7.8827428e-004
 7.6355686e-004
 7.4290350e-004
 7.2827114e-004
 7.2078506e-004
 7.2063744e-004
 7.2715164e-004
 7.3896785e-004
 7.5431785e-004
 7.7131158e-004
 7.8820845e-004
 8.0362509e-004
 8.1663125e-004
 8.2678010e-004
 8.3403377e-004
 8.3865441e-004
 8.4106816e-004
 8.4173359e-004
 8.4104633e-004
 8.3928264e-004
 8.3659001e-004
 8.3301327e-004
 8.2855090e-004
 8.2321657e-004
 8.1710389e-004
 8.1043266e-004
 8.0357195e-004
 7.9704850e-004
 7.9152564e-004
 7.8776461e-004
 7.8657782e-004
 7.8876165e-004
 7.9502404e-004
 8.0589752e-004
 8.2165410e-004
 8.4220403e-004
 8.6703320e-004
 8.9514011e-004
 9.2504709e-004
 9.5488841e-004
 9.8254229e-004
 1.0058921e-003
 1.0230902e-003
 1.0328747e-003
 1.0348320e-003
 1.0295585e-003
 1.0186872e-003
 1.0047429e-003
 9.9082978e-004
 9.8018034e-004
 9.7566133e-004
 9.7928708e-004
 9.9186040e-004
 1.0127956e-003
 1.0401952e-003
 1.0711297e-003
 1.1021171e-003
 1.1297062e-003
 1.1510142e-003
 1.1642046e-003
 1.1687257e-003
 1.1653684e-003
 1.1560691e-003
 1.1435200e-003
 1.1306399e-003
 1.1200377e-003
 1.1135365e-003
 1.1118632e-003
 1.1146069e-003
 1.1203989e-003
 1.1272352e-003
 1.1328675e-003
 1.1351847e-003
 1.1325140e-003
 1.1238003e-003
 1.1087286e-003
 1.0877538e-003
 1.0619907e-003
 1.0330254e-003
 1.0026376e-003
 9.7249576e-004
 9.4392675e-004
 9.1772620e-004
 8.9415174e-004
 8.7301369e-004
 8.5388339e-004
 8.3639036e-004
 8.2048884e-004
 8.0668891e-004
 7.9612969e-004
 7.9050392e-004
 7.9185021e-004
 8.0223731e-004
 8.2341291e-004
 8.5646735e-004
 9.0159744e-004
 9.5795456e-004
 1.0236697e-003
 1.0958959e-003
 1.1710721e-003
 1.2453164e-003
 1.3147998e-003
 1.3762126e-003
 1.4271620e-003
 1.4663914e-003
 1.4939284e-003
 1.5109569e-003
 1.5195854e-003
 1.5224703e-003
 1.5223735e-003
 1.5217323e-003
 1.5222932e-003
 1.5248667e-003
 1.5292403e-003
 1.5342506e-003
 1.5380154e-003
 1.5382754e-003
 1.5328069e-003
 1.5198296e-003
 1.4983627e-003
 1.4684465e-003
 1.4312386e-003
 1.3889254e-003
 1.3444641e-003
 1.3012583e-003
 1.2627224e-003
 1.2318483e-003
 1.2108750e-003
 1.2010126e-003
 1.2023589e-003
 1.2139374e-003
 1.2338987e-003
 1.2598034e-003
 1.2889907e-003
 1.3189090e-003
 1.3474255e-003
 1.3730504e-003
 1.3950124e-003
 1.4132677e-003
 1.4283592e-003
 1.4412297e-003
 1.4529873e-003
 1.4646560e-003
 1.4769832e-003
 1.4902867e-003
 1.5043955e-003
 1.5186738e-003
 1.5321040e-003
 1.5434491e-003
 1.5514228e-003
 1.5548781e-003
 1.5529669e-003
 1.5452500e-003
 1.5317580e-003
 1.5129796e-003
 1.4898173e-003
 1.4634748e-003
 1.4353615e-003
 1.4069669e-003
 1.3797471e-003
 1.3550624e-003
 1.3340918e-003
 1.3178103e-003
 1.3069480e-003
 1.3019623e-003
 1.3030206e-003
 1.3099723e-003
 1.3223314e-003
 1.3392732e-003
 1.3596654e-003
 1.3821066e-003
 1.4050312e-003
 1.4268063e-003
 1.4458694e-003
 1.4608655e-003
 1.4707464e-003
 1.4748650e-003
 1.4730156e-003
 1.4654294e-003
 1.4527345e-003
 1.4358975e-003
 1.4161504e-003
 1.3949040e-003
 1.3736945e-003
 1.3540988e-003
 1.3376897e-003
 1.3259468e-003
 1.3201513e-003
 1.3212683e-003
 1.3297966e-003
 1.3456236e-003
 1.3679010e-003
 1.3949901e-003
 1.4245280e-003
 1.4536625e-003
 1.4792865e-003
 1.4983447e-003
 1.5081315e-003
 1.5065322e-003
 1.4922144e-003
 1.4646674e-003
 1.4242652e-003
 1.3723682e-003
 1.3113243e-003
 1.2443137e-003
 1.1750661e-003
 1.1075612e-003
 1.0455468e-003
 9.9215156e-004
 9.4948086e-004
 9.1842131e-004
 8.9866016e-004
 8.8022964e-004
 8.8140258e-004
 8.8778458e-004
 8.9657854e-004
 9.0532447e-004
 9.1217988e-004
 9.1608427e-004
 9.1671216e-004
 9.1426162e-004
 9.0921868e-004
 9.0218842e-004
 8.9381513e-004
 8.8475231e-004
 8.7565486e-004
 8.6719007e-004
 8.6004398e-004
 8.5492927e-004
 8.5258862e-004
 8.5378322e-004
 8.5928512e-004
 8.6985750e-004
 8.8622503e-004
 9.0899144e-004
 9.3853089e-004
 9.7480632e-004
 1.0172168e-003
 1.0645528e-003
 1.1150228e-003
 1.1664487e-003
 1.2163961e-003
 1.2623376e-003
 1.3017916e-003
 1.3324320e-003
 1.3523300e-003
 1.3601793e-003
 1.3555335e-003
 1.3388869e-003
 1.3115875e-003
 1.2756179e-003
 1.2333230e-003
 1.1872374e-003
 1.1399024e-003
 1.0937790e-003
 1.0510883e-003
 1.0136270e-003
 9.8265253e-004
 9.5878809e-004
 9.4210956e-004
 9.3227782e-004
 9.2870288e-004
 9.3067606e-004
 9.3743857e-004
 9.4821310e-004
 9.6221187e-004
 9.7864377e-004
 9.9670049e-004
 1.0155700e-003
 1.0344239e-003
 1.0524271e-003
 1.0687492e-003
 1.0825617e-003
 1.0930777e-003
 1.0995955e-003
 1.1015988e-003
 1.0988771e-003
 1.0916326e-003
 1.0805277e-003
 1.0666342e-003
 1.0513336e-003
 1.0361808e-003
 1.0228091e-003
 1.0128373e-003
 1.0077662e-003
 1.0088468e-003
 1.0169041e-003
 1.0321859e-003
 1.0542972e-003
 1.0822740e-003
 1.1147154e-003
 1.1499814e-003
 1.1863075e-003
 1.2219162e-003
 1.2551219e-003
 1.2844129e-003
 1.3086150e-003
 1.3269808e-003
 1.3392512e-003
 1.3456091e-003
 1.3465558e-003
 1.3427888e-003
 1.3350953e-003
 1.3242909e-003
 1.3111676e-003
 1.2964609e-003
 1.2808009e-003
 1.2646682e-003
 1.2483909e-003
 1.2321455e-003
 1.2160077e-003
 1.1999898e-003
 1.1840692e-003
 1.1682247e-003
 1.1524400e-003
 1.1367367e-003
 1.1211925e-003
 1.1059544e-003
 1.0912609e-003
 1.0774187e-003
 1.0647954e-003
 1.0537901e-003
 1.0448094e-003
 1.0382548e-003
 1.0344865e-003
 1.0337852e-003
 1.0362949e-003
 1.0419753e-003
 1.0505815e-003
 1.0616824e-003
 1.0747153e-003
 1.0890317e-003
 1.1039559e-003
 1.1188108e-003
 1.1329645e-003
 1.1458911e-003
 1.1572278e-003
 1.1668479e-003
 1.1748755e-003
 1.1816660e-003
 1.1877463e-003
 1.1937398e-003
 1.2003137e-003
 1.2081233e-003
 1.2177567e-003
 1.2296566e-003
 1.2440117e-003
 1.2606783e-003
 1.2791340e-003
 1.2985168e-003
 1.3177235e-003
 1.3354983e-003
 1.3505287e-003
 1.3615298e-003
 1.3673290e-003
 1.3670166e-003
 1.3601133e-003
 1.3467319e-003
 1.3276312e-003
 1.3041657e-003
 1.2781126e-003
 1.2515123e-003
 1.2265097e-003
 1.2052180e-003
 1.1895943e-003
 1.1812155e-003
 1.1810423e-003
 1.1891862e-003
 1.2048265e-003
 1.2262919e-003
 1.2512981e-003
 1.2771863e-003
 1.3011442e-003
 1.3203918e-003
 1.3323576e-003
 1.3349609e-003
 1.3269389e-003
 1.3081401e-003
 1.2796363e-003
 1.2436154e-003
 1.2030860e-003
 1.1615251e-003
 1.1226340e-003
 1.0900809e-003
 1.0673016e-003
 1.0571681e-003
 1.0616085e-003
 1.0812738e-003
 1.1154059e-003
 1.1619623e-003
 1.2179532e-003
 1.2798491e-003
 1.3438397e-003
 1.4061098e-003
 1.4629784e-003
 1.5111532e-003
 1.5480134e-003
 1.5718077e-003
 1.5817843e-003
 1.5780728e-003
 1.5614657e-003
 1.5331456e-003
 1.4944995e-003
 1.4470115e-003
 1.3922101e-003
 1.3317297e-003
 1.2673031e-003
 1.2008540e-003
 1.1344927e-003
 1.0704739e-003
 1.0112064e-003
 9.5913670e-004
 9.1674458e-004
 8.8640943e-004
 8.7031786e-004
 8.7017677e-004
 8.8694750e-004
 9.2054642e-004
 9.6975843e-004
 1.0323357e-003
 1.1052894e-003
 1.1851261e-003
 1.2682029e-003
 1.3508613e-003
 1.4295345e-003
 1.5010759e-003
 1.5629418e-003
 1.6133726e-003
 1.6515703e-003
 1.6775491e-003
 1.6919359e-003
 1.6957169e-003
 1.6900697e-003
 1.6762352e-003
 1.6554882e-003
 1.6290992e-003
 1.5983332e-003
 1.5644749e-003
 1.5287843e-003
 1.4925165e-003
 1.4569503e-003
 1.4233341e-003
 1.3929114e-003
 1.3668824e-003
 1.3463708e-003
 1.3322891e-003
 1.3252366e-003
 1.3253841e-003
 1.3324170e-003
 1.3455948e-003
 1.3638478e-003
 1.3859257e-003
 1.4104901e-003
 1.4361980e-003
 1.4617426e-003
 1.4859694e-003
 1.5079508e-003
 1.5270521e-003
 1.5429972e-003
 1.5558156e-003
 1.5657564e-003
 1.5732148e-003
 1.5786480e-003
 1.5825288e-003
 1.5853224e-003
 1.5874538e-003
 1.5892800e-003
 1.5910638e-003
 1.5929667e-003
 1.5950571e-003
 1.5973330e-003
 1.5997530e-003
 1.6022553e-003
 1.6047680e-003
 1.6072184e-003
 1.6095325e-003
 1.6116359e-003
 1.6134522e-003
 1.6149061e-003
 1.6159214e-003
 1.6164209e-003
 1.6163284e-003
 1.6155679e-003
 1.6140684e-003
 1.6117673e-003
 1.6086219e-003
 1.6046200e-003
 1.5997965e-003
 1.5942309e-003
 1.5880462e-003
 1.5814016e-003
 1.5744710e-003
 1.5674371e-003
 1.5604891e-003
 1.5538073e-003
 1.5475622e-003
 1.5419109e-003
 1.5369828e-003
 1.5328822e-003
 1.5296887e-003
 1.5274670e-003
 1.5262683e-003
 1.5261378e-003
 1.5271145e-003
 1.5292246e-003
 1.5324720e-003
 1.5368193e-003
 1.5421788e-003
 1.5484036e-003
 1.5552964e-003
 1.5626155e-003
 1.5701021e-003
 1.5774878e-003
 1.5845015e-003
 1.5908931e-003
 1.5964465e-003
 1.6010001e-003
 1.6044750e-003
 1.6068793e-003
 1.6082979e-003
 1.6088764e-003
 1.6087937e-003
 1.6082446e-003
 1.6074261e-003
 1.6065254e-003
 1.6057055e-003
 1.6050894e-003
 1.6047445e-003
 1.6046769e-003
 1.6048383e-003
 1.6051388e-003
 1.6054652e-003
 1.6056941e-003
 1.6057030e-003
 1.6053832e-003
 1.6046558e-003
 1.6034924e-003
 1.6019335e-003
 1.6000948e-003
 1.5981622e-003
 1.5963702e-003
 1.5949826e-003
 1.5942719e-003
 1.5944951e-003
 1.5958612e-003
 1.5984753e-003
 1.6022683e-003
 1.6069382e-003
 1.6119243e-003
 1.6164276e-003
 1.6194810e-003
 1.6200169e-003
 1.6169338e-003
 1.6091652e-003
 1.5957734e-003
 1.5760896e-003
 1.5499200e-003
 1.5176802e-003
 1.4804706e-003
 1.4400417e-003
 1.3985754e-003
 1.3585219e-003
 1.3224659e-003
 1.2929263e-003
 1.2722164e-003
 1.2622048e-003
 1.2639718e-003
 1.2775570e-003
 1.3018484e-003
 1.3346685e-003
 1.3730858e-003
 1.4137187e-003
 1.4529630e-003
 1.4872591e-003
 1.5132790e-003
 1.5282122e-003
 1.5301682e-003
 1.5184723e-003
 1.4937955e-003
 1.4580507e-003
 1.4140343e-003
 1.3650700e-003
 1.3147563e-003
 1.2666766e-003
 1.2242335e-003
 1.1904270e-003
 1.1674932e-003
 1.1566825e-003
 1.1581505e-003
 1.1710475e-003
 1.1937947e-003
 1.2243829e-003
 1.2605761e-003
 1.3001137e-003
 1.3408120e-003
 1.3806567e-003
 1.4180061e-003
 1.4516829e-003
 1.4810025e-003
 1.5057726e-003
 1.5261353e-003
 1.5424436e-003
 1.5551399e-003
 1.5647146e-003
 1.5716580e-003
 1.5764369e-003
 1.5794878e-003
 1.5811956e-003
 1.5818892e-003
 1.5818492e-003
 1.5813188e-003
 1.5805182e-003
 1.5796563e-003
 1.5789311e-003
 1.5785267e-003
 1.5786001e-003
 1.5792638e-003
 1.5805701e-003
 1.5825041e-003
 1.5849915e-003
 1.5879138e-003
 1.5911247e-003
 1.5944674e-003
 1.5977834e-003
 1.6009227e-003
 1.6037518e-003
 1.6061718e-003
 1.6081275e-003
 1.6096103e-003
 1.6106572e-003
 1.6113369e-003
 1.6117370e-003
 1.6119542e-003
 1.6120870e-003
 1.6122295e-003
 1.6124651e-003
 1.6128594e-003
 1.6134528e-003
 1.6142583e-003
 1.6152642e-003
 1.6164409e-003
 1.6177469e-003
 1.6191365e-003
 1.6205630e-003
 1.6219802e-003
 1.6233482e-003
 1.6246350e-003
 1.6258202e-003
 1.6268957e-003
 1.6278655e-003
 1.6287419e-003
 1.6295416e-003
 1.6302842e-003
 1.6309888e-003
 1.6316709e-003
 1.6323400e-003
 1.6329943e-003
 1.6336165e-003
 1.6341727e-003
 1.6346140e-003
 1.6348799e-003
 1.6349042e-003
 1.6346194e-003
 1.6339634e-003
 1.6328914e-003
 1.6313923e-003
 1.6295126e-003
 1.6273786e-003
 1.6252017e-003
 1.6232715e-003
 1.6219357e-003
 1.6215771e-003
 1.6225931e-003
 1.6253864e-003
 1.6303516e-003
 1.6378692e-003
 1.6482951e-003
 1.6619404e-003
 1.6790824e-003
 1.6999597e-003
 1.7247900e-003
 1.7537555e-003
 1.7870475e-003
 1.8248551e-003
 1.8673328e-003
 1.9146475e-003
 1.9669484e-003
 2.0243165e-003
 2.0868361e-003
 2.1545673e-003
 2.2274966e-003
 2.3056429e-003
 2.3889926e-003
 2.4775171e-003
 2.5710403e-003
 2.6692788e-003
 2.7716721e-003
 2.8772058e-003
 2.9845154e-003
 3.0918564e-003
 3.1971263e-003
 3.2981364e-003
 3.3926046e-003
 3.4782842e-003
 3.5529810e-003
 3.6148117e-003
 3.6623005e-003
 3.6945057e-003
 3.7111493e-003
 3.7125065e-003
 3.6992722e-003
 3.6723954e-003
 3.6329355e-003
 3.5820296e-003
 3.5208003e-003
 3.4503746e-003
 3.3718487e-003
 3.2863591e-003
 3.1949675e-003
 3.0987118e-003
 2.9986885e-003
 2.8959161e-003
 2.7914059e-003
 2.6862361e-003
 2.5813978e-003
 2.4778794e-003
 2.3766004e-003
 2.2784907e-003
 2.1843396e-003
 2.0948804e-003
 2.0108637e-003
 1.9329459e-003
 1.8617664e-003
 1.7979839e-003
 1.7421364e-003
 1.6946439e-003
 1.6556927e-003
 1.6251910e-003
 1.6026807e-003
 1.5874059e-003
 1.5783960e-003
 1.5745342e-003
 1.5746491e-003
 1.5775629e-003
 1.5821414e-003
 1.5873570e-003
 1.5923571e-003
 1.5965347e-003
 1.5995511e-003
 1.6013096e-003
 1.6018910e-003
 1.6014841e-003
 1.6003277e-003
 1.5986777e-003
 1.5967846e-003
 1.5948768e-003
 1.5931452e-003
 1.5917267e-003
 1.5907000e-003
 1.5900909e-003
 1.5898861e-003
 1.5900480e-003
 1.5905275e-003
 1.5912721e-003
 1.5922313e-003
 1.5933615e-003
 1.5946295e-003
 1.5960193e-003
 1.5975323e-003
 1.5991845e-003
 1.6010035e-003
 1.6030222e-003
 1.6052745e-003
 1.6077859e-003
 1.6105652e-003
 1.6135868e-003
 1.6167676e-003
 1.6199533e-003
 1.6229078e-003
 1.6253168e-003
 1.6268094e-003
 1.6269789e-003
 1.6254034e-003
 1.6216631e-003
 1.6153463e-003
 1.6060534e-003
 1.5934107e-003
 1.5777574e-003
 1.5620975e-003
 1.5382563e-003
 1.5120296e-003
 1.4841396e-003
 1.4553138e-003
 1.4262728e-003
 1.3977581e-003
 1.3704904e-003
 1.3451970e-003
 1.3226056e-003
 1.3033651e-003
 1.2874453e-003
 1.2744230e-003
 1.2638764e-003
 1.2553821e-003
 1.2485222e-003
 1.2428723e-003
 1.2380112e-003
 1.2335158e-003
 1.2289664e-003
 1.2239402e-003
 1.2180153e-003
 1.2107681e-003
 1.2017803e-003
 1.1906711e-003
 1.1774541e-003
 1.1623523e-003
 1.1455868e-003
 1.1273911e-003
 1.1079868e-003
 1.0875989e-003
 1.0664478e-003
 1.0447691e-003
 1.0227828e-003
 1.0007144e-003
 9.7878417e-004
 9.5722760e-004
 9.3626499e-004
 9.1612159e-004
 8.9702284e-004
 8.7918976e-004
 8.6285628e-004
 8.4822316e-004
 8.3531503e-004
 8.2405983e-004
 8.1439229e-004
 8.0623903e-004
 7.9952972e-004
 7.9419243e-004
 7.9015933e-004
 7.8735844e-004
 7.8571937e-004
 7.8517140e-004
 7.8564440e-004
 7.8706752e-004
 7.8937027e-004
 7.9248205e-004
 7.9633360e-004
 8.0085220e-004
 8.0596848e-004
 8.1161171e-004
 8.1771304e-004
 8.2419883e-004
 8.3100010e-004
 8.3805056e-004
 8.4532262e-004
 8.5280219e-004
 8.6048048e-004
 8.6834689e-004
 8.7639119e-004
 8.8460458e-004
 8.9297298e-004
 9.0148766e-004
 9.1013801e-004
 9.1891590e-004
 9.2780666e-004
 9.3680172e-004
 9.4589073e-004
 9.5506542e-004
 9.6431072e-004
 9.7361865e-004
 9.8297838e-004
 9.9237985e-004
 1.0018144e-003
 1.0112673e-003
 1.0207304e-003
 1.0301931e-003
 1.0396470e-003
 1.0490773e-003
 1.0584759e-003
 1.0678306e-003
 1.0771203e-003
 1.0863116e-003
 1.0953775e-003
 1.1042887e-003
 1.1130160e-003
 1.1215325e-003
 1.1298046e-003
 1.1378054e-003
 1.1455057e-003
 1.1528782e-003
 1.1598899e-003
 1.1665135e-003
 1.1727200e-003
 1.1784816e-003
 1.1837658e-003
 1.1885457e-003
 1.1927915e-003
 1.1964750e-003
 1.1995655e-003
 1.2020344e-003
 1.2038526e-003
 1.2049914e-003
 1.2054209e-003
 1.2051124e-003
 1.2040365e-003
 1.2021640e-003
 1.1994654e-003
 1.1959124e-003
 1.1914752e-003
 1.1861337e-003
 1.1799334e-003
 1.1729569e-003
 1.1652826e-003
