s07_ASD Record=7517:  error bars to preceding                
 1.6568664e-003
 1.5969181e-003
 1.5121673e-003
 1.4071224e-003
 1.2947617e-003
 1.1938970e-003
 1.1220273e-003
 1.0882757e-003
 1.0897245e-003
 1.1126914e-003
 1.1381609e-003
 1.1476518e-003
 1.1271676e-003
 1.0695192e-003
 9.7682851e-004
 8.6035090e-004
 7.3627435e-004
 6.2016945e-004
 5.2366161e-004
 4.5326364e-004
 4.1056317e-004
 3.9310480e-004
 3.9548363e-004
 4.1048523e-004
 4.3018450e-004
 4.4717561e-004
 4.5662414e-004
 4.5820756e-004
 4.5533990e-004
 4.5198030e-004
 4.5017587e-004
 4.4964312e-004
 4.4876387e-004
 4.4548709e-004
 4.3822901e-004
 4.2710456e-004
 4.1427379e-004
 4.0378157e-004
 4.0139369e-004
 4.1392850e-004
 4.4758164e-004
 5.0513831e-004
 5.8281457e-004
 6.6864939e-004
 7.4441097e-004
 7.9148263e-004
 7.9837319e-004
 7.6572312e-004
 7.0546486e-004
 6.3449406e-004
 5.6703569e-004
 5.1069702e-004
 4.6801491e-004
 4.4106974e-004
 4.3457808e-004
 4.5469170e-004
 5.0312607e-004
 5.7102606e-004
 6.4144522e-004
 6.8841456e-004
 6.8846578e-004
 6.5571169e-004
 6.0723186e-004
 5.6073692e-004
 5.4785714e-004
 5.8880559e-004
 6.7409762e-004
 7.7888340e-004
 8.7550527e-004
 9.4288465e-004
 9.7684399e-004
 9.9014852e-004
 9.9928246e-004
 1.0095414e-003
 1.0094915e-003
 9.7849488e-004
 9.0217870e-004
 7.8445964e-004
 6.4724940e-004
 5.1891251e-004
 4.2023588e-004
 3.5695510e-004
 3.2163857e-004
 3.0149842e-004
 2.8646586e-004
 2.7418073e-004
 2.7137410e-004
 2.9192551e-004
 3.5120558e-004
 4.5687670e-004
 5.9930776e-004
 7.4814371e-004
 8.6057250e-004
 8.9975767e-004
 8.5324509e-004
 7.4023119e-004
 6.0302747e-004
 4.8607786e-004
 4.1648175e-004
 3.9987938e-004
 4.2976718e-004
 4.9818464e-004
 5.9864763e-004
 7.2178483e-004
 8.5069635e-004
 9.6445391e-004
 1.0490518e-003
 1.1034543e-003
 1.1341305e-003
 1.1457346e-003
 1.1404610e-003
 1.1261391e-003
 1.1189965e-003
 1.1320552e-003
 1.1591982e-003
 1.1736008e-003
 1.1459893e-003
 1.0678669e-003
 9.5899630e-004
 8.5243396e-004
 7.7042996e-004
 7.1172661e-004
 6.5942359e-004
 5.9960480e-004
 5.3302536e-004
 4.7164373e-004
 4.2680025e-004
 4.0119074e-004
 3.8969200e-004
 3.8515142e-004
 3.8286045e-004
 3.8129551e-004
 3.8107022e-004
 3.8529938e-004
 4.0246849e-004
 4.4854899e-004
 5.4163084e-004
 6.8603992e-004
 8.5577718e-004
 9.9707034e-004
 1.0586998e-003
 1.0295393e-003
 9.4769744e-004
 8.6803525e-004
 8.1650179e-004
 7.7505253e-004
 7.0998492e-004
 6.1153481e-004
 5.0413859e-004
 4.2333649e-004
 3.9084328e-004
 4.1161827e-004
 4.8303249e-004
 5.9438933e-004
 7.1929779e-004
 8.2472025e-004
 8.9949125e-004
 9.6654950e-004
 1.0513008e-003
 1.1386091e-003
 1.1782327e-003
 1.1416685e-003
 1.0624332e-003
 1.0049877e-003
 9.9309394e-004
 9.8223472e-004
 9.1283338e-004
 7.8401197e-004
 6.6094729e-004
 6.0840987e-004
 6.2750629e-004
 6.5987691e-004
 6.4512988e-004
 5.6990940e-004
 4.6853934e-004
 3.8668557e-004
 3.4719348e-004
 3.4398041e-004
 3.5861388e-004
 3.7828839e-004
 4.0353520e-004
 4.5006740e-004
 5.4620451e-004
 7.1383477e-004
 9.3351450e-004
 1.1300442e-003
 1.2119596e-003
 1.1396074e-003
 9.5857610e-004
 7.7259535e-004
 6.8237429e-004
 7.2542200e-004
 8.4604876e-004
 9.2843879e-004
 8.8803784e-004
 7.4157747e-004
 5.8053021e-004
 4.8696483e-004
 4.8988056e-004
 5.7605025e-004
 6.9968222e-004
 7.9084031e-004
 8.0076483e-004
 7.4608694e-004
 6.8282965e-004
 6.4848014e-004
 6.6032290e-004
 7.4146170e-004
 8.8837254e-004
 1.0256026e-003
 1.0576980e-003
 9.6996618e-004
 8.3211320e-004
 7.1235298e-004
 6.3677994e-004
 6.1484263e-004
 6.4165896e-004
 6.7912904e-004
 6.8988360e-004
 6.8655633e-004
 7.0171594e-004
 7.2904991e-004
 7.5421704e-004
 8.2161132e-004
 9.9365204e-004
 1.2480411e-003
 1.4805507e-003
 1.6039463e-003
 1.5896796e-003
 1.4352599e-003
 1.1657404e-003
 8.6556212e-004
 6.3998444e-004
 5.2583870e-004
 4.7821613e-004
 4.5662330e-004
 4.9239706e-004
 6.4001535e-004
 8.6295512e-004
 1.0213362e-003
 1.0283140e-003
 9.7070122e-004
 9.8045287e-004
 1.0299681e-003
 9.7777357e-004
 7.9092750e-004
 5.9858820e-004
 5.3940137e-004
 6.4877752e-004
 8.6321135e-004
 1.0479602e-003
 1.0603279e-003
 8.7573752e-004
 6.2218047e-004
 4.4329622e-004
 3.6747719e-004
 3.5112165e-004
 3.6456113e-004
 3.9667162e-004
 4.5216660e-004
 5.6880864e-004
 7.5403909e-004
 8.9920056e-004
 8.8175491e-004
 7.4444443e-004
 6.3193991e-004
 6.0034305e-004
 6.0715876e-004
 5.9876079e-004
 5.4114556e-004
 4.4797666e-004
 3.8039111e-004
 3.7016752e-004
 3.9612671e-004
 4.7002852e-004
 6.5399829e-004
 9.2128298e-004
 1.0962269e-003
 1.0536559e-003
 9.0863230e-004
 8.8392186e-004
 1.0281011e-003
 1.1471541e-003
 1.0651100e-003
 8.5914053e-004
 7.5548253e-004
 8.6241023e-004
 1.0412009e-003
 1.0550742e-003
 8.4295549e-004
 5.7277328e-004
 4.1681185e-004
 3.8374236e-004
 3.9538802e-004
 4.1201836e-004
 4.3322364e-004
 4.5006469e-004
 4.4678542e-004
 4.2633075e-004
 4.1066474e-004
 4.1986836e-004
 4.5418768e-004
 4.9319840e-004
 5.1743834e-004
 5.4511934e-004
 6.4583123e-004
 8.8230544e-004
 1.2138899e-003
 1.4850032e-003
 1.5383465e-003
 1.3416253e-003
 1.0138392e-003
 7.3246052e-004
 5.9918640e-004
 5.8644934e-004
 6.0237874e-004
 5.9123361e-004
 5.6881108e-004
 5.8445381e-004
 6.5053999e-004
 7.0630194e-004
 6.7878037e-004
 5.7061808e-004
 4.5639457e-004
 4.0331777e-004
 4.1597910e-004
 4.4720431e-004
 4.4905258e-004
 4.1206481e-004
 3.6246056e-004
 3.3267893e-004
 3.3795138e-004
 3.7188391e-004
 4.1206201e-004
 4.2858449e-004
 4.0248135e-004
 3.5544604e-004
 3.6297206e-004
 5.1203836e-004
 8.1249594e-004
 1.1442048e-003
 1.3226201e-003
 1.2539636e-003
 1.0366139e-003
 8.9113083e-004
 9.6494536e-004
 1.1974124e-003
 1.3833676e-003
 1.3616993e-003
 1.1410466e-003
 8.6188357e-004
 6.5386109e-004
 5.3603569e-004
 4.5426236e-004
 4.0281485e-004
 4.0465497e-004
 4.3726785e-004
 4.5532425e-004
 4.4231961e-004
 4.1106160e-004
 3.9696071e-004
 4.8356873e-004
 7.5452635e-004
 1.1214626e-003
 1.3006310e-003
 1.1300502e-003
 8.0642675e-004
 6.5378175e-004
 7.6897797e-004
 9.6747052e-004
 1.0037597e-003
 8.7026617e-004
 8.2907832e-004
 1.0135279e-003
 1.1764013e-003
 1.0533277e-003
 7.5863040e-004
 6.1750779e-004
 7.9418742e-004
 1.1910881e-003
 1.5696933e-003
 1.7164953e-003
 1.5600738e-003
 1.1959780e-003
 8.3608966e-004
 7.0114300e-004
 8.7637414e-004
 1.1983410e-003
 1.3552590e-003
 1.2467366e-003
 1.1365120e-003
 1.2752552e-003
 1.5612672e-003
 1.7580339e-003
 1.8023727e-003
 1.7309558e-003
 1.5163606e-003
 1.1501864e-003
 7.3467777e-004
 4.8293406e-004
 4.9035304e-004
 6.0621405e-004
 6.6729583e-004
 6.2274566e-004
 4.8660944e-004
 3.4688317e-004
 3.5115433e-004
 6.0697610e-004
 1.0309063e-003
 1.3546339e-003
 1.3460503e-003
 1.0503359e-003
 7.7732309e-004
 8.2193862e-004
 1.1802634e-003
 1.5536825e-003
 1.6324798e-003
 1.3609282e-003
 9.3935034e-004
 6.1550265e-004
 5.2670535e-004
 6.8539631e-004
 1.0261242e-003
 1.3976928e-003
 1.5987953e-003
 1.4961582e-003
 1.1256664e-003
 7.1335578e-004
 5.8533455e-004
 8.3442859e-004
 1.3204960e-003
 1.7006848e-003
 1.7218115e-003
 1.4299923e-003
 9.9149346e-004
 5.7286618e-004
 3.2210833e-004
 2.6425949e-004
 3.7490952e-004
 6.2954961e-004
 9.9496695e-004
 1.3813780e-003
 1.6760611e-003
 1.7662247e-003
 1.5662692e-003
 1.1705469e-003
 7.4638129e-004
 4.6128707e-004
 4.5420241e-004
 6.7371520e-004
 1.0444238e-003
 1.3128865e-003
 1.4035611e-003
 1.2927616e-003
 1.0578232e-003
 7.8038743e-004
 5.4220553e-004
 4.2210452e-004
 4.3504435e-004
 5.3255638e-004
 6.6347176e-004
 7.7657518e-004
 8.2273129e-004
 7.9830666e-004
 7.4458588e-004
 7.0477033e-004
 7.2204578e-004
 8.3755463e-004
 1.0471405e-003
 1.3021337e-003
 1.5521036e-003
 1.7465074e-003
 1.8348978e-003
 1.7824622e-003
 1.6152575e-003
 1.3740498e-003
 1.0996962e-003
 8.3293708e-004
 6.1463536e-004
 4.7620694e-004
 4.1321837e-004
 4.1254490e-004
 4.6107906e-004
 5.4572267e-004
 6.5334811e-004
 7.7085715e-004
 8.8800781e-004
 1.0053812e-003
 1.1262028e-003
 1.2536410e-003
 1.3909235e-003
 1.5412151e-003
 1.7077489e-003
 1.8936825e-003
 2.0995429e-003
 2.3155303e-003
 2.5295336e-003
 2.7293388e-003
 2.9028316e-003
 3.0378085e-003
 3.1221313e-003
 3.1436386e-003
 3.0949560e-003
 2.9865722e-003
 2.8331750e-003
 2.6493922e-003
 2.4499302e-003
 2.2494055e-003
 2.0625284e-003
 1.9039187e-003
 1.7847838e-003
 1.7033868e-003
 1.6550709e-003
 1.6351487e-003
 1.6389464e-003
 1.6617861e-003
 1.6989976e-003
 1.7458949e-003
 1.7978130e-003
 1.8500631e-003
 1.8979807e-003
 1.9368787e-003
 1.9632366e-003
 1.9776809e-003
 1.9817909e-003
 1.9771408e-003
 1.9653058e-003
 1.9478643e-003
 1.9263902e-003
 1.9024566e-003
 1.8776446e-003
 1.8535238e-003
 1.8316760e-003
 1.8136716e-003
 1.8007328e-003
 1.7927979e-003
 1.7895260e-003
 1.7905731e-003
 1.7955960e-003
 1.8042529e-003
 1.8161986e-003
 1.8310930e-003
 1.8485895e-003
 1.8683467e-003
 1.8900244e-003
 1.9129763e-003
 1.9355194e-003
 1.9557301e-003
 1.9716949e-003
 1.9814919e-003
 1.9832046e-003
 1.9749147e-003
 1.9547020e-003
 1.9206525e-003
 1.8708402e-003
 1.8045377e-003
 1.7250879e-003
 1.6367108e-003
 1.5436606e-003
 1.4501479e-003
 1.3604272e-003
 1.2787102e-003
 1.2092489e-003
 1.1562594e-003
 1.1239869e-003
 1.1150097e-003
 1.1262895e-003
 1.1535848e-003
 1.1926466e-003
 1.2392402e-003
 1.2891118e-003
 1.3380240e-003
 1.3817394e-003
 1.4160043e-003
 1.4365835e-003
 1.4408515e-003
 1.4316591e-003
 1.4130098e-003
 1.3889013e-003
 1.3633408e-003
 1.3403244e-003
 1.3238589e-003
 1.3179425e-003
 1.3265776e-003
 1.3517734e-003
 1.3889138e-003
 1.4319903e-003
 1.4750112e-003
 1.5119666e-003
 1.5368637e-003
 1.5436966e-003
 1.5264659e-003
 1.4818411e-003
 1.4152594e-003
 1.3339901e-003
 1.2452690e-003
 1.1563698e-003
 1.0745270e-003
 1.0070131e-003
 9.6107024e-004
 9.4171934e-004
 9.4671355e-004
 9.7232265e-004
 1.0148095e-003
 1.0704525e-003
 1.1355074e-003
 1.2062580e-003
 1.2789568e-003
 1.3501591e-003
 1.4172564e-003
 1.4778482e-003
 1.5246444e-003
 1.5627607e-003
 1.5873325e-003
 1.5970507e-003
 1.5930264e-003
 1.5783882e-003
 1.5576778e-003
 1.5361309e-003
 1.5191062e-003
 1.5113201e-003
 1.5156369e-003
 1.5322865e-003
 1.5595882e-003
 1.5950409e-003
 1.6357601e-003
 1.6781937e-003
 1.7175945e-003
 1.7477890e-003
 1.7615532e-003
 1.7513859e-003
 1.7107659e-003
 1.6362797e-003
 1.5300284e-003
 1.4004982e-003
 1.2611159e-003
 1.1275307e-003
 1.0148108e-003
 9.3448634e-004
 8.9199533e-004
 8.8588276e-004
 9.0919540e-004
 9.5205713e-004
 1.0041728e-003
 1.0568907e-003
 1.1046184e-003
 1.1452693e-003
 1.1795915e-003
 1.2098640e-003
 1.2384504e-003
 1.2665214e-003
 1.2379970e-003
 1.2423089e-003
 1.2380360e-003
 1.2247692e-003
 1.2027732e-003
 1.1731428e-003
 1.1378531e-003
 1.0996965e-003
 1.0621744e-003
 1.0291373e-003
 1.0043564e-003
 9.9098729e-004
 9.9106051e-004
 1.0051078e-003
 1.0321474e-003
 1.0699069e-003
 1.1151534e-003
 1.1641728e-003
 1.2131998e-003
 1.2588678e-003
 1.2985519e-003
 1.3305079e-003
 1.3539505e-003
 1.3689415e-003
 1.3762024e-003
 1.3769498e-003
 1.3727087e-003
 1.3650579e-003
 1.3554010e-003
 1.3448177e-003
 1.3340267e-003
 1.3234953e-003
 1.3135910e-003
 1.3047265e-003
 1.2974124e-003
 1.2922098e-003
 1.2895978e-003
 1.2897922e-003
 1.2926005e-003
 1.2973673e-003
 1.3030596e-003
 1.3084711e-003
 1.3125008e-003
 1.3144241e-003
 1.3140712e-003
 1.3118708e-003
 1.3087401e-003
 1.3058599e-003
 1.3043951e-003
 1.3052444e-003
 1.3088689e-003
 1.3152322e-003
 1.3238396e-003
 1.3338444e-003
 1.3441567e-003
 1.3535476e-003
 1.3607002e-003
 1.3642532e-003
 1.3628468e-003
 1.3552089e-003
 1.3402941e-003
 1.3174735e-003
 1.2867270e-003
 1.2487719e-003
 1.2051292e-003
 1.1580315e-003
 1.1101905e-003
 1.0645324e-003
 1.0238157e-003
 9.9036563e-004
 9.6583710e-004
 9.5111068e-004
 9.4632828e-004
 9.5098885e-004
 9.6411601e-004
 9.8442193e-004
 1.0104687e-003
 1.0407614e-003
 1.0738476e-003
 1.1083414e-003
 1.1429661e-003
 1.1765949e-003
 1.2082472e-003
 1.2371385e-003
 1.2626624e-003
 1.2843962e-003
 1.3020864e-003
 1.3156037e-003
 1.3249221e-003
 1.3300972e-003
 1.3312469e-003
 1.3285513e-003
 1.3222448e-003
 1.3126043e-003
 1.2999142e-003
 1.2844322e-003
 1.2663315e-003
 1.2456819e-003
 1.2224483e-003
 1.1965305e-003
 1.1678796e-003
 1.1365986e-003
 1.1030957e-003
 1.0681669e-003
 1.0330081e-003
 9.9918002e-004
 9.6842268e-004
 9.4246073e-004
 9.2273520e-004
 9.1016095e-004
 9.0496667e-004
 9.0660708e-004
 9.1381260e-004
 9.2474412e-004
 9.3725161e-004
 9.4916986e-004
 9.5862412e-004
 9.6427981e-004
 9.6548209e-004
 9.6228381e-004
 9.5534394e-004
 9.4573980e-004
 9.3472976e-004
 9.2354574e-004
 9.1323134e-004
 9.0458745e-004
 8.9818664e-004
 8.9444226e-004
 8.9368614e-004
 8.9619873e-004
 9.0217934e-004
 9.1165275e-004
 9.2435733e-004
 9.3964196e-004
 9.5645455e-004
 9.7340561e-004
 9.8894455e-004
 1.0015963e-003
 1.0101837e-003
 1.0140121e-003
 1.0129422e-003
 1.0073418e-003
 9.9793635e-004
 9.8560459e-004
 9.7116909e-004
 9.5523603e-004
 9.3814847e-004
 9.2001882e-004
 9.0088212e-004
 8.8088232e-004
 8.6045353e-004
 8.4046565e-004
 8.2222687e-004
 8.0738909e-004
 7.9770252e-004
 7.9469441e-004
 7.9934218e-004
 8.1181189e-004
 8.3134708e-004
 8.5635559e-004
 8.8470650e-004
 9.1413164e-004
 9.4271352e-004
 9.6924405e-004
 9.9343713e-004
 1.0158996e-003
 1.0378490e-003
 1.0606996e-003
 1.0856048e-003
 1.1130518e-003
 1.1426783e-003
 1.1732656e-003
 1.2029753e-003
 1.2297296e-003
 1.2516082e-003
 1.2672407e-003
 1.2760283e-003
 1.2782275e-003
 1.2748487e-003
 1.2674243e-003
 1.2576983e-003
 1.2473153e-003
 1.2375590e-003
 1.2291900e-003
 1.2224178e-003
 1.2169710e-003
 1.2122648e-003
 1.2075896e-003
 1.2022833e-003
 1.1958445e-003
 1.1879645e-003
 1.1784885e-003
 1.1673514e-003
 1.1545073e-003
 1.1399226e-003
 1.1236216e-003
 1.1057759e-003
 1.0868276e-003
 1.0675398e-003
 1.0489952e-003
 1.0324689e-003
 1.0192127e-003
 1.0102200e-003
 1.0059923e-003
 1.0064165e-003
 1.0107607e-003
 1.0178121e-003
 1.0261036e-003
 1.0341867e-003
 1.0408559e-003
 1.0452986e-003
 1.0471290e-003
 1.0463193e-003
 1.0430736e-003
 1.0376853e-003
 1.0304301e-003
 1.0215082e-003
 1.0110566e-003
 9.9919329e-004
 9.8607352e-004
 9.7194564e-004
 9.5715903e-004
 9.4216474e-004
 9.2748099e-004
 9.1365207e-004
 9.0122782e-004
 8.9072192e-004
 8.8258978e-004
 8.7717519e-004
 8.7464100e-004
 8.7489071e-004
 8.7749236e-004
 8.8164548e-004
 8.8621938e-004
 8.8988582e-004
 8.9132949e-004
 8.8951259e-004
 8.8392466e-004
 8.7475724e-004
 8.6293899e-004
 8.5002609e-004
 8.3794381e-004
 8.2864246e-004
 8.2376105e-004
 8.2434644e-004
 8.3071465e-004
 8.4245007e-004
 8.5854455e-004
 8.7759719e-004
 8.9805754e-004
 9.1840705e-004
 9.3730079e-004
 9.5364836e-004
 9.6663146e-004
 9.7573875e-004
 9.8078058e-004
 9.8193227e-004
 9.7976287e-004
 9.7523018e-004
 9.6961262e-004
 9.6436939e-004
 9.6093008e-004
 9.6045248e-004
 9.6360117e-004
 9.7038917e-004
 9.8013598e-004
 9.9154073e-004
 1.0028840e-003
 1.0122915e-003
 1.0180392e-003
 1.0188281e-003
 1.0139816e-003
 1.0035422e-003
 9.8825397e-004
 9.6943945e-004
 9.4878464e-004
 9.2810858e-004
 9.0909895e-004
 8.9312496e-004
 8.8109646e-004
 8.7341777e-004
 8.7003998e-004
 8.7056716e-004
 8.7441399e-004
 8.8096131e-004
 8.8969065e-004
 9.0025458e-004
 9.1249443e-004
 9.2637615e-004
 9.4188692e-004
 9.5891196e-004
 9.7710139e-004
 9.9579478e-004
 1.0140127e-003
 1.0305044e-003
 1.0438967e-003
 1.0528621e-003
 1.0563189e-003
 1.0535931e-003
 1.0445178e-003
 1.0294472e-003
 1.0091985e-003
 9.8492927e-004
 9.5797575e-004
 9.2973502e-004
 9.0153766e-004
 8.7461749e-004
 8.5009099e-004
 8.2896312e-004
 8.1216072e-004
 8.0050487e-004
 7.9468684e-004
 7.9518900e-004
 8.0220285e-004
 8.1554812e-004
 8.3461485e-004
 8.5835974e-004
 8.8532479e-004
 9.1374252e-004
 9.4163785e-004
 9.6698978e-004
 9.8790519e-004
 1.0027647e-003
 1.0103931e-003
 1.0101699e-003
 1.0021209e-003
 9.8694058e-004
 9.6596399e-004
 9.4104704e-004
 9.1441197e-004
 8.8842062e-004
 8.6532097e-004
 8.4703491e-004
 8.3494844e-004
 8.2980905e-004
 8.3168078e-004
 8.3999400e-004
 8.5365179e-004
 8.7117305e-004
 8.9085731e-004
 9.1091928e-004
 9.2964433e-004
 9.4550132e-004
 9.5728057e-004
 9.6422719e-004
 9.6615328e-004
 9.6352928e-004
 9.5749443e-004
 9.4976882e-004
 9.4244198e-004
 9.3767123e-004
 9.3731814e-004
 9.4262004e-004
 9.5395686e-004
 9.7079511e-004
 9.9179940e-004
 1.0151246e-003
 1.0387570e-003
 1.0608663e-003
 1.0800572e-003
 1.0954486e-003
 1.1066450e-003
 1.1135871e-003
 1.1164158e-003
 1.1153944e-003
 1.1109363e-003
 1.1037299e-003
 1.0948859e-003
 1.0860331e-003
 1.0792639e-003
 1.0769176e-003
 1.0812065e-003
 1.0937901e-003
 1.1153993e-003
 1.1456482e-003
 1.1830523e-003
 1.2252938e-003
 1.2696546e-003
 1.3134284e-003
 1.3543223e-003
 1.3906080e-003
 1.4211370e-003
 1.4452010e-003
 1.4623095e-003
 1.4720627e-003
 1.4741087e-003
 1.4682639e-003
 1.4547112e-003
 1.4342136e-003
 1.4082351e-003
 1.3788827e-003
 1.3487006e-003
 1.3202694e-003
 1.2957954e-003
 1.2767079e-003
 1.2634041e-003
 1.2552153e-003
 1.2505561e-003
 1.2472712e-003
 1.2430717e-003
 1.2359857e-003
 1.2247396e-003
 1.2089851e-003
 1.1893611e-003
 1.1673637e-003
 1.1450578e-003
 1.1247227e-003
 1.1084402e-003
 1.0977725e-003
 1.0935240e-003
 1.0956596e-003
 1.1033679e-003
 1.1152425e-003
 1.1295249e-003
 1.1443691e-003
 1.1580809e-003
 1.1692779e-003
 1.1770008e-003
 1.1807575e-003
 1.1805181e-003
 1.1766877e-003
 1.1700544e-003
 1.1617150e-003
 1.1529642e-003
 1.1451604e-003
 1.1395477e-003
 1.1370799e-003
 1.1382538e-003
 1.1430018e-003
 1.1506643e-003
 1.1600647e-003
 1.1696657e-003
 1.1777940e-003
 1.1828861e-003
 1.1837028e-003
 1.1794943e-003
 1.1700831e-003
 1.1558755e-003
 1.1378011e-003
 1.1172307e-003
 1.0958597e-003
 1.0755756e-003
 1.0583450e-003
 1.0460506e-003
 1.0403449e-003
 1.0424652e-003
 1.0530646e-003
 1.0720624e-003
 1.0985705e-003
 1.1308854e-003
 1.1666060e-003
 1.2028689e-003
 1.2366254e-003
 1.2650262e-003
 1.2857440e-003
 1.2972887e-003
 1.2992108e-003
 1.2921734e-003
 1.2778922e-003
 1.2589437e-003
 1.2384546e-003
 1.2197040e-003
 1.2057200e-003
 1.1988715e-003
 1.2005459e-003
 1.2109517e-003
 1.2290772e-003
 1.2528147e-003
 1.2792563e-003
 1.3051311e-003
 1.3272739e-003
 1.3431245e-003
 1.3510844e-003
 1.3507283e-003
 1.3427825e-003
 1.3288972e-003
 1.3112471e-003
 1.2920807e-003
 1.2732947e-003
 1.2561416e-003
 1.2411572e-003
 1.2282567e-003
 1.2170135e-003
 1.2069809e-003
 1.1979828e-003
 1.1902936e-003
 1.1846343e-003
 1.1820190e-003
 1.1834704e-003
 1.1896997e-003
 1.2008273e-003
 1.2162207e-003
 1.2345110e-003
 1.2537643e-003
 1.2718282e-003
 1.2867280e-003
 1.2970743e-003
 1.3023606e-003
 1.3030696e-003
 1.3005725e-003
 1.2968181e-003
 1.2938905e-003
 1.2935408e-003
 1.2968163e-003
 1.3038785e-003
 1.3140498e-003
 1.3260687e-003
 1.3384746e-003
 1.3499835e-003
 1.3597780e-003
 1.3675966e-003
 1.3736547e-003
 1.3784384e-003
 1.3824656e-003
 1.3861186e-003
 1.3895980e-003
 1.3929952e-003
 1.3964468e-003
 1.4002654e-003
 1.4049509e-003
 1.4110440e-003
 1.4188755e-003
 1.4283268e-003
 1.4386704e-003
 1.4485226e-003
 1.4558806e-003
 1.4583406e-003
 1.4535279e-003
 1.4396688e-003
 1.4161996e-003
 1.3841308e-003
 1.3460756e-003
 1.3058073e-003
 1.2675168e-003
 1.2348440e-003
 1.2100528e-003
 1.1937720e-003
 1.1851635e-003
 1.1824397e-003
 1.1834648e-003
 1.1863004e-003
 1.1895597e-003
 1.1925753e-003
 1.1953897e-003
 1.1985665e-003
 1.2029023e-003
 1.2091051e-003
 1.2175303e-003
 1.2280291e-003
 1.2399174e-003
 1.2520853e-003
 1.2631782e-003
 1.2718424e-003
 1.2769727e-003
 1.2778721e-003
 1.2743438e-003
 1.2667010e-003
 1.2557177e-003
 1.2425171e-003
 1.2284759e-003
 1.2150855e-003
 1.2037769e-003
 1.1957053e-003
 1.1915429e-003
 1.1913148e-003
 1.1943098e-003
 1.1991274e-003
 1.2038440e-003
 1.2062998e-003
 1.2044512e-003
 1.1967365e-003
 1.1823737e-003
 1.1614615e-003
 1.1348720e-003
 1.1040544e-003
 1.0707537e-003
 1.0367195e-003
 1.0035083e-003
 9.7231235e-004
 9.4392162e-004
 9.1870443e-004
 8.9665951e-004
 8.7754172e-004
 8.6096610e-004
 8.4654265e-004
 8.3395676e-004
 8.2301506e-004
 8.1365649e-004
 8.0591126e-004
 7.9983985e-004
 7.9547393e-004
 7.9275569e-004
 7.9150987e-004
 7.9143792e-004
 7.9214555e-004
 7.9319434e-004
 7.9416839e-004
 7.9474109e-004
 7.9473137e-004
 7.9413725e-004
 7.9314120e-004
 7.9208543e-004
 7.9142506e-004
 7.9166424e-004
 7.9328835e-004
 7.9670147e-004
 8.0217927e-004
 8.0983597e-004
 8.1961253e-004
 8.3128572e-004
 8.4447692e-004
 8.5868861e-004
 8.7332539e-004
 8.8773330e-004
 9.0124243e-004
 9.1319578e-004
 9.2299498e-004
 9.3014014e-004
 9.3425502e-004
 9.3511527e-004
 9.3265326e-004
 9.2695456e-004
 9.1823342e-004
 9.0680603e-004
 8.9304539e-004
 8.7735569e-004
 8.6014444e-004
 8.4180664e-004
 8.2274998e-004
 8.0340542e-004
 7.8428432e-004
 7.6601567e-004
 7.4937561e-004
 7.3531672e-004
 7.2493491e-004
 7.1942504e-004
 7.1997853e-004
 7.2766125e-004
 7.4327533e-004
 7.6722552e-004
 7.9943269e-004
 8.3926192e-004
 8.8556838e-004
 9.3674299e-004
 9.9085085e-004
 1.0458130e-003
 1.0995317e-003
 1.1501019e-003
 1.1958973e-003
 1.2356972e-003
 1.2687718e-003
 1.2948917e-003
 1.3143657e-003
 1.3279871e-003
 1.3369786e-003
 1.3428719e-003
 1.3473048e-003
 1.3518159e-003
 1.3576275e-003
 1.3654532e-003
 1.3753605e-003
 1.3866960e-003
 1.3981026e-003
 1.4075773e-003
 1.4126637e-003
 1.4107600e-003
 1.3995215e-003
 1.3773236e-003
 1.3436942e-003
 1.2996758e-003
 1.2479183e-003
 1.1925841e-003
 1.1389385e-003
 1.0927063e-003
 1.0593514e-003
 1.0432668e-003
 1.0471322e-003
 1.0715264e-003
 1.1150342e-003
 1.1745663e-003
 1.2459283e-003
 1.3243784e-003
 1.4052138e-003
 1.4842651e-003
 1.5581262e-003
 1.6243637e-003
 1.6814928e-003
 1.7289367e-003
 1.7668819e-003
 1.7960425e-003
 1.8174715e-003
 1.8323753e-003
 1.8419527e-003
 1.8473055e-003
 1.8493693e-003
 1.8488959e-003
 1.8464505e-003
 1.8424223e-003
 1.8370369e-003
 1.8303738e-003
 1.8223819e-003
 1.8128981e-003
 1.8016833e-003
 1.7884538e-003
 1.7729370e-003
 1.7549233e-003
 1.7343108e-003
 1.7111673e-003
 1.6857414e-003
 1.6584921e-003
 1.6300728e-003
 1.6012905e-003
 1.5730832e-003
 1.5464585e-003
 1.5224322e-003
 1.5020020e-003
 1.4860836e-003
 1.4754931e-003
 1.4709053e-003
 1.4728224e-003
 1.4815399e-003
 1.4971093e-003
 1.5192928e-003
 1.5475331e-003
 1.5809536e-003
 1.6183509e-003
 1.6582762e-003
 1.6990923e-003
 1.7391017e-003
 1.7766926e-003
 1.8104365e-003
 1.8392341e-003
 1.8623617e-003
 1.8795115e-003
 1.8907724e-003
 1.8965433e-003
 1.8974385e-003
 1.8941552e-003
 1.8873542e-003
 1.8775522e-003
 1.8650584e-003
 1.8499511e-003
 1.8320975e-003
 1.8112405e-003
 1.7870897e-003
 1.7594675e-003
 1.7284319e-003
 1.6943725e-003
 1.6581041e-003
 1.6208462e-003
 1.5842014e-003
 1.5500307e-003
 1.5202842e-003
 1.4968426e-003
 1.4813032e-003
 1.4748393e-003
 1.4780704e-003
 1.4910128e-003
 1.5130778e-003
 1.5431459e-003
 1.5796513e-003
 1.6207062e-003
 1.6642428e-003
 1.7080954e-003
 1.7501148e-003
 1.7882730e-003
 1.8207117e-003
 1.8458643e-003
 1.8625230e-003
 1.8699582e-003
 1.8680161e-003
 1.8571914e-003
 1.8386529e-003
 1.8142235e-003
 1.7862830e-003
 1.7575575e-003
 1.7308650e-003
 1.7087600e-003
 1.6932170e-003
 1.6853234e-003
 1.6850657e-003
 1.6913129e-003
 1.7020088e-003
 1.7144455e-003
 1.7255933e-003
 1.7324375e-003
 1.7322622e-003
 1.7228787e-003
 1.7027063e-003
 1.6708367e-003
 1.6271415e-003
 1.5723176e-003
 1.5078147e-003
 1.4356688e-003
 1.3583575e-003
 1.2785008e-003
 1.1986932e-003
 1.1212743e-003
 1.0481860e-003
 9.8100654e-004
 9.1071212e-004
 8.5793500e-004
 8.1404578e-004
 7.7959098e-004
 7.5499207e-004
 7.4042007e-004
 7.3576841e-004
 7.4069097e-004
 7.5467903e-004
 7.7713054e-004
 8.0741354e-004
 8.4486324e-004
 8.8876474e-004
 9.3832123e-004
 9.9256134e-004
 1.0503101e-003
 1.1101835e-003
 1.1705494e-003
 1.2296375e-003
 1.2855557e-003
 1.3363776e-003
 1.3802311e-003
 1.4153681e-003
 1.4403787e-003
 1.4543869e-003
 1.4572835e-003
 1.4498135e-003
 1.4334876e-003
 1.4103717e-003
 1.3828665e-003
 1.3535138e-003
 1.3248366e-003
 1.2992147e-003
 1.2786596e-003
 1.2645999e-003
 1.2576604e-003
 1.2575818e-003
 1.2633092e-003
 1.2731969e-003
 1.2852534e-003
 1.2973286e-003
 1.3072725e-003
 1.3130715e-003
 1.3130412e-003
 1.3060510e-003
 1.2917261e-003
 1.2705220e-003
 1.2436537e-003
 1.2128943e-003
 1.1803365e-003
 1.1482356e-003
 1.1188502e-003
 1.0943521e-003
 1.0766734e-003
 1.0673371e-003
 1.0673248e-003
 1.0770102e-003
 1.0962198e-003
 1.1243718e-003
 1.1606505e-003
 1.2041008e-003
 1.2537232e-003
 1.3084504e-003
 1.3671330e-003
 1.4285163e-003
 1.4911536e-003
 1.5534087e-003
 1.6134980e-003
 1.6694843e-003
 1.7193875e-003
 1.7611906e-003
 1.7929296e-003
 1.8128073e-003
 1.8193382e-003
 1.8115841e-003
 1.7893370e-003
 1.7532081e-003
 1.7045285e-003
 1.6451899e-003
 1.5773830e-003
 1.5034718e-003
 1.4258664e-003
 1.3469178e-003
 1.2689128e-003
 1.1939246e-003
 1.1238144e-003
 1.0601761e-003
 1.0043399e-003
 9.5748139e-004
 9.2065899e-004
 8.9484605e-004
 8.8094722e-004
 8.7969488e-004
 8.9150679e-004
 9.1626548e-004
 9.5314591e-004
 1.0005155e-003
 1.0560452e-003
 1.1168619e-003
 1.1797789e-003
 1.2415036e-003
 1.2987362e-003
 1.3483954e-003
 1.3878025e-003
 1.4149958e-003
 1.4289885e-003
 1.4298554e-003
 1.4186407e-003
 1.3971013e-003
 1.3674244e-003
 1.3319858e-003
 1.2932264e-003
 1.2535116e-003
 1.2150537e-003
 1.1797751e-003
 1.1491922e-003
 1.1243987e-003
 1.1060919e-003
 1.0946720e-003
 1.0903690e-003
 1.0933132e-003
 1.1035738e-003
 1.1211319e-003
 1.1458237e-003
 1.1772271e-003
 1.2145977e-003
 1.2568089e-003
 1.3023968e-003
 1.3496673e-003
 1.3967592e-003
 1.4417724e-003
 1.4828008e-003
 1.5180287e-003
 1.5458504e-003
 1.5649780e-003
 1.5745852e-003
 1.5743379e-003
 1.5643584e-003
 1.5450974e-003
 1.5172119e-003
 1.4814690e-003
 1.4386877e-003
 1.3897818e-003
 1.3357761e-003
 1.2779275e-003
 1.2177853e-003
 1.1571993e-003
 1.0983382e-003
 1.0435554e-003
 9.9534600e-004
 9.5623342e-004
 9.2865678e-004
 9.1483747e-004
 9.1649755e-004
 9.3454821e-004
 9.6878514e-004
 1.0177910e-003
 1.0790221e-003
 1.1491453e-003
 1.2243227e-003
 1.3005048e-003
 1.3736733e-003
 1.4400017e-003
 1.4961682e-003
 1.5397161e-003
 1.5693138e-003
 1.5849184e-003
 1.5876241e-003
 1.5793780e-003
 1.5626287e-003
 1.5400631e-003
 1.5144065e-003
 1.4882932e-003
 1.4640964e-003
 1.4437347e-003
 1.4285300e-003
 1.4191236e-003
 1.4155557e-003
 1.4174160e-003
 1.4240266e-003
 1.4345779e-003
 1.4482214e-003
 1.4641123e-003
 1.4814499e-003
 1.4995220e-003
 1.5177199e-003
 1.5355684e-003
 1.5526979e-003
 1.5688224e-003
 1.5837124e-003
 1.5971584e-003
 1.6089678e-003
 1.6189709e-003
 1.6270247e-003
 1.6330426e-003
 1.6370052e-003
 1.6389720e-003
 1.6390730e-003
 1.6374899e-003
 1.6344336e-003
 1.6301287e-003
 1.6247920e-003
 1.6186201e-003
 1.6117514e-003
 1.6042326e-003
 1.5959926e-003
 1.5868183e-003
 1.5763748e-003
 1.5642338e-003
 1.5499247e-003
 1.5329542e-003
 1.5128551e-003
 1.4892694e-003
 1.4620245e-003
 1.4312757e-003
 1.3976515e-003
 1.3622573e-003
 1.3266549e-003
 1.2927294e-003
 1.2625831e-003
 1.2383679e-003
 1.2222057e-003
 1.2160563e-003
 1.2214906e-003
 1.2394612e-003
 1.2700534e-003
 1.3124186e-003
 1.3648656e-003
 1.4250354e-003
 1.4902325e-003
 1.5575850e-003
 1.6242258e-003
 1.6873748e-003
 1.7446175e-003
 1.7940713e-003
 1.8345495e-003
 1.8657101e-003
 1.8879329e-003
 1.9021208e-003
 1.9095155e-003
 1.9115037e-003
 1.9095106e-003
 1.9049228e-003
 1.8990057e-003
 1.8928169e-003
 1.8871368e-003
 1.8824292e-003
 1.8788771e-003
 1.8764575e-003
 1.8750206e-003
 1.8743573e-003
 1.8742393e-003
 1.8744417e-003
 1.8747626e-003
 1.8750407e-003
 1.8751702e-003
 1.8751072e-003
 1.8748633e-003
 1.8744916e-003
 1.8740684e-003
 1.8736799e-003
 1.8734089e-003
 1.8733185e-003
 1.8734296e-003
 1.8736923e-003
 1.8739604e-003
 1.8739812e-003
 1.8734059e-003
 1.8718154e-003
 1.8687502e-003
 1.8637372e-003
 1.8563265e-003
 1.8461302e-003
 1.8329003e-003
 1.8166160e-003
 1.7975827e-003
 1.7764423e-003
 1.7541485e-003
 1.7319024e-003
 1.7110233e-003
 1.6928840e-003
 1.6788465e-003
 1.6701393e-003
 1.6677371e-003
 1.6721822e-003
 1.6834260e-003
 1.7007695e-003
 1.7229322e-003
 1.7481833e-003
 1.7745520e-003
 1.7999611e-003
 1.8223264e-003
 1.8397240e-003
 1.8505410e-003
 1.8536896e-003
 1.8488135e-003
 1.8363526e-003
 1.8174645e-003
 1.7938527e-003
 1.7675236e-003
 1.7406204e-003
 1.7153125e-003
 1.6936302e-003
 1.6773274e-003
 1.6676951e-003
 1.6653686e-003
 1.6702772e-003
 1.6817033e-003
 1.6984575e-003
 1.7190682e-003
 1.7419409e-003
 1.7654459e-003
 1.7880456e-003
 1.8083879e-003
 1.8254226e-003
 1.8385451e-003
 1.8476236e-003
 1.8529511e-003
 1.8551445e-003
 1.8550067e-003
 1.8534255e-003
 1.8513018e-003
 1.8494817e-003
 1.8486823e-003
 1.8494003e-003
 1.8518320e-003
 1.8558431e-003
 1.8609967e-003
 1.8666377e-003
 1.8719804e-003
 1.8761782e-003
 1.8783865e-003
 1.8778124e-003
 1.8737839e-003
 1.8658394e-003
 1.8537956e-003
 1.8377771e-003
 1.8182016e-003
 1.7956826e-003
 1.7709552e-003
 1.7448310e-003
 1.7181210e-003
 1.6916294e-003
 1.6661159e-003
 1.6422911e-003
 1.6207551e-003
 1.6020086e-003
 1.5864732e-003
 1.5744884e-003
 1.5663547e-003
 1.5623517e-003
 1.5627261e-003
 1.5676784e-003
 1.5773088e-003
 1.5915600e-003
 1.6101582e-003
 1.6325959e-003
 1.6581322e-003
 1.6858828e-003
 1.7148718e-003
 1.7440625e-003
 1.7724433e-003
 1.7990528e-003
 1.8230263e-003
 1.8437132e-003
 1.8607199e-003
 1.8739477e-003
 1.8835528e-003
 1.8898956e-003
 1.8934500e-003
 1.8947425e-003
 1.8943163e-003
 1.8926985e-003
 1.8903748e-003
 1.8877554e-003
 1.8851490e-003
 1.8827545e-003
 1.8806671e-003
 1.8789086e-003
 1.8774554e-003
 1.8762632e-003
 1.8752787e-003
 1.8744486e-003
 1.8737244e-003
 1.8730653e-003
 1.8724421e-003
 1.8718387e-003
 1.8712501e-003
 1.8706800e-003
 1.8701368e-003
 1.8696320e-003
 1.8691773e-003
 1.8687844e-003
 1.8684641e-003
 1.8682251e-003
 1.8680735e-003
 1.8680129e-003
 1.8680445e-003
 1.8681670e-003
 1.8683786e-003
 1.8686765e-003
 1.8690579e-003
 1.8695198e-003
 1.8700585e-003
 1.8706704e-003
 1.8713509e-003
 1.8720948e-003
 1.8728963e-003
 1.8737494e-003
 1.8746472e-003
 1.8755831e-003
 1.8765501e-003
 1.8775414e-003
 1.8785489e-003
 1.8795639e-003
 1.8805767e-003
 1.8815757e-003
 1.8825481e-003
 1.8834808e-003
 1.8843591e-003
 1.8851687e-003
 1.8858957e-003
 1.8865267e-003
 1.8870491e-003
 1.8874530e-003
 1.8877320e-003
 1.8878822e-003
 1.8879037e-003
 1.8877982e-003
 1.8875693e-003
 1.8872215e-003
 1.8867602e-003
 1.8861943e-003
 1.8855371e-003
 1.8848107e-003
 1.8840488e-003
 1.8832984e-003
 1.8826175e-003
 1.8820729e-003
 1.8817363e-003
 1.8816800e-003
 1.8819728e-003
 1.8826713e-003
 1.8838071e-003
 1.8853710e-003
 1.8872982e-003
 1.8894598e-003
 1.8916727e-003
 1.8937130e-003
 1.8953315e-003
 1.8962740e-003
 1.8962977e-003
 1.8952003e-003
 1.8928655e-003
 1.8893183e-003
 1.8847801e-003
 1.8796843e-003
 1.8746584e-003
 1.8704713e-003
 1.8679794e-003
 1.8680712e-003
 1.8716346e-003
 1.8795097e-003
 1.8924376e-003
 1.9109941e-003
 1.9355100e-003
 1.9660732e-003
 2.0025370e-003
 2.0445951e-003
 2.0918089e-003
 2.1437211e-003
 2.1998675e-003
 2.2597583e-003
 2.3229844e-003
 2.3892110e-003
 2.4581531e-003
 2.5296798e-003
 2.6037605e-003
 2.6803825e-003
 2.7596261e-003
 2.8415683e-003
 2.9262914e-003
 3.0137589e-003
 3.1038732e-003
 3.1963377e-003
 3.2905142e-003
 3.3855271e-003
 3.4802256e-003
 3.5731895e-003
 3.6629462e-003
 3.7479461e-003
 3.8266501e-003
 3.8974963e-003
 3.9590616e-003
 4.0100547e-003
 4.0493365e-003
 4.0760161e-003
 4.0893783e-003
 4.0888423e-003
 4.0739253e-003
 4.0441896e-003
 3.9992849e-003
 3.9389725e-003
 3.8632727e-003
 3.7726033e-003
 3.6680193e-003
 3.5511414e-003
 3.4241490e-003
 3.2897338e-003
 3.1507448e-003
 3.0101333e-003
 2.8709455e-003
 2.7360062e-003
 2.6078995e-003
 2.4887172e-003
 2.3800049e-003
 2.2825240e-003
 2.1964167e-003
 2.1214213e-003
 2.0569328e-003
 2.0022187e-003
 1.9565306e-003
 1.9190633e-003
 1.8890240e-003
 1.8656191e-003
 1.8480769e-003
 1.8356164e-003
 1.8274678e-003
 1.8228716e-003
 1.8210664e-003
 1.8212992e-003
 1.8228312e-003
 1.8249598e-003
 1.8270551e-003
 1.8286071e-003
 1.8292709e-003
 1.8288827e-003
 1.8274426e-003
 1.8250712e-003
 1.8219610e-003
 1.8183375e-003
 1.8144385e-003
 1.8104934e-003
 1.8067110e-003
 1.8032670e-003
 1.8002861e-003
 1.7978399e-003
 1.7959515e-003
 1.7946088e-003
 1.7937763e-003
 1.7934085e-003
 1.7934572e-003
 1.7938745e-003
 1.7946193e-003
 1.7956591e-003
 1.7969758e-003
 1.7985662e-003
 1.8004390e-003
 1.8026129e-003
 1.8051116e-003
 1.8079601e-003
 1.8111764e-003
 1.8147677e-003
 1.8187170e-003
 1.8229649e-003
 1.8274020e-003
 1.8318614e-003
 1.8361182e-003
 1.8399090e-003
 1.8429440e-003
 1.8449237e-003
 1.8455480e-003
 1.8445250e-003
 1.8415725e-003
 1.8364254e-003
 1.8291794e-003
 1.8213453e-003
 1.8092134e-003
 1.7960106e-003
 1.7824117e-003
 1.7690936e-003
 1.7567307e-003
 1.7460065e-003
 1.7375953e-003
 1.7321741e-003
 1.7304204e-003
 1.7329165e-003
 1.7393486e-003
 1.7489159e-003
 1.7608125e-003
 1.7742363e-003
 1.7883745e-003
 1.8024250e-003
 1.8155817e-003
 1.8270413e-003
 1.8359927e-003
 1.8416328e-003
 1.8431562e-003
 1.8397553e-003
 1.8306260e-003
 1.8150549e-003
 1.7931709e-003
 1.7655556e-003
 1.7327858e-003
 1.6954634e-003
 1.6541667e-003
 1.6094811e-003
 1.5619808e-003
 1.5122739e-003
 1.4609355e-003
 1.4085508e-003
 1.3556930e-003
 1.3029729e-003
 1.2509638e-003
 1.2002512e-003
 1.1514206e-003
 1.1050471e-003
 1.0617384e-003
 1.0220235e-003
 9.8603824e-004
 9.5369958e-004
 9.2494558e-004
 8.9969032e-004
 8.7785616e-004
 8.5936126e-004
 8.4413728e-004
 8.3210133e-004
 8.2317623e-004
 8.1728399e-004
 8.1434700e-004
 8.1428862e-004
 8.1703038e-004
 8.2249485e-004
 8.3060650e-004
 8.4128371e-004
 8.5445063e-004
 8.7002962e-004
 8.8794762e-004
 9.0811838e-004
 9.3046849e-004
 9.5490296e-004
 9.8118698e-004
 1.0089920e-003
 1.0380069e-003
 1.0679149e-003
 1.0983994e-003
 1.1291506e-003
 1.1598372e-003
 1.1901498e-003
 1.2197712e-003
 1.2483916e-003
 1.2756804e-003
 1.3013275e-003
 1.3250164e-003
 1.3464348e-003
 1.3652559e-003
 1.3811681e-003
 1.3938546e-003
 1.4029986e-003
 1.4082838e-003
 1.4093914e-003
 1.4060059e-003
 1.3978105e-003
 1.3844845e-003
 1.3657176e-003
 1.3411902e-003
 1.3106677e-003
 1.2745833e-003
 1.2337316e-003
 1.1888843e-003
 1.1408206e-003
 1.0903198e-003
 1.0381490e-003
 9.8511251e-004
 9.3197799e-004
 8.7952393e-004
 8.2851865e-004
 7.7976583e-004
 7.3403236e-004
 6.9209764e-004
 6.5473322e-004
 6.2273623e-004
 5.9687655e-004
 5.7793380e-004
 5.6668546e-004
 5.6391681e-004
 5.7040359e-004
 5.8692484e-004
 6.1426032e-004
 6.5320038e-004
 7.0450560e-004
 7.6896371e-004
 8.4735383e-004
 9.4047957e-004
 1.0490761e-003
 1.1739433e-003
 1.3156935e-003
 1.4736590e-003
 1.6464312e-003
 1.8327085e-003
