s07_ASD Record=8393:  error bars to preceding                
 1.5502304e-003
 1.4380307e-003
 1.3145671e-003
 1.1885838e-003
 1.0692604e-003
 9.6402736e-004
 8.7740441e-004
 8.1130170e-004
 7.6583587e-004
 7.4005284e-004
 7.3239853e-004
 7.4072066e-004
 7.6211739e-004
 7.9247222e-004
 8.2595018e-004
 8.5559685e-004
 8.7518728e-004
 8.8121404e-004
 8.7404647e-004
 8.5792062e-004
 8.3964510e-004
 8.2618819e-004
 8.2221179e-004
 8.2889298e-004
 8.4432977e-004
 8.6480094e-004
 8.8652241e-004
 9.0742757e-004
 9.2746969e-004
 9.4733440e-004
 9.6713321e-004
 9.8605943e-004
 1.0027478e-003
 1.0155721e-003
 1.0230406e-003
 1.0243161e-003
 1.0189220e-003
 1.0061066e-003
 9.8466803e-004
 9.5343776e-004
 9.1221469e-004
 8.6267572e-004
 8.0874620e-004
 7.5609639e-004
 7.1088574e-004
 6.7815627e-004
 6.6054449e-004
 6.5777951e-004
 6.6710095e-004
 6.8424031e-004
 7.0449698e-004
 7.2363671e-004
 7.3871517e-004
 7.4893504e-004
 7.5625232e-004
 7.6531951e-004
 7.8218448e-004
 8.1076106e-004
 8.5053907e-004
 8.9493819e-004
 9.2691177e-004
 9.3917717e-004
 9.3386753e-004
 9.1491133e-004
 8.9752045e-004
 9.0275530e-004
 9.3542237e-004
 9.8344125e-004
 1.0253211e-003
 1.0378796e-003
 1.0079920e-003
 9.4000204e-004
 8.5159636e-004
 7.6331373e-004
 6.8949402e-004
 6.3501124e-004
 5.9799099e-004
 5.7494349e-004
 5.6405878e-004
 5.6498405e-004
 5.7668873e-004
 5.9601350e-004
 6.1824999e-004
 6.3913001e-004
 6.5660878e-004
 6.7115482e-004
 6.8445527e-004
 6.9755479e-004
 7.0983806e-004
 7.1971258e-004
 7.2653737e-004
 7.3224102e-004
 7.4112020e-004
 7.5791439e-004
 7.8598491e-004
 8.2732062e-004
 8.8387739e-004
 9.5742190e-004
 1.0454640e-003
 1.1360862e-003
 1.2081929e-003
 1.2402710e-003
 1.2221918e-003
 1.1617820e-003
 1.0829064e-003
 1.0142006e-003
 9.7504747e-004
 9.6944883e-004
 9.8871510e-004
 1.0180029e-003
 1.0421554e-003
 1.0495648e-003
 1.0354372e-003
 1.0048928e-003
 9.7377907e-004
 9.6420117e-004
 9.9417963e-004
 1.0656564e-003
 1.1589935e-003
 1.2405113e-003
 1.2807829e-003
 1.2716604e-003
 1.2291083e-003
 1.1799323e-003
 1.1431859e-003
 1.1199402e-003
 1.0970320e-003
 1.0600665e-003
 1.0056413e-003
 9.4466057e-004
 8.9559192e-004
 8.7360764e-004
 8.8325498e-004
 9.1813382e-004
 9.6664531e-004
 1.0205132e-003
 1.0799696e-003
 1.1488032e-003
 1.2210932e-003
 1.2743556e-003
 1.2814563e-003
 1.2325518e-003
 1.1447023e-003
 1.0499848e-003
 9.7545941e-004
 9.3219912e-004
 9.1675017e-004
 9.1825239e-004
 9.2554500e-004
 9.3207456e-004
 9.3715620e-004
 9.4310357e-004
 9.5049990e-004
 9.5551030e-004
 9.5166714e-004
 9.3525508e-004
 9.1042503e-004
 8.8957406e-004
 8.8754745e-004
 9.1315637e-004
 9.6392678e-004
 1.0272294e-003
 1.0860581e-003
 1.1252507e-003
 1.1353815e-003
 1.1144715e-003
 1.0694589e-003
 1.0173793e-003
 9.8186336e-004
 9.8061119e-004
 1.0099463e-003
 1.0429603e-003
 1.0490606e-003
 1.0183790e-003
 9.6705678e-004
 9.2164200e-004
 9.0031931e-004
 9.0233353e-004
 9.0697745e-004
 8.8716508e-004
 8.3571195e-004
 7.7876967e-004
 7.5465115e-004
 7.8008935e-004
 8.4478827e-004
 9.3259360e-004
 1.0310124e-003
 1.1179608e-003
 1.1564718e-003
 1.1183921e-003
 1.0150414e-003
 8.9774554e-004
 8.2176161e-004
 8.0769300e-004
 8.3632558e-004
 8.7397336e-004
 8.9718238e-004
 8.9987338e-004
 8.9016586e-004
 8.8350673e-004
 8.9091889e-004
 9.0882671e-004
 9.2317513e-004
 9.2632166e-004
 9.2766416e-004
 9.4335573e-004
 9.7436720e-004
 9.9939224e-004
 9.9433633e-004
 9.5505069e-004
 8.9512236e-004
 8.2885614e-004
 7.6914445e-004
 7.3696638e-004
 7.5394911e-004
 8.1766519e-004
 8.9217280e-004
 9.3149225e-004
 9.1614010e-004
 8.6859451e-004
 8.3350006e-004
 8.4204139e-004
 8.9285692e-004
 9.6160674e-004
 1.0247746e-003
 1.0761237e-003
 1.1242427e-003
 1.1747637e-003
 1.2144272e-003
 1.2173407e-003
 1.1735614e-003
 1.1077455e-003
 1.0586277e-003
 1.0406771e-003
 1.0359106e-003
 1.0237067e-003
 1.0098998e-003
 1.0220269e-003
 1.0767152e-003
 1.1557775e-003
 1.2187246e-003
 1.2361148e-003
 1.2067620e-003
 1.1502389e-003
 1.0925891e-003
 1.0532530e-003
 1.0345120e-003
 1.0300375e-003
 1.0534467e-003
 1.1336728e-003
 1.2520561e-003
 1.3241034e-003
 1.2887688e-003
 1.1805757e-003
 1.0812430e-003
 1.0295071e-003
 1.0103349e-003
 9.9497614e-004
 9.6695608e-004
 9.2691416e-004
 8.7859080e-004
 8.1880065e-004
 7.5525919e-004
 7.1532157e-004
 7.1627140e-004
 7.4228388e-004
 7.6613703e-004
 7.8751688e-004
 8.3739305e-004
 9.3134533e-004
 1.0272007e-003
 1.0644066e-003
 1.0434228e-003
 1.0253449e-003
 1.0575051e-003
 1.1267506e-003
 1.1723210e-003
 1.1382253e-003
 1.0324836e-003
 9.2364888e-004
 8.6857675e-004
 8.6619245e-004
 8.8670454e-004
 9.2390564e-004
 9.8302506e-004
 1.0307261e-003
 1.0160749e-003
 9.5184380e-004
 9.1337314e-004
 9.3513378e-004
 9.7887311e-004
 1.0224527e-003
 1.0941275e-003
 1.1915917e-003
 1.2590655e-003
 1.2794012e-003
 1.2983693e-003
 1.3217325e-003
 1.2809356e-003
 1.1453005e-003
 9.9139160e-004
 9.1911788e-004
 9.4840757e-004
 1.0229868e-003
 1.0877062e-003
 1.1442330e-003
 1.2277351e-003
 1.3377275e-003
 1.4233825e-003
 1.4454254e-003
 1.4197784e-003
 1.3905473e-003
 1.3886550e-003
 1.4212508e-003
 1.4691317e-003
 1.4838486e-003
 1.4209292e-003
 1.2905649e-003
 1.1595376e-003
 1.0918842e-003
 1.0869742e-003
 1.0960137e-003
 1.0816838e-003
 1.0418459e-003
 9.9637394e-004
 9.7161887e-004
 9.8820985e-004
 1.0465365e-003
 1.1189868e-003
 1.1647496e-003
 1.1623518e-003
 1.1308844e-003
 1.1158559e-003
 1.1498728e-003
 1.2246390e-003
 1.2990662e-003
 1.3311116e-003
 1.3022403e-003
 1.2197944e-003
 1.1073995e-003
 9.9599420e-004
 9.1519591e-004
 8.8225474e-004
 8.9523126e-004
 9.3888503e-004
 9.9962321e-004
 1.0746440e-003
 1.1640266e-003
 1.2515534e-003
 1.2969014e-003
 1.2604260e-003
 1.1517047e-003
 1.0507666e-003
 1.0418859e-003
 1.1018079e-003
 1.1664408e-003
 1.2245014e-003
 1.2804441e-003
 1.2984615e-003
 1.2365817e-003
 1.1114168e-003
 1.0047458e-003
 1.0034167e-003
 1.1062264e-003
 1.2042916e-003
 1.2009458e-003
 1.1219074e-003
 1.0715391e-003
 1.1201707e-003
 1.2447280e-003
 1.3567623e-003
 1.3992476e-003
 1.3971506e-003
 1.3856862e-003
 1.3525948e-003
 1.3069345e-003
 1.3224453e-003
 1.4262561e-003
 1.5237819e-003
 1.5275177e-003
 1.4778426e-003
 1.4525705e-003
 1.4474170e-003
 1.4218981e-003
 1.3831303e-003
 1.3591080e-003
 1.3501361e-003
 1.3599035e-003
 1.4229802e-003
 1.5479464e-003
 1.6763968e-003
 1.7488587e-003
 1.7702150e-003
 1.7721232e-003
 1.7716315e-003
 1.8151398e-003
 1.9826284e-003
 2.2895811e-003
 2.6424159e-003
 2.8358186e-003
 2.7033775e-003
 2.2465705e-003
 1.6110514e-003
 1.0329143e-003
 6.9947133e-004
 6.2773051e-004
 6.9259858e-004
 7.5622281e-004
 7.9187471e-004
 8.8705088e-004
 1.1193502e-003
 1.4295750e-003
 1.6286852e-003
 1.5494591e-003
 1.2130262e-003
 8.2496990e-004
 5.9919822e-004
 5.9453381e-004
 7.1327225e-004
 8.2905137e-004
 8.8435598e-004
 8.9608639e-004
 9.0002810e-004
 9.0746465e-004
 9.0467662e-004
 8.7830599e-004
 8.3268166e-004
 7.9325953e-004
 7.9650676e-004
 8.4735785e-004
 9.3673758e-004
 1.0196950e-003
 1.0642569e-003
 1.0635604e-003
 1.0208078e-003
 9.3921745e-004
 8.2657894e-004
 7.2044443e-004
 6.7038432e-004
 7.2601700e-004
 9.2262530e-004
 1.2012447e-003
 1.4647875e-003
 1.6160667e-003
 1.5752193e-003
 1.3773075e-003
 1.1039706e-003
 8.3695393e-004
 6.4982055e-004
 5.6109874e-004
 5.7691318e-004
 6.8845029e-004
 8.8532682e-004
 1.1394995e-003
 1.3996637e-003
 1.6136266e-003
 1.7290897e-003
 1.6963229e-003
 1.5218445e-003
 1.2681161e-003
 9.9990226e-004
 7.8208221e-004
 6.7702209e-004
 6.9315167e-004
 7.8561087e-004
 9.0726238e-004
 1.0110124e-003
 1.0513301e-003
 1.0184518e-003
 9.3764241e-004
 8.3561329e-004
 7.3911517e-004
 6.7486032e-004
 6.6221866e-004
 6.9202145e-004
 7.4818003e-004
 8.1458787e-004
 8.7516522e-004
 9.1380446e-004
 9.1900339e-004
 8.9688995e-004
 8.5783144e-004
 8.1220851e-004
 7.7038299e-004
 7.4273616e-004
 7.3963247e-004
 7.6862343e-004
 8.2648237e-004
 9.0743852e-004
 1.0056883e-003
 1.1154707e-003
 1.2309754e-003
 1.3464453e-003
 1.4560687e-003
 1.5549550e-003
 1.6414354e-003
 1.7146560e-003
 1.7737244e-003
 1.8177804e-003
 1.8459392e-003
 1.8573320e-003
 1.8510831e-003
 1.8271904e-003
 1.7888929e-003
 1.7402006e-003
 1.6851035e-003
 1.6276160e-003
 1.5717256e-003
 1.5214471e-003
 1.4807698e-003
 1.4526235e-003
 1.4359370e-003
 1.4287308e-003
 1.4290191e-003
 1.4348204e-003
 1.4441496e-003
 1.4550260e-003
 1.4654633e-003
 1.4734810e-003
 1.4770934e-003
 1.4743183e-003
 1.4631734e-003
 1.4423589e-003
 1.4130732e-003
 1.3770672e-003
 1.3361071e-003
 1.2919413e-003
 1.2463380e-003
 1.2010493e-003
 1.1578280e-003
 1.1184422e-003
 1.0846400e-003
 1.0581875e-003
 1.0408360e-003
 1.0337048e-003
 1.0356129e-003
 1.0448693e-003
 1.0597861e-003
 1.0786690e-003
 1.0998321e-003
 1.1215800e-003
 1.1422274e-003
 1.1600789e-003
 1.1734472e-003
 1.1806423e-003
 1.1804644e-003
 1.1734453e-003
 1.1604973e-003
 1.1425290e-003
 1.1204557e-003
 1.0951838e-003
 1.0676300e-003
 1.0386995e-003
 1.0093100e-003
 9.8036614e-004
 9.5264701e-004
 9.2644058e-004
 9.0193085e-004
 8.7931100e-004
 8.5876283e-004
 8.4047840e-004
 8.2464045e-004
 8.1144000e-004
 8.0106093e-004
 7.9369312e-004
 7.8951009e-004
 7.8864879e-004
 7.9123612e-004
 7.9739880e-004
 8.0726540e-004
 8.2096108e-004
 8.3861378e-004
 8.6035370e-004
 8.8630285e-004
 9.1659464e-004
 9.5090433e-004
 9.8742312e-004
 1.0240097e-003
 1.0585394e-003
 1.0888716e-003
 1.1128805e-003
 1.1284279e-003
 1.1333842e-003
 1.1256160e-003
 1.1042501e-003
 1.0725987e-003
 1.0348581e-003
 9.9520828e-004
 9.5784705e-004
 9.2695496e-004
 9.0672763e-004
 9.0134906e-004
 9.1320171e-004
 9.3871413e-004
 9.7308157e-004
 1.0115129e-003
 1.0492001e-003
 1.0813531e-003
 1.1031652e-003
 1.1098430e-003
 1.0983326e-003
 1.0712767e-003
 1.0324683e-003
 9.8571519e-004
 9.3480555e-004
 8.8355015e-004
 8.3573599e-004
 7.9517276e-004
 7.6457945e-004
 7.4324076e-004
 7.2973454e-004
 7.2369748e-004
 7.2179624e-004
 7.2298350e-004
 7.2641647e-004
 7.3198910e-004
 7.4038509e-004
 7.5278443e-004
 7.7058224e-004
 7.9509517e-004
 8.2698208e-004
 8.6524821e-004
 9.0669171e-004
 9.4654970e-004
 9.7950432e-004
 1.0005366e-003
 1.0060121e-003
 9.9491328e-004
 9.6922310e-004
 9.3318365e-004
 8.9208834e-004
 8.5126923e-004
 8.1517309e-004
 7.8656210e-004
 7.6622079e-004
 7.5339718e-004
 7.4654928e-004
 7.4400607e-004
 7.4446067e-004
 7.4731885e-004
 7.5280160e-004
 7.6176162e-004
 7.7530910e-004
 7.9433370e-004
 8.1896357e-004
 8.4809988e-004
 8.7928877e-004
 9.0899912e-004
 9.3321700e-004
 9.4818638e-004
 9.5120032e-004
 8.7679428e-004
 8.6282176e-004
 8.4339333e-004
 8.1940222e-004
 7.9201569e-004
 7.6258543e-004
 7.3254149e-004
 7.0331845e-004
 6.7634479e-004
 6.5298419e-004
 6.3453516e-004
 6.2218402e-004
 6.1692100e-004
 6.1940774e-004
 6.2987080e-004
 6.4801751e-004
 6.7298434e-004
 7.0339558e-004
 7.3748053e-004
 7.7329308e-004
 8.0897793e-004
 8.4295508e-004
 8.7410101e-004
 9.0178207e-004
 9.2582626e-004
 9.4645855e-004
 9.6417009e-004
 9.7954902e-004
 9.9304877e-004
 1.0048152e-003
 1.0145963e-003
 1.0217663e-003
 1.0254749e-003
 1.0248362e-003
 1.0191306e-003
 1.0079665e-003
 9.9139439e-004
 9.6992304e-004
 9.4448007e-004
 9.1629749e-004
 8.8675518e-004
 8.5725624e-004
 8.2909904e-004
 8.0339157e-004
 7.8104518e-004
 7.6276093e-004
 7.4908114e-004
 7.4041198e-004
 7.3703565e-004
 7.3909550e-004
 7.4653758e-004
 7.5903191e-004
 7.7589252e-004
 7.9603639e-004
 8.1797427e-004
 8.3990500e-004
 8.5984438e-004
 8.7583583e-004
 8.8618184e-004
 8.8964740e-004
 8.8563736e-004
 8.7428442e-004
 8.5645460e-004
 8.3364471e-004
 8.0782128e-004
 7.8118499e-004
 7.5590308e-004
 7.3388469e-004
 7.1655517e-004
 7.0474320e-004
 6.9862703e-004
 6.9778395e-004
 7.0132635e-004
 7.0809253e-004
 7.1686530e-004
 7.2658254e-004
 7.3650398e-004
 7.4628741e-004
 7.5598573e-004
 7.6593243e-004
 7.7656511e-004
 7.8821788e-004
 8.0091885e-004
 8.1427873e-004
 8.2746416e-004
 8.3930569e-004
 8.4850600e-004
 8.5389271e-004
 8.5468095e-004
 8.5066399e-004
 8.4229332e-004
 8.3062518e-004
 8.1715611e-004
 8.0356858e-004
 7.9144427e-004
 7.8202231e-004
 7.7601062e-004
 7.7352161e-004
 7.7410659e-004
 7.7689392e-004
 7.8078912e-004
 7.8469882e-004
 7.8772474e-004
 7.8930013e-004
 7.8923960e-004
 7.8770187e-004
 7.8508817e-004
 7.8191247e-004
 7.7868055e-004
 7.7581324e-004
 7.7363203e-004
 7.7239098e-004
 7.7233615e-004
 7.7374710e-004
 7.7693537e-004
 7.8217982e-004
 7.8961521e-004
 7.9911109e-004
 8.1017544e-004
 8.2195154e-004
 8.3329913e-004
 8.4298360e-004
 8.4992294e-004
 8.5342576e-004
 8.5338089e-004
 8.5032784e-004
 8.4539957e-004
 8.4013504e-004
 8.3621091e-004
 8.3513261e-004
 8.3796139e-004
 8.4511383e-004
 8.5628568e-004
 8.7049016e-004
 8.8622869e-004
 9.0172305e-004
 9.1519981e-004
 9.2515943e-004
 9.3056855e-004
 9.3097624e-004
 9.2651515e-004
 9.1781118e-004
 9.0582436e-004
 8.9167559e-004
 8.7648042e-004
 8.6122315e-004
 8.4670470e-004
 8.3351310e-004
 8.2205120e-004
 8.1255520e-004
 8.0511189e-004
 7.9967786e-004
 7.9608592e-004
 7.9408224e-004
 7.9338934e-004
 7.9381024e-004
 7.9535856e-004
 7.9838629e-004
 8.0367015e-004
 8.1241905e-004
 8.2617957e-004
 8.4661500e-004
 8.7521068e-004
 9.1289810e-004
 9.5970515e-004
 1.0145070e-003
 1.0748701e-003
 1.1371454e-003
 1.1967940e-003
 1.2488402e-003
 1.2885709e-003
 1.3121738e-003
 1.3173674e-003
 1.3037948e-003
 1.2731332e-003
 1.2288670e-003
 1.1757978e-003
 1.1193259e-003
 1.0646456e-003
 1.0160852e-003
 9.7654725e-004
 9.4731204e-004
 9.2806300e-004
 9.1718265e-004
 9.1223471e-004
 9.1049081e-004
 9.0944837e-004
 9.0723066e-004
 9.0282725e-004
 8.9615240e-004
 8.8792952e-004
 8.7943586e-004
 8.7217835e-004
 8.6754025e-004
 8.6648844e-004
 8.6936716e-004
 8.7582698e-004
 8.8488311e-004
 8.9510065e-004
 9.0484926e-004
 9.1259734e-004
 9.1717817e-004
 9.1796718e-004
 9.1495126e-004
 9.0866128e-004
 8.9999282e-004
 8.8994915e-004
 8.7938755e-004
 8.6880673e-004
 8.5826317e-004
 8.4740843e-004
 8.3564926e-004
 8.2239415e-004
 8.0729875e-004
 7.9044868e-004
 7.7245233e-004
 7.5437583e-004
 7.3759473e-004
 7.2355213e-004
 7.1350404e-004
 7.0831913e-004
 7.0833432e-004
 7.1331934e-004
 7.2251813e-004
 7.3476689e-004
 7.4863760e-004
 7.6261198e-004
 7.7522575e-004
 7.8520708e-004
 7.9158263e-004
 7.9373876e-004
 7.9145870e-004
 7.8491017e-004
 7.7459944e-004
 7.6128187e-004
 7.4586517e-004
 7.2928728e-004
 7.1243756e-004
 6.9609727e-004
 6.8092707e-004
 6.6751393e-004
 6.5642153e-004
 6.4823590e-004
 6.4358290e-004
 6.4307178e-004
 6.4719340e-004
 6.5617799e-004
 6.6987437e-004
 6.8767468e-004
 7.0855609e-004
 7.3120045e-004
 7.5421127e-004
 7.7635917e-004
 7.9675630e-004
 8.1496959e-004
 8.3096814e-004
 8.4497931e-004
 8.5727521e-004
 8.6795120e-004
 8.7680487e-004
 8.8331738e-004
 8.8677619e-004
 8.8648440e-004
 8.8199112e-004
 8.7328028e-004
 8.6084730e-004
 8.4566290e-004
 8.2900707e-004
 8.1226206e-004
 7.9668331e-004
 7.8321836e-004
 7.7242480e-004
 7.6445017e-004
 7.5910258e-004
 7.5594301e-004
 7.5438735e-004
 7.5379206e-004
 7.5350946e-004
 7.5292418e-004
 7.5148098e-004
 7.4871641e-004
 7.4430282e-004
 7.3809479e-004
 7.3017640e-004
 7.2088302e-004
 7.1078428e-004
 7.0063671e-004
 6.9127954e-004
 6.8352045e-004
 6.7800278e-004
 6.7509228e-004
 6.7481003e-004
 6.7681551e-004
 6.8045879e-004
 6.8488874e-004
 6.8920664e-004
 6.9262699e-004
 6.9462258e-004
 6.9501618e-004
 6.9399812e-004
 6.9206784e-004
 6.8991195e-004
 6.8824738e-004
 6.8766810e-004
 6.8853243e-004
 6.9091207e-004
 6.9461047e-004
 6.9923850e-004
 7.0432358e-004
 7.0941378e-004
 7.1416463e-004
 7.1837660e-004
 7.2199589e-004
 7.2508201e-004
 7.2775461e-004
 7.3014403e-004
 7.3235127e-004
 7.3441921e-004
 7.3632033e-004
 7.3794799e-004
 7.3911448e-004
 7.3955313e-004
 7.3892868e-004
 7.3686492e-004
 7.3299336e-004
 7.2702352e-004
 7.1882282e-004
 7.0850301e-004
 6.9647265e-004
 6.8346516e-004
 6.7050313e-004
 6.5880449e-004
 6.4965553e-004
 6.4423343e-004
 6.4344372e-004
 6.4776855e-004
 6.5717602e-004
 6.7109347e-004
 6.8846194e-004
 7.0787373e-004
 7.2774006e-004
 7.4651575e-004
 7.6287822e-004
 7.7588629e-004
 7.8506919e-004
 7.9043006e-004
 7.9240999e-004
 7.9180510e-004
 7.8968744e-004
 7.8733690e-004
 7.8619545e-004
 7.8782003e-004
 7.9380802e-004
 8.0565986e-004
 8.2457665e-004
 8.5118419e-004
 8.8528293e-004
 9.2563254e-004
 9.6991501e-004
 1.0149188e-003
 1.0568823e-003
 1.0920785e-003
 1.1173829e-003
 1.1308264e-003
 1.1319350e-003
 1.1217888e-003
 1.1028133e-003
 1.0783182e-003
 1.0519372e-003
 1.0270302e-003
 1.0062421e-003
 9.9121733e-004
 9.8253321e-004
 9.7983447e-004
 9.8207255e-004
 9.8781078e-004
 9.9550805e-004
 1.0037497e-003
 1.0113816e-003
 1.0175770e-003
 1.0218207e-003
 1.0238650e-003
 1.0236646e-003
 1.0213194e-003
 1.0170348e-003
 1.0111040e-003
 1.0039054e-003
 9.9589594e-004
 9.8760251e-004
 9.7958616e-004
 9.7238028e-004
 9.6642325e-004
 9.6197426e-004
 9.5905707e-004
 9.5742766e-004
 9.5658755e-004
 9.5584220e-004
 9.5439161e-004
 9.5144269e-004
 9.4632176e-004
 9.3856745e-004
 9.2800398e-004
 9.1476855e-004
 8.9932198e-004
 8.8241836e-004
 8.6504401e-004
 8.4835169e-004
 8.3354139e-004
 8.2174817e-004
 8.1389421e-004
 8.1054593e-004
 8.1179931e-004
 8.1720343e-004
 8.2575838e-004
 8.3599839e-004
 8.4616704e-004
 8.5444644e-004
 8.5923000e-004
 8.5937622e-004
 8.5439807e-004
 8.4455649e-004
 8.3083881e-004
 8.1481930e-004
 7.9841918e-004
 7.8363408e-004
 7.7222812e-004
 7.6549867e-004
 7.6410465e-004
 7.6801452e-004
 7.7656924e-004
 7.8865013e-004
 8.0290542e-004
 8.1800402e-004
 8.3286397e-004
 8.4678811e-004
 8.5952744e-004
 8.7121793e-004
 8.8225392e-004
 8.9311501e-004
 9.0418116e-004
 9.1559906e-004
 9.2721405e-004
 9.3856576e-004
 9.4897416e-004
 9.5765619e-004
 9.6388260e-004
 9.6712797e-004
 9.6718821e-004
 9.6425950e-004
 9.5895521e-004
 9.5226348e-004
 9.4544044e-004
 9.3986286e-004
 9.3683734e-004
 9.3740941e-004
 9.4218232e-004
 9.5119001e-004
 9.6383545e-004
 9.7893493e-004
 9.9484180e-004
 1.0096682e-003
 1.0215617e-003
 1.0289743e-003
 1.0309118e-003
 1.0270886e-003
 1.0179747e-003
 1.0047192e-003
 9.8898262e-004
 9.7269024e-004
 9.5775473e-004
 9.4583380e-004
 9.3811215e-004
 9.3517901e-004
 9.3696918e-004
 9.4279222e-004
 9.5142558e-004
 9.6127082e-004
 9.7053940e-004
 9.7747252e-004
 9.8056463e-004
 9.7876438e-004
 9.7164180e-004
 9.5948944e-004
 9.4333937e-004
 9.2487253e-004
 9.0625184e-004
 8.8984362e-004
 8.7791763e-004
 8.7231497e-004
 8.7416405e-004
 8.8368932e-004
 9.0013584e-004
 9.2185830e-004
 9.4653328e-004
 9.7152597e-004
 9.9428615e-004
 1.0127707e-003
 1.0257805e-003
 1.0331266e-003
 1.0356286e-003
 1.0348939e-003
 1.0329519e-003
 1.0317982e-003
 1.0329601e-003
 1.0371692e-003
 1.0442096e-003
 1.0529700e-003
 1.0616871e-003
 1.0683070e-003
 1.0709092e-003
 1.0680788e-003
 1.0591741e-003
 1.0444329e-003
 1.0249312e-003
 1.0024046e-003
 9.7898731e-004
 9.5693645e-004
 9.3833206e-004
 9.2488574e-004
 9.1779389e-004
 9.1776910e-004
 9.2516269e-004
 9.4007008e-004
 9.6239743e-004
 9.9191419e-004
 1.0281429e-003
 1.0701478e-003
 1.1163665e-003
 1.1643787e-003
 1.2108461e-003
 1.2516887e-003
 1.2824691e-003
 1.2991072e-003
 1.2986745e-003
 1.2802253e-003
 1.2451862e-003
 1.1970857e-003
 1.1408754e-003
 1.0821040e-003
 1.0260381e-003
 9.7697566e-004
 9.3790173e-004
 9.1025513e-004
 8.9396391e-004
 8.8773237e-004
 8.8943692e-004
 8.9659361e-004
 9.0676855e-004
 9.1789011e-004
 9.2840393e-004
 9.3731156e-004
 9.4408693e-004
 9.4855268e-004
 9.5073448e-004
 9.5072290e-004
 9.4859296e-004
 9.4436749e-004
 9.3801861e-004
 9.2948042e-004
 9.1868715e-004
 9.0562395e-004
 8.9039141e-004
 8.7325688e-004
 8.5469225e-004
 8.3541084e-004
 8.1634946e-004
 7.9860789e-004
 7.8337133e-004
 7.7176653e-004
 7.6472701e-004
 7.6284038e-004
 7.6622557e-004
 7.7451661e-004
 7.8692066e-004
 8.0231018e-004
 8.1935065e-004
 8.3664083e-004
 8.5282157e-004
 8.6668489e-004
 8.7724259e-004
 8.8381470e-004
 8.8609534e-004
 8.8419369e-004
 8.7865401e-004
 8.7043736e-004
 8.6085359e-004
 8.5142744e-004
 8.4373006e-004
 8.3916611e-004
 8.3875802e-004
 8.4296218e-004
 8.5154892e-004
 8.6357706e-004
 8.7748148e-004
 8.9127896e-004
 9.0284273e-004
 9.1024238e-004
 9.1204693e-004
 9.0757181e-004
 8.9699327e-004
 8.8132446e-004
 8.6222991e-004
 8.4174739e-004
 8.2193280e-004
 8.0451119e-004
 7.9062977e-004
 7.8071200e-004
 7.7450380e-004
 7.7126082e-004
 7.7006797e-004
 7.7021978e-004
 7.7157404e-004
 7.7480054e-004
 7.8145240e-004
 7.9382746e-004
 8.1461150e-004
 8.4636081e-004
 8.9092762e-004
 9.4887702e-004
 1.0191303e-003
 1.0987704e-003
 1.1832112e-003
 1.2666886e-003
 1.3428864e-003
 1.4058382e-003
 1.4506751e-003
 1.4743237e-003
 1.4758963e-003
 1.4567375e-003
 1.4201503e-003
 1.3708594e-003
 1.3142960e-003
 1.2558212e-003
 1.2001137e-003
 1.1506467e-003
 1.1095076e-003
 1.0773920e-003
 1.0538235e-003
 1.0375381e-003
 1.0268812e-003
 1.0201884e-003
 1.0160815e-003
 1.0136212e-003
 1.0123388e-003
 1.0121500e-003
 1.0131997e-003
 1.0156800e-003
 1.0196666e-003
 1.0250016e-003
 1.0312434e-003
 1.0376893e-003
 1.0434540e-003
 1.0476012e-003
 1.0492787e-003
 1.0478526e-003
 1.0430068e-003
 1.0347754e-003
 1.0235127e-003
 1.0098410e-003
 9.9456846e-004
 9.7859721e-004
 9.6285722e-004
 9.4823592e-004
 9.3554688e-004
 9.2547626e-004
 9.1854384e-004
 9.1508444e-004
 9.1522804e-004
 9.1889809e-004
 9.2582183e-004
 9.3557179e-004
 9.4762398e-004
 9.6144807e-004
 9.7662711e-004
 9.9297101e-004
 1.0106449e-003
 1.0302259e-003
 1.0526933e-003
 1.0793387e-003
 1.1115595e-003
 1.1506379e-003
 1.1974439e-003
 1.2521902e-003
 1.3142673e-003
 1.3821116e-003
 1.4532668e-003
 1.5244372e-003
 1.5917629e-003
 1.6512013e-003
 1.6989001e-003
 1.7316567e-003
 1.7472998e-003
 1.7449382e-003
 1.7250830e-003
 1.6895615e-003
 1.6412933e-003
 1.5839183e-003
 1.5214341e-003
 1.4577385e-003
 1.3963303e-003
 1.3400280e-003
 1.2908063e-003
 1.2498046e-003
 1.2173353e-003
 1.1930403e-003
 1.1760221e-003
 1.1649969e-003
 1.1584469e-003
 1.1547286e-003
 1.1521814e-003
 1.1492171e-003
 1.1444144e-003
 1.1366206e-003
 1.1250607e-003
 1.1094341e-003
 1.0900088e-003
 1.0676490e-003
 1.0438125e-003
 1.0204569e-003
 9.9987350e-004
 9.8449271e-004
 9.7661966e-004
 9.7820431e-004
 9.9061942e-004
 1.0145232e-003
 1.0497811e-003
 1.0955139e-003
 1.1501756e-003
 1.2117232e-003
 1.2778352e-003
 1.3460505e-003
 1.4139999e-003
 1.4794796e-003
 1.5405637e-003
 1.5956709e-003
 1.6435310e-003
 1.6832330e-003
 1.7141732e-003
 1.7360654e-003
 1.7489324e-003
 1.7530768e-003
 1.7490690e-003
 1.7377062e-003
 1.7199664e-003
 1.6969361e-003
 1.6697546e-003
 1.6395444e-003
 1.6073420e-003
 1.5740840e-003
 1.5405572e-003
 1.5074272e-003
 1.4752456e-003
 1.4444705e-003
 1.4155308e-003
 1.3888344e-003
 1.3648213e-003
 1.3439653e-003
 1.3267635e-003
 1.3137243e-003
 1.3053004e-003
 1.3018308e-003
 1.3034506e-003
 1.3100127e-003
 1.3210189e-003
 1.3355828e-003
 1.3524493e-003
 1.3700493e-003
 1.3866323e-003
 1.4004110e-003
 1.4097497e-003
 1.4133470e-003
 1.4103812e-003
 1.4006108e-003
 1.3844154e-003
 1.3627802e-003
 1.3371909e-003
 1.3095024e-003
 1.2817299e-003
 1.2558789e-003
 1.2337591e-003
 1.2168214e-003
 1.2060739e-003
 1.2020640e-003
 1.2049141e-003
 1.2143566e-003
 1.2297860e-003
 1.2502935e-003
 1.2747257e-003
 1.3017136e-003
 1.3296743e-003
 1.3568233e-003
 1.3812060e-003
 1.4007903e-003
 1.4135923e-003
 1.4178195e-003
 1.4120748e-003
 1.3955716e-003
 1.3683226e-003
 1.3311942e-003
 1.2859146e-003
 1.2370213e-003
 1.1794004e-003
 1.1223272e-003
 1.0690431e-003
 1.0223313e-003
 9.8411168e-004
 9.5526176e-004
 9.3568803e-004
 9.2460442e-004
 9.2085975e-004
 9.2315138e-004
 9.3015074e-004
 9.4056100e-004
 9.5316680e-004
 9.6686580e-004
 9.8069664e-004
 9.9384075e-004
 1.0055912e-003
 1.0153351e-003
 1.0225102e-003
 1.0265922e-003
 1.0270977e-003
 1.0236207e-003
 1.0159092e-003
 1.0039726e-003
 9.8818308e-004
 9.6930919e-004
 9.4848825e-004
 9.2711259e-004
 9.0673525e-004
 8.8896928e-004
 8.7540154e-004
 8.6751231e-004
 8.6652947e-004
 8.7327184e-004
 8.8799943e-004
 9.1036508e-004
 9.3946245e-004
 9.7397307e-004
 1.0123468e-003
 1.0529059e-003
 1.0939755e-003
 1.1339342e-003
 1.1713281e-003
 1.2050000e-003
 1.2341635e-003
 1.2584763e-003
 1.2779726e-003
 1.2929743e-003
 1.3039794e-003
 1.3115589e-003
 1.3163078e-003
 1.3187929e-003
 1.3195110e-003
 1.3188374e-003
 1.3169808e-003
 1.3139660e-003
 1.3096520e-003
 1.3037764e-003
 1.2960031e-003
 1.2859704e-003
 1.2733220e-003
 1.2577593e-003
 1.2391038e-003
 1.2173704e-003
 1.1928519e-003
 1.1661424e-003
 1.1380975e-003
 1.1097851e-003
 1.0823774e-003
 1.0571051e-003
 1.0351874e-003
 1.0177576e-003
 1.0057873e-003
 9.9995313e-004
 1.0005459e-003
 1.0074205e-003
 1.0200437e-003
 1.0375897e-003
 1.0590674e-003
 1.0833992e-003
 1.1094855e-003
 1.1362595e-003
 1.1627098e-003
 1.1879532e-003
 1.2112556e-003
 1.2320591e-003
 1.2499715e-003
 1.2647103e-003
 1.2760672e-003
 1.2838800e-003
 1.2880199e-003
 1.2884259e-003
 1.2851594e-003
 1.2784880e-003
 1.2689534e-003
 1.2574081e-003
 1.2449753e-003
 1.2329862e-003
 1.2228891e-003
 1.2161694e-003
 1.2142800e-003
 1.2185280e-003
 1.2299161e-003
 1.2489314e-003
 1.2753747e-003
 1.3082676e-003
 1.3459519e-003
 1.3862470e-003
 1.4266695e-003
 1.4646262e-003
 1.4975233e-003
 1.5229622e-003
 1.5389295e-003
 1.5440851e-003
 1.5379981e-003
 1.5212402e-003
 1.4952959e-003
 1.4623085e-003
 1.4248315e-003
 1.3855782e-003
 1.3472870e-003
 1.3125519e-003
 1.2836158e-003
 1.2621642e-003
 1.2490930e-003
 1.2444451e-003
 1.2474817e-003
 1.2568921e-003
 1.2710213e-003
 1.2880624e-003
 1.3061760e-003
 1.3235984e-003
 1.3387686e-003
 1.3504513e-003
 1.3578717e-003
 1.3607534e-003
 1.3592766e-003
 1.3539554e-003
 1.3455052e-003
 1.3347389e-003
 1.3224958e-003
 1.3096100e-003
 1.2968663e-003
 1.2849764e-003
 1.2745444e-003
 1.2660539e-003
 1.2598857e-003
 1.2563386e-003
 1.2556647e-003
 1.2580857e-003
 1.2637965e-003
 1.2729405e-003
 1.2855707e-003
 1.3015802e-003
 1.3206496e-003
 1.3422318e-003
 1.3655592e-003
 1.3897193e-003
 1.4137004e-003
 1.4364540e-003
 1.4569521e-003
 1.4742280e-003
 1.4874701e-003
 1.4961272e-003
 1.4999917e-003
 1.4992440e-003
 1.4944111e-003
 1.4862787e-003
 1.4757807e-003
 1.4639220e-003
 1.4517027e-003
 1.4400634e-003
 1.4297963e-003
 1.4214402e-003
 1.4151983e-003
 1.4108951e-003
 1.4080178e-003
 1.4058033e-003
 1.4033408e-003
 1.3996609e-003
 1.3938061e-003
 1.3849180e-003
 1.3723565e-003
 1.3558412e-003
 1.3355926e-003
 1.3123701e-003
 1.2874338e-003
 1.2624083e-003
 1.2391225e-003
 1.2195001e-003
 1.2054376e-003
 1.1986697e-003
 1.2005906e-003
 1.2120155e-003
 1.2329746e-003
 1.2626244e-003
 1.2993478e-003
 1.3409343e-003
 1.3848485e-003
 1.4283861e-003
 1.4688664e-003
 1.5037190e-003
 1.5307372e-003
 1.5482703e-003
 1.5554227e-003
 1.5521595e-003
 1.5392067e-003
 1.5178488e-003
 1.4897251e-003
 1.4566226e-003
 1.4203766e-003
 1.3828340e-003
 1.3457485e-003
 1.3107524e-003
 1.2793374e-003
 1.2527870e-003
 1.2322266e-003
 1.2186561e-003
 1.2130053e-003
 1.2161366e-003
 1.2288450e-003
 1.2517554e-003
 1.2851848e-003
 1.3289358e-003
 1.3820697e-003
 1.4428925e-003
 1.5090088e-003
 1.5774532e-003
 1.6450017e-003
 1.7082960e-003
 1.7640358e-003
 1.8091283e-003
 1.8410629e-003
 1.8582218e-003
 1.8602059e-003
 1.8479908e-003
 1.8237678e-003
 1.7906519e-003
 1.7522783e-003
 1.7125213e-003
 1.6752526e-003
 1.6441523e-003
 1.6223643e-003
 1.6121838e-003
 1.6147470e-003
 1.6298919e-003
 1.6563034e-003
 1.6917877e-003
 1.7336579e-003
 1.7790004e-003
 1.8248345e-003
 1.8683476e-003
 1.9070508e-003
 1.9390297e-003
 1.9631195e-003
 1.9790353e-003
 1.9872568e-003
 1.9888286e-003
 1.9851413e-003
 1.9777385e-003
 1.9682024e-003
 1.9580484e-003
 1.9486253e-003
 1.9409949e-003
 1.9358353e-003
 1.9333878e-003
 1.9335070e-003
 1.9357599e-003
 1.9395419e-003
 1.9441687e-003
 1.9489306e-003
 1.9531397e-003
 1.9561648e-003
 1.9574757e-003
 1.9566778e-003
 1.9535290e-003
 1.9479221e-003
 1.9398552e-003
 1.9293842e-003
 1.9165955e-003
 1.9016053e-003
 1.8845459e-003
 1.8655922e-003
 1.8450050e-003
 1.8231294e-003
 1.8004228e-003
 1.7774344e-003
 1.7548014e-003
 1.7331868e-003
 1.7132701e-003
 1.6957362e-003
 1.6812154e-003
 1.6702549e-003
 1.6632648e-003
 1.6604516e-003
 1.6618078e-003
 1.6671316e-003
 1.6760727e-003
 1.6881977e-003
 1.7030339e-003
 1.7200819e-003
 1.7388510e-003
 1.7588587e-003
 1.7796209e-003
 1.8006854e-003
 1.8216205e-003
 1.8419966e-003
 1.8614134e-003
 1.8794744e-003
 1.8957959e-003
 1.9099992e-003
 1.9217563e-003
 1.9308148e-003
 1.9370447e-003
 1.9404975e-003
 1.9414156e-003
 1.9402156e-003
 1.9374434e-003
 1.9337204e-003
 1.9296992e-003
 1.9260318e-003
 1.9233264e-003
 1.9220993e-003
 1.9227114e-003
 1.9253112e-003
 1.9298142e-003
 1.9359213e-003
 1.9431798e-003
 1.9510452e-003
 1.9589253e-003
 1.9662250e-003
 1.9723687e-003
 1.9768348e-003
 1.9791899e-003
 1.9791278e-003
 1.9764765e-003
 1.9711906e-003
 1.9633139e-003
 1.9529442e-003
 1.9402152e-003
 1.9252716e-003
 1.9082793e-003
 1.8894338e-003
 1.8690001e-003
 1.8473043e-003
 1.8247539e-003
 1.8018477e-003
 1.7791222e-003
 1.7571456e-003
 1.7365096e-003
 1.7177702e-003
 1.7014225e-003
 1.6878414e-003
 1.6771700e-003
 1.6692582e-003
 1.6636248e-003
 1.6594946e-003
 1.6558698e-003
 1.6516251e-003
 1.6455903e-003
 1.6366176e-003
 1.6236767e-003
 1.6060065e-003
 1.5832711e-003
 1.5557270e-003
 1.5242751e-003
 1.4904287e-003
 1.4561119e-003
 1.4235040e-003
 1.3949134e-003
 1.3726060e-003
 1.3586949e-003
 1.3549494e-003
 1.3625354e-003
 1.3818251e-003
 1.4122850e-003
 1.4525903e-003
 1.5008210e-003
 1.5547171e-003
 1.6118201e-003
 1.6696900e-003
 1.7259888e-003
 1.7785843e-003
 1.8258047e-003
 1.8665425e-003
 1.9002930e-003
 1.9271510e-003
 1.9476203e-003
 1.9624596e-003
 1.9725382e-003
 1.9787734e-003
 1.9820649e-003
 1.9832514e-003
 1.9830712e-003
 1.9821196e-003
 1.9808367e-003
 1.9795201e-003
 1.9783634e-003
 1.9774965e-003
 1.9770185e-003
 1.9770116e-003
 1.9775447e-003
 1.9786668e-003
 1.9803948e-003
 1.9827043e-003
 1.9855213e-003
 1.9887306e-003
 1.9921868e-003
 1.9957225e-003
 1.9991656e-003
 2.0023438e-003
 2.0050958e-003
 2.0072812e-003
 2.0088009e-003
 2.0096076e-003
 2.0097119e-003
 2.0091778e-003
 2.0081080e-003
 2.0066286e-003
 2.0048756e-003
 2.0029880e-003
 2.0010984e-003
 1.9993288e-003
 1.9977775e-003
 1.9965130e-003
 1.9955724e-003
 1.9949614e-003
 1.9946650e-003
 1.9946538e-003
 1.9948934e-003
 1.9953463e-003
 1.9959749e-003
 1.9967447e-003
 1.9976231e-003
 1.9985838e-003
 1.9996043e-003
 2.0006674e-003
 2.0017596e-003
 2.0028688e-003
 2.0039843e-003
 2.0050965e-003
 2.0061939e-003
 2.0072665e-003
 2.0083028e-003
 2.0092910e-003
 2.0102176e-003
 2.0110689e-003
 2.0118312e-003
 2.0124889e-003
 2.0130281e-003
 2.0134361e-003
 2.0137026e-003
 2.0138249e-003
 2.0138111e-003
 2.0136847e-003
 2.0134859e-003
 2.0132703e-003
 2.0131045e-003
 2.0130617e-003
 2.0132160e-003
 2.0136377e-003
 2.0143837e-003
 2.0154826e-003
 2.0169164e-003
 2.0186028e-003
 2.0203898e-003
 2.0220615e-003
 2.0233558e-003
 2.0239835e-003
 2.0236501e-003
 2.0220766e-003
 2.0190401e-003
 2.0144300e-003
 2.0083250e-003
 2.0010648e-003
 1.9932708e-003
 1.9858207e-003
 1.9797871e-003
 1.9763466e-003
 1.9767182e-003
 1.9820961e-003
 1.9935553e-003
 2.0119271e-003
 2.0376358e-003
 2.0705259e-003
 2.1098382e-003
 2.1542592e-003
 2.2020293e-003
 2.2511769e-003
 2.2996124e-003
 2.3452556e-003
 2.3860950e-003
 2.4203882e-003
 2.4467849e-003
 2.4644574e-003
 2.4731965e-003
 2.4733245e-003
 2.4655641e-003
 2.4508773e-003
 2.4303352e-003
 2.4050588e-003
 2.3761445e-003
 2.3446416e-003
 2.3114998e-003
 2.2775698e-003
 2.2435396e-003
 2.2099726e-003
 2.1773651e-003
 2.1461328e-003
 2.1166629e-003
 2.0893449e-003
 2.0645235e-003
 2.0425105e-003
 2.0235463e-003
 2.0077943e-003
 1.9953046e-003
 1.9860400e-003
 1.9799031e-003
 1.9767478e-003
 1.9764057e-003
 1.9786849e-003
 1.9833490e-003
 1.9900785e-003
 1.9984182e-003
 2.0077198e-003
 2.0171336e-003
 2.0256238e-003
 2.0320110e-003
 2.0350446e-003
 2.0334492e-003
 2.0259966e-003
 2.0116046e-003
 1.9894964e-003
 1.9594301e-003
 1.9218537e-003
 1.8779993e-003
 1.8297883e-003
 1.7796927e-003
 1.7304508e-003
 1.6849233e-003
 1.6459732e-003
 1.6162258e-003
 1.5978686e-003
 1.5923540e-003
 1.6001081e-003
 1.6204466e-003
 1.6516759e-003
 1.6913177e-003
 1.7364575e-003
 1.7839788e-003
 1.8307111e-003
 1.8736803e-003
 1.9103056e-003
 1.9386641e-003
 1.9577972e-003
 1.9677840e-003
 1.9696152e-003
 1.9649309e-003
 1.9557325e-003
 1.9441645e-003
 1.9323695e-003
 1.9223269e-003
 1.9156965e-003
 1.9136369e-003
 1.9166318e-003
 1.9244249e-003
 1.9360567e-003
 1.9500313e-003
 1.9645132e-003
 1.9775128e-003
 1.9869979e-003
 1.9909744e-003
 1.9875015e-003
 1.9747172e-003
 1.9520514e-003
 1.9236942e-003
 1.8758109e-003
 1.8198201e-003
 1.7577959e-003
 1.6918235e-003
 1.6239719e-003
 1.5563585e-003
 1.4910523e-003
 1.4301384e-003
 1.3757021e-003
 1.3296284e-003
 1.2920646e-003
 1.2621571e-003
 1.2390554e-003
 1.2219049e-003
 1.2098628e-003
 1.2020734e-003
 1.1976856e-003
 1.1958487e-003
 1.1957121e-003
 1.1964246e-003
 1.1971348e-003
 1.1969920e-003
 1.1951451e-003
 1.1908233e-003
 1.1839870e-003
 1.1749899e-003
 1.1641852e-003
 1.1519354e-003
 1.1385948e-003
 1.1245200e-003
 1.1100644e-003
 1.0955917e-003
 1.0814553e-003
 1.0680117e-003
 1.0556153e-003
 1.0446283e-003
 1.0354049e-003
 1.0283013e-003
 1.0236748e-003
 1.0218817e-003
 1.0232796e-003
 1.0281790e-003
 1.0364804e-003
 1.0478732e-003
 1.0620364e-003
 1.0786569e-003
 1.0974189e-003
 1.1180122e-003
 1.1401112e-003
 1.1634051e-003
 1.1875783e-003
 1.2123153e-003
 1.2373062e-003
 1.2622237e-003
 1.2867581e-003
 1.3105939e-003
 1.3334207e-003
 1.3549121e-003
 1.3747580e-003
 1.3926429e-003
 1.4082547e-003
 1.4212703e-003
 1.4313781e-003
 1.4382990e-003
 1.4420715e-003
 1.4428922e-003
 1.4409623e-003
 1.4364820e-003
 1.4296509e-003
 1.4206669e-003
 1.4097341e-003
 1.3970505e-003
 1.3828162e-003
 1.3672273e-003
 1.3504911e-003
 1.3328041e-003
 1.3143659e-003
 1.2953724e-003
 1.2760324e-003
 1.2565415e-003
 1.2370994e-003
 1.2179062e-003
 1.1991576e-003
 1.1810621e-003
 1.1638156e-003
 1.1476179e-003
 1.1326653e-003
 1.1191653e-003
 1.1073140e-003
 1.0972889e-003
 1.0890813e-003
 1.0825968e-003
 1.0777347e-003
 1.0743962e-003
 1.0724822e-003
 1.0718942e-003
 1.0725337e-003
 1.0743013e-003
 1.0770985e-003
 1.0808276e-003
 1.0853878e-003
 1.0906809e-003
 1.0966086e-003
 1.1030734e-003
 1.1099734e-003
 1.1172115e-003
 1.1246887e-003
 1.1323080e-003
 1.1399674e-003
 1.1475693e-003
 1.1550153e-003
 1.1622065e-003
 1.1690457e-003
 1.1754310e-003
 1.1812649e-003
 1.1864490e-003
 1.1908851e-003
 1.1944728e-003
 1.1971140e-003
 1.1987234e-003
 1.1993203e-003
 1.1989739e-003
 1.1977541e-003
