s07_ASD Record=6909:  error bars to preceding                
 1.3222510e-003
 1.2984098e-003
 1.2655737e-003
 1.2236438e-003
 1.1739488e-003
 1.1190834e-003
 1.0621127e-003
 1.0059649e-003
 9.5331256e-004
 9.0680539e-004
 8.6924160e-004
 8.4340497e-004
 8.3166518e-004
 8.3527004e-004
 8.5294124e-004
 8.7991549e-004
 9.0872124e-004
 9.3158049e-004
 9.4286626e-004
 9.4075338e-004
 9.2758029e-004
 9.0866524e-004
 8.9011784e-004
 8.7689114e-004
 8.7192288e-004
 8.7612326e-004
 8.8862568e-004
 9.0733659e-004
 9.2951593e-004
 9.5210178e-004
 9.7186671e-004
 9.8587736e-004
 9.9182734e-004
 9.8800345e-004
 9.7392802e-004
 9.5104671e-004
 9.2203065e-004
 8.8987546e-004
 8.5742195e-004
 8.2713587e-004
 8.0099958e-004
 7.8034034e-004
 7.6555880e-004
 7.5603311e-004
 7.5045944e-004
 7.4752374e-004
 7.4652664e-004
 7.4758031e-004
 7.5125566e-004
 7.5781404e-004
 7.6634268e-004
 7.7425793e-004
 7.7770592e-004
 7.7311572e-004
 7.5927546e-004
 7.3877495e-004
 7.1809662e-004
 7.0491084e-004
 7.0491259e-004
 7.2249403e-004
 7.5426960e-004
 7.8916032e-004
 8.2119060e-004
 8.4484741e-004
 8.5337390e-004
 8.4632024e-004
 8.2871143e-004
 8.0617395e-004
 7.8327901e-004
 7.6309219e-004
 7.4686314e-004
 7.3482463e-004
 7.2757812e-004
 7.2668958e-004
 7.3388853e-004
 7.4921880e-004
 7.6945074e-004
 7.8824098e-004
 7.9845876e-004
 7.9548801e-004
 7.7951187e-004
 7.5538171e-004
 7.3019299e-004
 7.1007217e-004
 6.9791236e-004
 6.9301866e-004
 6.9242966e-004
 6.9290388e-004
 6.9243566e-004
 6.9063454e-004
 6.8806572e-004
 6.8528746e-004
 6.8246253e-004
 6.7990331e-004
 6.7911530e-004
 6.8349659e-004
 6.9795473e-004
 7.2719413e-004
 7.7331724e-004
 8.3417835e-004
 9.0331840e-004
 9.7174745e-004
 1.0309331e-003
 1.0756713e-003
 1.1060158e-003
 1.1269171e-003
 1.1442102e-003
 1.1594946e-003
 1.1679269e-003
 1.1614190e-003
 1.1356928e-003
 1.0957281e-003
 1.0549246e-003
 1.0283337e-003
 1.0246799e-003
 1.0421751e-003
 1.0702910e-003
 1.0964797e-003
 1.1136518e-003
 1.1226737e-003
 1.1275123e-003
 1.1280382e-003
 1.1185911e-003
 1.0941209e-003
 1.0568734e-003
 1.0160592e-003
 9.8102598e-004
 9.5519901e-004
 9.3615724e-004
 9.2031993e-004
 9.0679032e-004
 8.9724059e-004
 8.9329155e-004
 8.9453248e-004
 8.9862023e-004
 9.0269541e-004
 9.0486341e-004
 9.0528186e-004
 9.0690021e-004
 9.1522804e-004
 9.3559257e-004
 9.6770201e-004
 1.0015782e-003
 1.0209692e-003
 1.0144558e-003
 9.8470191e-004
 9.4595714e-004
 9.1214711e-004
 8.8825199e-004
 8.7256415e-004
 8.6413743e-004
 8.6510798e-004
 8.7585958e-004
 8.9042669e-004
 8.9900516e-004
 8.9584320e-004
 8.8492449e-004
 8.7878999e-004
 8.9214038e-004
 9.3415449e-004
 1.0021840e-003
 1.0794211e-003
 1.1403662e-003
 1.1648221e-003
 1.1521761e-003
 1.1222954e-003
 1.0997020e-003
 1.0959463e-003
 1.1070983e-003
 1.1236536e-003
 1.1368090e-003
 1.1366553e-003
 1.1130825e-003
 1.0644371e-003
 1.0037347e-003
 9.5222733e-004
 9.2494051e-004
 9.2219486e-004
 9.3380164e-004
 9.4858633e-004
 9.5906295e-004
 9.6157985e-004
 9.5787650e-004
 9.5622469e-004
 9.6562406e-004
 9.8630833e-004
 1.0080597e-003
 1.0193591e-003
 1.0172279e-003
 1.0079191e-003
 9.9942391e-004
 9.9417195e-004
 9.8842673e-004
 9.7774563e-004
 9.6222898e-004
 9.4575121e-004
 9.2977984e-004
 9.0922287e-004
 8.7675737e-004
 8.3251484e-004
 7.8832894e-004
 7.5977750e-004
 7.5232610e-004
 7.5631012e-004
 7.5731287e-004
 7.4997870e-004
 7.3988509e-004
 7.3598907e-004
 7.4572681e-004
 7.7217270e-004
 8.0836914e-004
 8.4010640e-004
 8.6433516e-004
 8.9674845e-004
 9.4555790e-004
 9.8659401e-004
 9.8697585e-004
 9.4907958e-004
 9.0793823e-004
 8.8773906e-004
 8.8286627e-004
 8.8007521e-004
 8.7699172e-004
 8.7396411e-004
 8.6360035e-004
 8.3925633e-004
 8.1010157e-004
 7.9707662e-004
 8.0720638e-004
 8.1860414e-004
 8.0277276e-004
 7.5843674e-004
 7.1175856e-004
 6.8878429e-004
 7.0192519e-004
 7.5701339e-004
 8.5298234e-004
 9.7024394e-004
 1.0719460e-003
 1.1248025e-003
 1.1196804e-003
 1.0745246e-003
 1.0199152e-003
 9.7884098e-004
 9.5553073e-004
 9.4368757e-004
 9.4671926e-004
 9.8112389e-004
 1.0492268e-003
 1.1198885e-003
 1.1582321e-003
 1.1600249e-003
 1.1402706e-003
 1.1125961e-003
 1.0904471e-003
 1.0774484e-003
 1.0565426e-003
 1.0206868e-003
 9.8899857e-004
 9.6582389e-004
 9.3153672e-004
 8.8662322e-004
 8.5450243e-004
 8.4432377e-004
 8.4560743e-004
 8.4601075e-004
 8.3792896e-004
 8.2027988e-004
 7.9891382e-004
 7.8019663e-004
 7.6771108e-004
 7.6712418e-004
 7.8320975e-004
 8.0656301e-004
 8.1905001e-004
 8.1975851e-004
 8.2600635e-004
 8.4277190e-004
 8.5100799e-004
 8.3327980e-004
 7.9632318e-004
 7.6274370e-004
 7.4564468e-004
 7.3724758e-004
 7.2421995e-004
 7.0797501e-004
 7.0380722e-004
 7.2186085e-004
 7.5594318e-004
 7.9166616e-004
 8.1660639e-004
 8.2313095e-004
 8.1499614e-004
 8.1400591e-004
 8.4332883e-004
 8.9914980e-004
 9.5992879e-004
 1.0238298e-003
 1.0964699e-003
 1.1365009e-003
 1.0771137e-003
 9.2623872e-004
 7.7946828e-004
 7.0429413e-004
 6.7536870e-004
 6.4591970e-004
 6.1730522e-004
 6.1190111e-004
 6.2695309e-004
 6.4242922e-004
 6.5122620e-004
 6.6435698e-004
 6.9072383e-004
 7.2067109e-004
 7.3987397e-004
 7.5827114e-004
 8.0052746e-004
 8.6321495e-004
 9.0615475e-004
 8.9752080e-004
 8.5902476e-004
 8.4094994e-004
 8.6469820e-004
 9.1354817e-004
 9.6772867e-004
 1.0295822e-003
 1.1147964e-003
 1.2213526e-003
 1.3094452e-003
 1.3214598e-003
 1.2321980e-003
 1.0815433e-003
 9.5006253e-004
 8.9348038e-004
 8.9742453e-004
 8.9685718e-004
 8.3964580e-004
 7.3178194e-004
 6.2535517e-004
 5.6907127e-004
 5.7145499e-004
 6.0421333e-004
 6.3007098e-004
 6.2553032e-004
 5.8921403e-004
 5.4444105e-004
 5.3583755e-004
 6.0606172e-004
 7.5631961e-004
 9.2655036e-004
 1.0309540e-003
 1.0338729e-003
 9.9183340e-004
 9.9005108e-004
 1.0147673e-003
 1.0002214e-003
 9.3047303e-004
 8.3586015e-004
 7.4960187e-004
 6.9244747e-004
 6.7327602e-004
 6.7742215e-004
 6.6825497e-004
 6.2503346e-004
 5.7052681e-004
 5.4515136e-004
 5.6676113e-004
 6.2221818e-004
 6.8322115e-004
 7.2584517e-004
 7.3849247e-004
 7.1456993e-004
 6.5517996e-004
 5.9342134e-004
 5.8719754e-004
 6.5010681e-004
 7.2370825e-004
 7.6616410e-004
 8.1392692e-004
 8.9591520e-004
 9.5513940e-004
 9.2572829e-004
 8.3055883e-004
 7.4936979e-004
 7.3132978e-004
 7.6235866e-004
 7.9577329e-004
 8.1110466e-004
 8.3351799e-004
 8.7999552e-004
 9.2050910e-004
 9.2572696e-004
 9.1614749e-004
 9.2850655e-004
 9.6661912e-004
 1.0083454e-003
 1.0363039e-003
 1.0397278e-003
 1.0039844e-003
 9.1613428e-004
 7.9941005e-004
 7.1424444e-004
 6.8409712e-004
 6.6875288e-004
 6.2890444e-004
 5.7530787e-004
 5.6170032e-004
 6.3696149e-004
 7.8918290e-004
 9.4480562e-004
 1.0273970e-003
 1.0099662e-003
 9.1628317e-004
 7.9046597e-004
 6.8571430e-004
 6.5885071e-004
 7.4237771e-004
 8.9716649e-004
 1.0190966e-003
 1.0192218e-003
 9.1003458e-004
 8.0389343e-004
 8.1243436e-004
 9.3894097e-004
 1.0871848e-003
 1.1596694e-003
 1.1181864e-003
 9.9070917e-004
 8.4143283e-004
 7.3939731e-004
 6.5288250e-004
 6.0089777e-004
 5.8159383e-004
 5.8904930e-004
 6.1572244e-004
 6.5407204e-004
 6.9647102e-004
 7.3483732e-004
 7.6089601e-004
 7.6637079e-004
 7.4573228e-004
 7.1155216e-004
 6.8371976e-004
 6.8214751e-004
 7.2199327e-004
 7.8698678e-004
 8.4810925e-004
 8.7630533e-004
 8.4826659e-004
 7.7887945e-004
 6.8624358e-004
 6.3167693e-004
 6.3114066e-004
 6.8694504e-004
 7.7438960e-004
 8.6763402e-004
 9.4079919e-004
 9.6904265e-004
 9.5020095e-004
 9.0464065e-004
 8.5368182e-004
 8.1866386e-004
 8.2008960e-004
 8.6007541e-004
 9.2260662e-004
 9.9087786e-004
 1.0481118e-003
 1.0780421e-003
 1.0763650e-003
 1.0504784e-003
 1.0082654e-003
 9.5762429e-004
 9.0643828e-004
 8.6136977e-004
 8.2436216e-004
 7.9619128e-004
 7.7764830e-004
 7.6951354e-004
 7.7257346e-004
 7.8691554e-004
 8.0993836e-004
 8.3840289e-004
 8.6905865e-004
 8.9866848e-004
 9.2398160e-004
 9.4175804e-004
 9.5016038e-004
 9.5270592e-004
 9.5419138e-004
 9.5941190e-004
 9.7316504e-004
 1.0002428e-003
 1.0454479e-003
 1.1135653e-003
 1.2071021e-003
 1.3198396e-003
 1.4435598e-003
 1.5699895e-003
 1.6909138e-003
 1.7980607e-003
 1.8832018e-003
 1.9380990e-003
 1.9571632e-003
 1.9447685e-003
 1.9076043e-003
 1.8523496e-003
 1.7857042e-003
 1.7143394e-003
 1.6449593e-003
 1.5842346e-003
 1.5373799e-003
 1.5041024e-003
 1.4828643e-003
 1.4721163e-003
 1.4703136e-003
 1.4759112e-003
 1.4873656e-003
 1.5031283e-003
 1.5216583e-003
 1.5414057e-003
 1.5608299e-003
 1.5783809e-003
 1.5928491e-003
 1.6042169e-003
 1.6127456e-003
 1.6186909e-003
 1.6223128e-003
 1.6238693e-003
 1.6236183e-003
 1.6218184e-003
 1.6187282e-003
 1.6146051e-003
 1.6097084e-003
 1.6042953e-003
 1.5986236e-003
 1.5929397e-003
 1.5874923e-003
 1.5825270e-003
 1.5782913e-003
 1.5750311e-003
 1.5729942e-003
 1.5724268e-003
 1.5735760e-003
 1.5766881e-003
 1.5820106e-003
 1.5895305e-003
 1.5983284e-003
 1.6072814e-003
 1.6152711e-003
 1.6211745e-003
 1.6238728e-003
 1.6222444e-003
 1.6151679e-003
 1.6015248e-003
 1.5801908e-003
 1.5506343e-003
 1.5143390e-003
 1.4732241e-003
 1.4292239e-003
 1.3842521e-003
 1.3402438e-003
 1.2991130e-003
 1.2627941e-003
 1.2332026e-003
 1.2122702e-003
 1.2012991e-003
 1.1994913e-003
 1.2055949e-003
 1.2183571e-003
 1.2365296e-003
 1.2588568e-003
 1.2840894e-003
 1.3109799e-003
 1.3382704e-003
 1.3647162e-003
 1.3892811e-003
 1.4116897e-003
 1.4318124e-003
 1.4495299e-003
 1.4647138e-003
 1.4772436e-003
 1.4869922e-003
 1.4938380e-003
 1.4976547e-003
 1.4982165e-003
 1.4949507e-003
 1.4872155e-003
 1.4743657e-003
 1.4557610e-003
 1.4307545e-003
 1.3987086e-003
 1.3589726e-003
 1.3119018e-003
 1.2610884e-003
 1.2108175e-003
 1.1653505e-003
 1.1289716e-003
 1.1059452e-003
 1.1005504e-003
 1.1170550e-003
 1.1574280e-003
 1.2160919e-003
 1.2859602e-003
 1.3599168e-003
 1.4308782e-003
 1.4917284e-003
 1.5353808e-003
 1.5547267e-003
 1.5459240e-003
 1.5156171e-003
 1.4725536e-003
 1.4292968e-003
 1.3902386e-003
 1.3659968e-003
 1.3620089e-003
 1.3782784e-003
 1.4098744e-003
 1.4485592e-003
 1.4845334e-003
 1.5077888e-003
 1.5099036e-003
 1.4868644e-003
 1.4408192e-003
 1.3783460e-003
 1.3077715e-003
 1.2374488e-003
 1.1745205e-003
 1.1237421e-003
 1.0871617e-003
 1.0647911e-003
 1.0555916e-003
 1.0580226e-003
 1.0700346e-003
 1.0888235e-003
 1.1107316e-003
 1.1314659e-003
 1.1465662e-003
 1.1520984e-003
 1.1456487e-003
 1.1272983e-003
 1.0999389e-003
 1.0686527e-003
 1.0395336e-003
 1.0183066e-003
 1.0088960e-003
 1.0122667e-003
 1.0260752e-003
 1.0453382e-003
 1.0637949e-003
 1.0755447e-003
 1.0766945e-003
 1.0451087e-003
 1.0439639e-003
 1.0430757e-003
 1.0428579e-003
 1.0434592e-003
 1.0445740e-003
 1.0453589e-003
 1.0444773e-003
 1.0402934e-003
 1.0312184e-003
 1.0161508e-003
 9.9488813e-004
 9.6837268e-004
 9.3866111e-004
 9.0851594e-004
 8.8084978e-004
 8.5821387e-004
 8.4237731e-004
 8.3417044e-004
 8.3352061e-004
 8.3970226e-004
 8.5164543e-004
 8.6822227e-004
 8.8843983e-004
 9.1154745e-004
 9.3702914e-004
 9.6449797e-004
 9.9359686e-004
 1.0238424e-003
 1.0545602e-003
 1.0849460e-003
 1.1141837e-003
 1.1416441e-003
 1.1669830e-003
 1.1901648e-003
 1.2113571e-003
 1.2307049e-003
 1.2481136e-003
 1.2630619e-003
 1.2745933e-003
 1.2814903e-003
 1.2825913e-003
 1.2771864e-003
 1.2653379e-003
 1.2480334e-003
 1.2270830e-003
 1.2048122e-003
 1.1835895e-003
 1.1653362e-003
 1.1511848e-003
 1.1413197e-003
 1.1350949e-003
 1.1313297e-003
 1.1287091e-003
 1.1261581e-003
 1.1230818e-003
 1.1194260e-003
 1.1155596e-003
 1.1120351e-003
 1.1093221e-003
 1.1075831e-003
 1.1065644e-003
 1.1056112e-003
 1.1037923e-003
 1.1000943e-003
 1.0936280e-003
 1.0838001e-003
 1.0704309e-003
 1.0537833e-003
 1.0345461e-003
 1.0137507e-003
 9.9265494e-004
 9.7263773e-004
 9.5505867e-004
 9.4116171e-004
 9.3196408e-004
 9.2816597e-004
 9.3008304e-004
 9.3758857e-004
 9.5008535e-004
 9.6651213e-004
 9.8540587e-004
 1.0049952e-003
 1.0233769e-003
 1.0387040e-003
 1.0494153e-003
 1.0544478e-003
 1.0533833e-003
 1.0465223e-003
 1.0348330e-003
 1.0198016e-003
 1.0031745e-003
 9.8667829e-004
 9.7173458e-004
 9.5924066e-004
 9.4947603e-004
 9.4210962e-004
 9.3634316e-004
 9.3112449e-004
 9.2540146e-004
 9.1836724e-004
 9.0963987e-004
 8.9936564e-004
 8.8821509e-004
 8.7727798e-004
 8.6789177e-004
 8.6139789e-004
 8.5889915e-004
 8.6102390e-004
 8.6775969e-004
 8.7837467e-004
 8.9146697e-004
 9.0512692e-004
 9.1722555e-004
 9.2578208e-004
 9.2933467e-004
 9.2726859e-004
 9.1999682e-004
 9.0895052e-004
 8.9633936e-004
 8.8473601e-004
 8.7653700e-004
 8.7343407e-004
 8.7603019e-004
 8.8368676e-004
 8.9465769e-004
 9.0648280e-004
 9.1655145e-004
 9.2267804e-004
 9.2357892e-004
 9.1911072e-004
 9.1024762e-004
 8.9879893e-004
 8.8697276e-004
 8.7686873e-004
 8.7005121e-004
 8.6725637e-004
 8.6830143e-004
 8.7218906e-004
 8.7736174e-004
 8.8205154e-004
 8.8463863e-004
 8.8396645e-004
 8.7954919e-004
 8.7165378e-004
 8.6124241e-004
 8.4981252e-004
 8.3914475e-004
 8.3103933e-004
 8.2705443e-004
 8.2830543e-004
 8.3534594e-004
 8.4813696e-004
 8.6609001e-004
 8.8817574e-004
 9.1307703e-004
 9.3932112e-004
 9.6543791e-004
 9.9004619e-004
 1.0119376e-003
 1.0301329e-003
 1.0438982e-003
 1.0527991e-003
 1.0567339e-003
 1.0559951e-003
 1.0513116e-003
 1.0438551e-003
 1.0351758e-003
 1.0270375e-003
 1.0211706e-003
 1.0189515e-003
 1.0210996e-003
 1.0274547e-003
 1.0369306e-003
 1.0476691e-003
 1.0574055e-003
 1.0639431e-003
 1.0656433e-003
 1.0617782e-003
 1.0526490e-003
 1.0394276e-003
 1.0237817e-003
 1.0073849e-003
 9.9147216e-004
 9.7660546e-004
 9.6267584e-004
 9.4918202e-004
 9.3563553e-004
 9.2195545e-004
 9.0871332e-004
 8.9710223e-004
 8.8864157e-004
 8.8471611e-004
 8.8607299e-004
 8.9246669e-004
 9.0255437e-004
 9.1409939e-004
 9.2440855e-004
 9.3091530e-004
 9.3171879e-004
 9.2597678e-004
 9.1404066e-004
 8.9734152e-004
 8.7804953e-004
 8.5864135e-004
 8.4144005e-004
 8.2823844e-004
 8.2008529e-004
 8.1720867e-004
 8.1910734e-004
 8.2473631e-004
 8.3275704e-004
 8.4178330e-004
 8.5059257e-004
 8.5827173e-004
 8.6427160e-004
 8.6839887e-004
 8.7073614e-004
 8.7153580e-004
 8.7110454e-004
 8.6970878e-004
 8.6751947e-004
 8.6460664e-004
 8.6097873e-004
 8.5665094e-004
 8.5172709e-004
 8.4645435e-004
 8.4124081e-004
 8.3660823e-004
 8.3308521e-004
 8.3106733e-004
 8.3066948e-004
 8.3162903e-004
 8.3329331e-004
 8.3471963e-004
 8.3487603e-004
 8.3290489e-004
 8.2838023e-004
 8.2148775e-004
 8.1306038e-004
 8.0446090e-004
 7.9731387e-004
 7.9315878e-004
 7.9311751e-004
 7.9764472e-004
 8.0643373e-004
 8.1848382e-004
 8.3231332e-004
 8.4622949e-004
 8.5862103e-004
 8.6816604e-004
 8.7396271e-004
 8.7555923e-004
 8.7291311e-004
 8.6632610e-004
 8.5638411e-004
 8.4391626e-004
 8.2996127e-004
 8.1574306e-004
 8.0258964e-004
 7.9182978e-004
 7.8462862e-004
 7.8181166e-004
 7.8371848e-004
 7.9011056e-004
 8.0018345e-004
 8.1267045e-004
 8.2604744e-004
 8.3876902e-004
 8.4952131e-004
 8.5743004e-004
 8.6217897e-004
 8.6404791e-004
 8.6384511e-004
 8.6276856e-004
 8.6221204e-004
 8.6355250e-004
 8.6794584e-004
 8.7615685e-004
 8.8844169e-004
 9.0450310e-004
 9.2349778e-004
 9.4413484e-004
 9.6479943e-004
 9.8373648e-004
 9.9925080e-004
 1.0098782e-003
 1.0145546e-003
 1.0127077e-003
 1.0043031e-003
 9.8980928e-004
 9.7011495e-004
 9.4639824e-004
 9.1996545e-004
 8.9212559e-004
 8.6404494e-004
 8.3668588e-004
 8.1075489e-004
 7.8669173e-004
 7.6472026e-004
 7.4487814e-004
 7.2710117e-004
 7.1128545e-004
 6.9735188e-004
 6.8531884e-004
 6.7533180e-004
 6.6768937e-004
 6.6281791e-004
 6.6121004e-004
 6.6332723e-004
 6.6947081e-004
 6.7964691e-004
 6.9345278e-004
 7.1002368e-004
 7.2803849e-004
 7.4582704e-004
 7.6156139e-004
 7.7348400e-004
 7.8018353e-004
 7.8082003e-004
 7.7529810e-004
 7.6432130e-004
 7.4933242e-004
 7.3231547e-004
 7.1551971e-004
 7.0111413e-004
 6.9084857e-004
 6.8580045e-004
 6.8622461e-004
 6.9157250e-004
 7.0065464e-004
 7.1193109e-004
 7.2384096e-004
 7.3512766e-004
 7.4505067e-004
 7.5347221e-004
 7.6079211e-004
 7.6775305e-004
 7.7519106e-004
 7.8379142e-004
 7.9390610e-004
 8.0550055e-004
 8.1821030e-004
 8.3151535e-004
 8.4497739e-004
 8.5845741e-004
 8.7229017e-004
 8.8731450e-004
 9.0477016e-004
 9.2605717e-004
 9.5237471e-004
 9.8437583e-004
 1.0218492e-003
 1.0635835e-003
 1.1074494e-003
 1.1506403e-003
 1.1901465e-003
 1.2232156e-003
 1.2478095e-003
 1.2628916e-003
 1.2684701e-003
 1.2654612e-003
 1.2553771e-003
 1.2399779e-003
 1.2209633e-003
 1.1998188e-003
 1.1778031e-003
 1.1560598e-003
 1.1358057e-003
 1.1184464e-003
 1.1056141e-003
 1.0990330e-003
 1.1002570e-003
 1.1103349e-003
 1.1294818e-003
 1.1568411e-003
 1.1904212e-003
 1.2272563e-003
 1.2637244e-003
 1.2960798e-003
 1.3209918e-003
 1.3360970e-003
 1.3403975e-003
 1.3344241e-003
 1.3201470e-003
 1.3006255e-003
 1.2794636e-003
 1.2601672e-003
 1.2455679e-003
 1.2373773e-003
 1.2359837e-003
 1.2405087e-003
 1.2490767e-003
 1.2592213e-003
 1.2683386e-003
 1.2740927e-003
 1.2746988e-003
 1.2690829e-003
 1.2569074e-003
 1.2385075e-003
 1.2147605e-003
 1.1869568e-003
 1.1566310e-003
 1.1254401e-003
 1.0950131e-003
 1.0668046e-003
 1.0419959e-003
 1.0213711e-003
 1.0052852e-003
 9.9365937e-004
 9.8604849e-004
 9.8177267e-004
 9.8006160e-004
 9.8020816e-004
 9.8168058e-004
 9.8418235e-004
 9.8764792e-004
 9.9218707e-004
 9.9800201e-004
 1.0052939e-003
 1.0141978e-003
 1.0247361e-003
 1.0368087e-003
 1.0502078e-003
 1.0646248e-003
 1.0796797e-003
 1.0949211e-003
 1.1098458e-003
 1.1239286e-003
 1.1366546e-003
 1.1475979e-003
 1.1564901e-003
 1.1633013e-003
 1.1682918e-003
 1.1720107e-003
 1.1752470e-003
 1.1789158e-003
 1.1839091e-003
 1.1909317e-003
 1.2003509e-003
 1.2120955e-003
 1.2256275e-003
 1.2399737e-003
 1.2538518e-003
 1.2658256e-003
 1.2745084e-003
 1.2787612e-003
 1.2778534e-003
 1.2715781e-003
 1.2602912e-003
 1.2448744e-003
 1.2266152e-003
 1.2070499e-003
 1.1877441e-003
 1.1700997e-003
 1.1551654e-003
 1.1435014e-003
 1.1351325e-003
 1.1295623e-003
 1.1258869e-003
 1.1229685e-003
 1.1196587e-003
 1.1150384e-003
 1.1086323e-003
 1.1005584e-003
 1.0915917e-003
 1.0830965e-003
 1.0768520e-003
 1.0747582e-003
 1.0784812e-003
 1.0890894e-003
 1.1067613e-003
 1.1306182e-003
 1.1587541e-003
 1.1884840e-003
 1.2167291e-003
 1.2405466e-003
 1.2575961e-003
 1.2665131e-003
 1.2670549e-003
 1.2599963e-003
 1.2468252e-003
 1.2293293e-003
 1.2091954e-003
 1.1877292e-003
 1.1658006e-003
 1.1439489e-003
 1.1226542e-003
 1.1025972e-003
 1.0848208e-003
 1.0707346e-003
 1.0619003e-003
 1.0596860e-003
 1.0648870e-003
 1.0774195e-003
 1.0961887e-003
 1.1191792e-003
 1.1437633e-003
 1.1671126e-003
 1.1866873e-003
 1.2006152e-003
 1.2079536e-003
 1.2087530e-003
 1.2039350e-003
 1.1950365e-003
 1.1838845e-003
 1.1722717e-003
 1.1616981e-003
 1.1532448e-003
 1.1475608e-003
 1.1449825e-003
 1.1457042e-003
 1.1499472e-003
 1.1580595e-003
 1.1705055e-003
 1.1877349e-003
 1.2099321e-003
 1.2367638e-003
 1.2671431e-003
 1.2991779e-003
 1.3303836e-003
 1.3579866e-003
 1.3793227e-003
 1.3921416e-003
 1.3947763e-003
 1.3863542e-003
 1.3669818e-003
 1.3377679e-003
 1.3007306e-003
 1.2585558e-003
 1.2142286e-003
 1.1707384e-003
 1.1307783e-003
 1.0966070e-003
 1.0698924e-003
 1.0516042e-003
 1.0420212e-003
 1.0406891e-003
 1.0464258e-003
 1.0573710e-003
 1.0711382e-003
 1.0850010e-003
 1.0961762e-003
 1.1022015e-003
 1.1013150e-003
 1.0927806e-003
 1.0770656e-003
 1.0558227e-003
 1.0316391e-003
 1.0076290e-003
 9.8687992e-004
 9.7194070e-004
 9.6437422e-004
 9.6454407e-004
 9.7171299e-004
 9.8431681e-004
 1.0003303e-003
 1.0176451e-003
 1.0343849e-003
 1.0490824e-003
 1.0608225e-003
 1.0692681e-003
 1.0745806e-003
 1.0772361e-003
 1.0777833e-003
 1.0766166e-003
 1.0738240e-003
 1.0691625e-003
 1.0621583e-003
 1.0523099e-003
 1.0393240e-003
 1.0233115e-003
 1.0048617e-003
 9.8496000e-004
 9.6484250e-004
 9.4577885e-004
 9.2885899e-004
 9.1484940e-004
 9.0409536e-004
 8.9650339e-004
 8.9156989e-004
 8.8848145e-004
 8.8626123e-004
 8.8392297e-004
 8.8061707e-004
 8.7573950e-004
 8.6898374e-004
 8.6034229e-004
 8.5005892e-004
 8.3854800e-004
 8.2631898e-004
 8.1388908e-004
 8.0173911e-004
 7.9028349e-004
 7.7986933e-004
 7.7081088e-004
 7.6341553e-004
 7.5802463e-004
 7.5502350e-004
 7.5482548e-004
 7.5782189e-004
 7.6429517e-004
 7.7430648e-004
 7.8758033e-004
 8.0341846e-004
 8.2064682e-004
 8.3766296e-004
 8.5254421e-004
 8.6326338e-004
 8.6796412e-004
 8.6525176e-004
 8.5446873e-004
 8.3588541e-004
 8.1076805e-004
 7.8127853e-004
 7.5025583e-004
 7.2085141e-004
 6.9609931e-004
 6.7852653e-004
 6.6979747e-004
 6.7053153e-004
 6.8026024e-004
 6.9757144e-004
 7.2037097e-004
 7.4625260e-004
 7.7284960e-004
 7.9816265e-004
 8.2078809e-004
 8.3998824e-004
 8.5567310e-004
 8.6823746e-004
 8.7835814e-004
 8.8676950e-004
 8.9406164e-004
 9.0056553e-004
 9.0631458e-004
 9.1110810e-004
 9.1464672e-004
 9.1670541e-004
 9.1731217e-004
 9.1688230e-004
 9.1627694e-004
 9.1676606e-004
 9.1989769e-004
 9.2729018e-004
 9.4038993e-004
 9.6022111e-004
 9.8720321e-004
 1.0210243e-003
 1.0606195e-003
 1.1042655e-003
 1.1497171e-003
 1.1944787e-003
 1.2360216e-003
 1.2720460e-003
 1.3007136e-003
 1.3207388e-003
 1.3314475e-003
 1.3327377e-003
 1.3250345e-003
 1.3092043e-003
 1.2864691e-003
 1.2582929e-003
 1.2263565e-003
 1.1924747e-003
 1.1584827e-003
 1.1261523e-003
 1.0970699e-003
 1.0725248e-003
 1.0534492e-003
 1.0403590e-003
 1.0333849e-003
 1.0323245e-003
 1.0367492e-003
 1.0461294e-003
 1.0599630e-003
 1.0778585e-003
 1.0995814e-003
 1.1250561e-003
 1.1542711e-003
 1.1871862e-003
 1.2235770e-003
 1.2629192e-003
 1.3043165e-003
 1.3464306e-003
 1.3875352e-003
 1.4255682e-003
 1.4583189e-003
 1.4836757e-003
 1.4998802e-003
 1.5058251e-003
 1.5012898e-003
 1.4870904e-003
 1.4650886e-003
 1.4380532e-003
 1.4093710e-003
 1.3826336e-003
 1.3611995e-003
 1.3477139e-003
 1.3437456e-003
 1.3495315e-003
 1.3639188e-003
 1.3844898e-003
 1.4078943e-003
 1.4302984e-003
 1.4479376e-003
 1.4576659e-003
 1.4574082e-003
 1.4464793e-003
 1.4256970e-003
 1.3972825e-003
 1.3645461e-003
 1.3314572e-003
 1.3021023e-003
 1.2801426e-003
 1.2683781e-003
 1.2684100e-003
 1.2805104e-003
 1.3036574e-003
 1.3357615e-003
 1.3739803e-003
 1.4151493e-003
 1.4561550e-003
 1.4942987e-003
 1.5275627e-003
 1.5547127e-003
 1.5753394e-003
 1.5897396e-003
 1.5987582e-003
 1.6035776e-003
 1.6054998e-003
 1.6057644e-003
 1.6054080e-003
 1.6051809e-003
 1.6055163e-003
 1.6065448e-003
 1.6081393e-003
 1.6099745e-003
 1.6115909e-003
 1.6124533e-003
 1.6120001e-003
 1.6096875e-003
 1.6050276e-003
 1.5976313e-003
 1.5872474e-003
 1.5738142e-003
 1.5575039e-003
 1.5387490e-003
 1.5182705e-003
 1.4970445e-003
 1.4762654e-003
 1.4572487e-003
 1.4413039e-003
 1.4296114e-003
 1.4230699e-003
 1.4221914e-003
 1.4270156e-003
 1.4370914e-003
 1.4515035e-003
 1.4689709e-003
 1.4879649e-003
 1.5068662e-003
 1.5241258e-003
 1.5383860e-003
 1.5485905e-003
 1.5540469e-003
 1.5544355e-003
 1.5497979e-003
 1.5404966e-003
 1.5271687e-003
 1.5106699e-003
 1.4920398e-003
 1.4724428e-003
 1.4531418e-003
 1.4354397e-003
 1.4206028e-003
 1.4097864e-003
 1.4039204e-003
 1.4036167e-003
 1.4090725e-003
 1.4200031e-003
 1.4356456e-003
 1.4548636e-003
 1.4762465e-003
 1.4982437e-003
 1.5193007e-003
 1.5379552e-003
 1.5529424e-003
 1.5632083e-003
 1.5679289e-003
 1.5665607e-003
 1.5588511e-003
 1.5448302e-003
 1.5247674e-003
 1.4991318e-003
 1.4685141e-003
 1.4335969e-003
 1.3951029e-003
 1.3537422e-003
 1.3102345e-003
 1.2659003e-003
 1.2193732e-003
 1.1727865e-003
 1.1268130e-003
 1.0821434e-003
 1.0394284e-003
 9.9930016e-004
 9.6235884e-004
 9.2916656e-004
 9.0028346e-004
 8.7623671e-004
 8.5753581e-004
 8.4463193e-004
 8.3786913e-004
 8.3743868e-004
 8.4334350e-004
 8.5539278e-004
 8.7320094e-004
 8.9624635e-004
 9.2391286e-004
 9.5553818e-004
 9.9045865e-004
 1.0280057e-003
 1.0675645e-003
 1.1085726e-003
 1.1505589e-003
 1.1931716e-003
 1.2361341e-003
 1.2792610e-003
 1.3223917e-003
 1.3653793e-003
 1.4080782e-003
 1.4502703e-003
 1.4916465e-003
 1.5316977e-003
 1.5696641e-003
 1.6045221e-003
 1.6349837e-003
 1.6595800e-003
 1.6767464e-003
 1.6848831e-003
 1.6824651e-003
 1.6681832e-003
 1.6411955e-003
 1.6014188e-003
 1.5498317e-003
 1.4885486e-003
 1.4207480e-003
 1.3503792e-003
 1.2818158e-003
 1.2196363e-003
 1.1683138e-003
 1.1319603e-003
 1.1138455e-003
 1.1158349e-003
 1.1379000e-003
 1.1779186e-003
 1.2318644e-003
 1.2943094e-003
 1.3590246e-003
 1.4194056e-003
 1.4689189e-003
 1.5014751e-003
 1.5120383e-003
 1.4973335e-003
 1.4564680e-003
 1.3912038e-003
 1.3056649e-003
 1.2057680e-003
 1.0984304e-003
 9.9106168e-004
 8.9108385e-004
 8.0546271e-004
 7.4023206e-004
 6.9974415e-004
 6.8613864e-004
 6.9906528e-004
 7.3594187e-004
 7.9252623e-004
 8.6361426e-004
 9.4353192e-004
 1.0265204e-003
 1.1070734e-003
 1.1802134e-003
 1.2419657e-003
 1.2896426e-003
 1.3220191e-003
 1.3391953e-003
 1.3422293e-003
 1.3327693e-003
 1.3127440e-003
 1.2841986e-003
 1.2491904e-003
 1.2097689e-003
 1.1679414e-003
 1.1256377e-003
 1.0847378e-003
 1.0470391e-003
 1.0143057e-003
 9.8826492e-004
 9.7059470e-004
 9.6289662e-004
 9.6656213e-004
 9.8257337e-004
 1.0112216e-003
 1.0518807e-003
 1.1028807e-003
 1.1616448e-003
 1.2248955e-003
 1.2889503e-003
 1.3499849e-003
 1.4041770e-003
 1.4479851e-003
 1.4784116e-003
 1.4934139e-003
 1.4922412e-003
 1.4755609e-003
 1.4453355e-003
 1.4044628e-003
 1.3564215e-003
 1.3049220e-003
 1.2537184e-003
 1.2063858e-003
 1.1660538e-003
 1.1351459e-003
 1.1150818e-003
 1.1062000e-003
 1.1078465e-003
 1.1186403e-003
 1.1367622e-003
 1.1601956e-003
 1.1868650e-003
 1.2147505e-003
 1.2420065e-003
 1.2670595e-003
 1.2887357e-003
 1.3062822e-003
 1.3193364e-003
 1.3278259e-003
 1.3318482e-003
 1.3315924e-003
 1.3272994e-003
 1.3192655e-003
 1.3078762e-003
 1.2936684e-003
 1.2773811e-003
 1.2599692e-003
 1.2425962e-003
 1.2265643e-003
 1.2132664e-003
 1.2041208e-003
 1.2005066e-003
 1.2036791e-003
 1.2146250e-003
 1.2338812e-003
 1.2613720e-003
 1.2963582e-003
 1.3374772e-003
 1.3829368e-003
 1.4306644e-003
 1.4784709e-003
 1.5241858e-003
 1.5657397e-003
 1.6013372e-003
 1.6296529e-003
 1.6499682e-003
 1.6622650e-003
 1.6671399e-003
 1.6656510e-003
 1.6591295e-003
 1.6490353e-003
 1.6368517e-003
 1.6240169e-003
 1.6118378e-003
 1.6013915e-003
 1.5934537e-003
 1.5884560e-003
 1.5865264e-003
 1.5875649e-003
 1.5913349e-003
 1.5975281e-003
 1.6058009e-003
 1.6157723e-003
 1.6270026e-003
 1.6389654e-003
 1.6510047e-003
 1.6623329e-003
 1.6720353e-003
 1.6791077e-003
 1.6824979e-003
 1.6811428e-003
 1.6740261e-003
 1.6602649e-003
 1.6392643e-003
 1.6108928e-003
 1.5756658e-003
 1.5348097e-003
 1.4901755e-003
 1.4441045e-003
 1.3991932e-003
 1.3581699e-003
 1.3237068e-003
 1.2983038e-003
 1.2839918e-003
 1.2820684e-003
 1.2928215e-003
 1.3154186e-003
 1.3480202e-003
 1.3880534e-003
 1.4324758e-003
 1.4780806e-003
 1.5216609e-003
 1.5601644e-003
 1.5910029e-003
 1.6123091e-003
 1.6231900e-003
 1.6238636e-003
 1.6155300e-003
 1.6001130e-003
 1.5799812e-003
 1.5576839e-003
 1.5357801e-003
 1.5166875e-003
 1.5024357e-003
 1.4944322e-003
 1.4932377e-003
 1.4984621e-003
 1.5088692e-003
 1.5225875e-003
 1.5373811e-003
 1.5508533e-003
 1.5606170e-003
 1.5644589e-003
 1.5605846e-003
 1.5478855e-003
 1.5262029e-003
 1.4964119e-003
 1.4603205e-003
 1.4204556e-003
 1.3797272e-003
 1.3412251e-003
 1.3080148e-003
 1.2829615e-003
 1.2684019e-003
 1.2658369e-003
 1.2756188e-003
 1.2968250e-003
 1.3273950e-003
 1.3643991e-003
 1.4044293e-003
 1.4438645e-003
 1.4790643e-003
 1.5066572e-003
 1.5238081e-003
 1.5286016e-003
 1.5203699e-003
 1.4998334e-003
 1.4689511e-003
 1.4306258e-003
 1.3882854e-003
 1.3455949e-003
 1.3062614e-003
 1.2737531e-003
 1.2510623e-003
 1.2403588e-003
 1.2427024e-003
 1.2579070e-003
 1.2846821e-003
 1.3208938e-003
 1.3639361e-003
 1.4109861e-003
 1.4591500e-003
 1.5056889e-003
 1.5481574e-003
 1.5846347e-003
 1.6138770e-003
 1.6354461e-003
 1.6495995e-003
 1.6571040e-003
 1.6590472e-003
 1.6566577e-003
 1.6512045e-003
 1.6439182e-003
 1.6359157e-003
 1.6281274e-003
 1.6212151e-003
 1.6155512e-003
 1.6112443e-003
 1.6082122e-003
 1.6062534e-003
 1.6051116e-003
 1.6045144e-003
 1.6041957e-003
 1.6039172e-003
 1.6034907e-003
 1.6027946e-003
 1.6017822e-003
 1.6004738e-003
 1.5989401e-003
 1.5972808e-003
 1.5956092e-003
 1.5940431e-003
 1.5926942e-003
 1.5916616e-003
 1.5910224e-003
 1.5908225e-003
 1.5910744e-003
 1.5917600e-003
 1.5928383e-003
 1.5942553e-003
 1.5959507e-003
 1.5978602e-003
 1.5999211e-003
 1.6020716e-003
 1.6042506e-003
 1.6064019e-003
 1.6084726e-003
 1.6104113e-003
 1.6121708e-003
 1.6137047e-003
 1.6149684e-003
 1.6159185e-003
 1.6165180e-003
 1.6167404e-003
 1.6165762e-003
 1.6160402e-003
 1.6151733e-003
 1.6140406e-003
 1.6127242e-003
 1.6113163e-003
 1.6099146e-003
 1.6086143e-003
 1.6075040e-003
 1.6066560e-003
 1.6061171e-003
 1.6058970e-003
 1.6059660e-003
 1.6062582e-003
 1.6066810e-003
 1.6071267e-003
 1.6074801e-003
 1.6076274e-003
 1.6074625e-003
 1.6068986e-003
 1.6058802e-003
 1.6043949e-003
 1.6024769e-003
 1.6002053e-003
 1.5976890e-003
 1.5950555e-003
 1.5924426e-003
 1.5899870e-003
 1.5878184e-003
 1.5860527e-003
 1.5847773e-003
 1.5840437e-003
 1.5838636e-003
 1.5842124e-003
 1.5850384e-003
 1.5862744e-003
 1.5878445e-003
 1.5896711e-003
 1.5916777e-003
 1.5937883e-003
 1.5959340e-003
 1.5980524e-003
 1.6000890e-003
 1.6019946e-003
 1.6037269e-003
 1.6052468e-003
 1.6065160e-003
 1.6075006e-003
 1.6081722e-003
 1.6085136e-003
 1.6085277e-003
 1.6082432e-003
 1.6077184e-003
 1.6070374e-003
 1.6063038e-003
 1.6056324e-003
 1.6051427e-003
 1.6049524e-003
 1.6051698e-003
 1.6058835e-003
 1.6071482e-003
 1.6089738e-003
 1.6113183e-003
 1.6140955e-003
 1.6171851e-003
 1.6204478e-003
 1.6237333e-003
 1.6268929e-003
 1.6297859e-003
 1.6322869e-003
 1.6343034e-003
 1.6357829e-003
 1.6367178e-003
 1.6371424e-003
 1.6371210e-003
 1.6367355e-003
 1.6360773e-003
 1.6352389e-003
 1.6343103e-003
 1.6333754e-003
 1.6325044e-003
 1.6317508e-003
 1.6311499e-003
 1.6307193e-003
 1.6304645e-003
 1.6303831e-003
 1.6304691e-003
 1.6307149e-003
 1.6311114e-003
 1.6316479e-003
 1.6323118e-003
 1.6330871e-003
 1.6339535e-003
 1.6348888e-003
 1.6358678e-003
 1.6368633e-003
 1.6378487e-003
 1.6387969e-003
 1.6396822e-003
 1.6404805e-003
 1.6411721e-003
 1.6417425e-003
 1.6421824e-003
 1.6424881e-003
 1.6426593e-003
 1.6426985e-003
 1.6426091e-003
 1.6423957e-003
 1.6420641e-003
 1.6416229e-003
 1.6410847e-003
 1.6404678e-003
 1.6397972e-003
 1.6391034e-003
 1.6384209e-003
 1.6377867e-003
 1.6372385e-003
 1.6368115e-003
 1.6365356e-003
 1.6364279e-003
 1.6364851e-003
 1.6366759e-003
 1.6369382e-003
 1.6371820e-003
 1.6372969e-003
 1.6371608e-003
 1.6366490e-003
 1.6356440e-003
 1.6340524e-003
 1.6318301e-003
 1.6290158e-003
 1.6257627e-003
 1.6223467e-003
 1.6191573e-003
 1.6166659e-003
 1.6153948e-003
 1.6158849e-003
 1.6186758e-003
 1.6242763e-003
 1.6331332e-003
 1.6455894e-003
 1.6618329e-003
 1.6818994e-003
 1.7056767e-003
 1.7329525e-003
 1.7634315e-003
 1.7968100e-003
 1.8327893e-003
 1.8710771e-003
 1.9114793e-003
 1.9539262e-003
 1.9984844e-003
 2.0454354e-003
 2.0952292e-003
 2.1484019e-003
 2.2055949e-003
 2.2674578e-003
 2.3346229e-003
 2.4075562e-003
 2.4865216e-003
 2.5713753e-003
 2.6613502e-003
 2.7551160e-003
 2.8507842e-003
 2.9459835e-003
 3.0381682e-003
 3.1246678e-003
 3.2028432e-003
 3.2701432e-003
 3.3243920e-003
 3.3639388e-003
 3.3878323e-003
 3.3959581e-003
 3.3889136e-003
 3.3678403e-003
 3.3341974e-003
 3.2895855e-003
 3.2356826e-003
 3.1741115e-003
 3.1064169e-003
 3.0339730e-003
 2.9579976e-003
 2.8794250e-003
 2.7989768e-003
 2.7172798e-003
 2.6348103e-003
 2.5519992e-003
 2.4693226e-003
 2.3872028e-003
 2.3061023e-003
 2.2265005e-003
 2.1489833e-003
 2.0741334e-003
 2.0025864e-003
 1.9350647e-003
 1.8722581e-003
 1.8148622e-003
 1.7635898e-003
 1.7190430e-003
 1.6816959e-003
 1.6517793e-003
 1.6292235e-003
 1.6135807e-003
 1.6040887e-003
 1.5997540e-003
 1.5994349e-003
 1.6019321e-003
 1.6060419e-003
 1.6106184e-003
 1.6146478e-003
 1.6173355e-003
 1.6181914e-003
 1.6170591e-003
 1.6140826e-003
 1.6096298e-003
 1.6041982e-003
 1.5983444e-003
 1.5926393e-003
 1.5876185e-003
 1.5837412e-003
 1.5813372e-003
 1.5805551e-003
 1.5813474e-003
 1.5834875e-003
 1.5866131e-003
 1.5902828e-003
 1.5940203e-003
 1.5973451e-003
 1.5998140e-003
 1.6010639e-003
 1.6008707e-003
 1.5992022e-003
 1.5962366e-003
 1.5923395e-003
 1.5880030e-003
 1.5837912e-003
 1.5802903e-003
 1.5780707e-003
 1.5776327e-003
 1.5793458e-003
 1.5833685e-003
 1.5895844e-003
 1.5975704e-003
 1.6066101e-003
 1.6157699e-003
 1.6239772e-003
 1.6300998e-003
 1.6329938e-003
 1.6315405e-003
 1.6246539e-003
 1.6113000e-003
 1.5914714e-003
 1.5690421e-003
 1.5330438e-003
 1.4924458e-003
 1.4488820e-003
 1.4039943e-003
 1.3594137e-003
 1.3168037e-003
 1.2777951e-003
 1.2440295e-003
 1.2171491e-003
 1.1986271e-003
 1.1884087e-003
 1.1855848e-003
 1.1892432e-003
 1.1984741e-003
 1.2123605e-003
 1.2299919e-003
 1.2504559e-003
 1.2728457e-003
 1.2962380e-003
 1.3197256e-003
 1.3423965e-003
 1.3633425e-003
 1.3816418e-003
 1.3964607e-003
 1.4076363e-003
 1.4153677e-003
 1.4198583e-003
 1.4213090e-003
 1.4199233e-003
 1.4159040e-003
 1.4094523e-003
 1.4007734e-003
 1.3900690e-003
 1.3775418e-003
 1.3633905e-003
 1.3478249e-003
 1.3310444e-003
 1.3132513e-003
 1.2946489e-003
 1.2754343e-003
 1.2558200e-003
 1.2359981e-003
 1.2161124e-003
 1.1962747e-003
 1.1766106e-003
 1.1572314e-003
 1.1382535e-003
 1.1197885e-003
 1.1019615e-003
 1.0848840e-003
 1.0686723e-003
 1.0534424e-003
 1.0393073e-003
 1.0263900e-003
 1.0148031e-003
 1.0046625e-003
 9.9608279e-004
 9.8918390e-004
 9.8408014e-004
 9.8088756e-004
 9.7972201e-004
 9.8070048e-004
 9.8393846e-004
 9.8953117e-004
 9.9739642e-004
 1.0073548e-003
 1.0192307e-003
 1.0328481e-003
 1.0480301e-003
 1.0646039e-003
 1.0823852e-003
 1.1012012e-003
 1.1208752e-003
 1.1412352e-003
 1.1620955e-003
 1.1832835e-003
 1.2046228e-003
 1.2259419e-003
 1.2470540e-003
 1.2677875e-003
 1.2879657e-003
 1.3074119e-003
 1.3259539e-003
 1.3434062e-003
 1.3595966e-003
 1.3743484e-003
 1.3874881e-003
 1.3988325e-003
 1.4082086e-003
 1.4154619e-003
 1.4206261e-003
 1.4238227e-003
 1.4251784e-003
 1.4248178e-003
 1.4228661e-003
 1.4194472e-003
 1.4146877e-003
 1.4087119e-003
 1.4016444e-003
 1.3936085e-003
 1.3847329e-003
 1.3751406e-003
 1.3649566e-003
 1.3543032e-003
 1.3433105e-003
 1.3321008e-003
 1.3207993e-003
 1.3095279e-003
 1.2984175e-003
 1.2875897e-003
 1.2771694e-003
 1.2672822e-003
 1.2580503e-003
 1.2496032e-003
 1.2420639e-003
 1.2355568e-003
 1.2302060e-003
 1.2261389e-003
 1.2234792e-003
 1.2223355e-003
 1.2226907e-003
 1.2244663e-003
 1.2275847e-003
