s07_ASD Record=1036:  error bars to preceding                
 9.4415923e-004
 9.8679622e-004
 1.0072932e-003
 9.9953683e-004
 9.6295628e-004
 9.0327655e-004
 8.3033927e-004
 7.5495528e-004
 6.8626477e-004
 6.3024793e-004
 5.8959797e-004
 5.6446827e-004
 5.5343588e-004
 5.5408751e-004
 5.6320615e-004
 5.7718687e-004
 5.9256324e-004
 6.0645997e-004
 6.1683229e-004
 6.2262057e-004
 6.2382198e-004
 6.2138529e-004
 6.1687588e-004
 6.1198685e-004
 6.0806377e-004
 6.0570025e-004
 6.0444768e-004
 6.0312659e-004
 6.0089852e-004
 5.9818139e-004
 5.9666124e-004
 5.9850822e-004
 6.0560089e-004
 6.1920856e-004
 6.3923979e-004
 6.6360150e-004
 6.8898179e-004
 7.1211468e-004
 7.3090184e-004
 7.4491411e-004
 7.5475127e-004
 7.6064398e-004
 7.6146767e-004
 7.5514964e-004
 7.4032770e-004
 7.1792491e-004
 6.9125462e-004
 6.6448224e-004
 6.4066635e-004
 6.2078272e-004
 6.0418533e-004
 5.8980443e-004
 5.7713583e-004
 5.6660979e-004
 5.5942632e-004
 5.5710599e-004
 5.6061428e-004
 5.6921277e-004
 5.8055588e-004
 5.9042621e-004
 5.9326791e-004
 5.8896875e-004
 5.7899277e-004
 5.6458137e-004
 5.4873619e-004
 5.3527742e-004
 5.2617613e-004
 5.2210677e-004
 5.2332703e-004
 5.2959629e-004
 5.3987291e-004
 5.5206765e-004
 5.6330161e-004
 5.7054544e-004
 5.7135930e-004
 5.6449970e-004
 5.5021729e-004
 5.3023675e-004
 5.0748716e-004
 4.8562666e-004
 4.6831550e-004
 4.5830046e-004
 4.5654058e-004
 4.6180637e-004
 4.7112835e-004
 4.8117599e-004
 4.9010577e-004
 4.9889687e-004
 5.1107327e-004
 5.3042657e-004
 5.5770500e-004
 5.8847445e-004
 6.1416894e-004
 6.2631059e-004
 6.2128674e-004
 6.0257089e-004
 5.7897094e-004
 5.5975630e-004
 5.5016467e-004
 5.5059104e-004
 5.5893708e-004
 5.7333586e-004
 5.9318572e-004
 6.1844802e-004
 6.4839877e-004
 6.8131951e-004
 7.1574905e-004
 7.5162732e-004
 7.8901509e-004
 8.2449015e-004
 8.4899762e-004
 8.5137575e-004
 8.2654750e-004
 7.8113691e-004
 7.3025801e-004
 6.8785169e-004
 6.5939408e-004
 6.4242375e-004
 6.3203997e-004
 6.2517752e-004
 6.2116468e-004
 6.2025717e-004
 6.2240119e-004
 6.2699942e-004
 6.3345453e-004
 6.4179680e-004
 6.5249263e-004
 6.6516362e-004
 6.7733868e-004
 6.8495638e-004
 6.8511820e-004
 6.7947141e-004
 6.7552016e-004
 6.8406324e-004
 7.1316800e-004
 7.6158199e-004
 8.1611879e-004
 8.5649453e-004
 8.6603977e-004
 8.4106403e-004
 7.9163059e-004
 7.3376077e-004
 6.8042142e-004
 6.3824543e-004
 6.0978276e-004
 5.9599261e-004
 5.9567654e-004
 6.0412602e-004
 6.1474188e-004
 6.2333466e-004
 6.3122477e-004
 6.4441870e-004
 6.6912430e-004
 7.0551666e-004
 7.4347568e-004
 7.6563336e-004
 7.5864926e-004
 7.2421198e-004
 6.7869935e-004
 6.4116961e-004
 6.2158069e-004
 6.1981619e-004
 6.3389301e-004
 6.6667650e-004
 7.2293129e-004
 7.9890050e-004
 8.7539456e-004
 9.2401449e-004
 9.2400814e-004
 8.7554974e-004
 7.9821545e-004
 7.1903702e-004
 6.6192425e-004
 6.4140768e-004
 6.5694976e-004
 6.9095410e-004
 7.1813859e-004
 7.2229316e-004
 7.0567633e-004
 6.8387738e-004
 6.7338324e-004
 6.8162766e-004
 7.0336973e-004
 7.2411622e-004
 7.2955113e-004
 7.1514986e-004
 6.8814098e-004
 6.6052366e-004
 6.4047956e-004
 6.2997150e-004
 6.2847906e-004
 6.3576241e-004
 6.4898032e-004
 6.5907353e-004
 6.5481948e-004
 6.3365512e-004
 6.0719834e-004
 5.9170090e-004
 5.9039012e-004
 5.8826827e-004
 5.6879700e-004
 5.3362409e-004
 5.0159812e-004
 4.9272476e-004
 5.1901024e-004
 5.8248948e-004
 6.6788337e-004
 7.4070180e-004
 7.7012618e-004
 7.5910409e-004
 7.4236357e-004
 7.5047440e-004
 7.8007893e-004
 7.9975952e-004
 7.8235788e-004
 7.3376863e-004
 6.9281552e-004
 6.9767912e-004
 7.4578065e-004
 7.9331698e-004
 8.0551149e-004
 7.9686032e-004
 8.0196495e-004
 8.1799569e-004
 8.0568338e-004
 7.4398017e-004
 6.5657776e-004
 5.8306090e-004
 5.4375216e-004
 5.3417700e-004
 5.3775602e-004
 5.3782435e-004
 5.2540831e-004
 5.0258782e-004
 4.8102849e-004
 4.8131717e-004
 5.3310744e-004
 6.5856089e-004
 8.3609752e-004
 9.9043665e-004
 1.0478022e-003
 1.0040110e-003
 9.1865374e-004
 8.4620080e-004
 7.9491670e-004
 7.5306487e-004
 7.3241926e-004
 7.6196645e-004
 8.3091314e-004
 8.6967647e-004
 8.3269691e-004
 7.7035569e-004
 7.6916756e-004
 8.4488501e-004
 9.2908967e-004
 9.5223007e-004
 9.0720260e-004
 8.3357713e-004
 7.6862844e-004
 7.2314171e-004
 6.9260743e-004
 6.7602959e-004
 6.7722908e-004
 6.9176452e-004
 7.0248422e-004
 6.9562753e-004
 6.7864987e-004
 6.7144149e-004
 6.8021961e-004
 6.9811643e-004
 7.2981714e-004
 7.8154140e-004
 8.2806044e-004
 8.3083496e-004
 7.8418053e-004
 7.1701175e-004
 6.6860876e-004
 6.7316077e-004
 7.3342194e-004
 7.9796393e-004
 7.9509738e-004
 7.0746848e-004
 6.0150091e-004
 5.5587367e-004
 5.7970651e-004
 6.2324933e-004
 6.3866837e-004
 6.1799982e-004
 5.8983261e-004
 5.8964506e-004
 6.2946859e-004
 6.8791135e-004
 7.2910561e-004
 7.3440024e-004
 7.1273424e-004
 6.8119704e-004
 6.4560870e-004
 6.0253189e-004
 5.5219553e-004
 5.0595630e-004
 4.8334998e-004
 4.9950747e-004
 5.4726820e-004
 5.9013040e-004
 5.8635976e-004
 5.3007068e-004
 4.5909523e-004
 4.1717556e-004
 4.1943861e-004
 4.5474741e-004
 5.0562283e-004
 5.5935967e-004
 6.0660683e-004
 6.3774252e-004
 6.4790039e-004
 6.4635329e-004
 6.5083656e-004
 6.6858780e-004
 6.8903388e-004
 6.9554854e-004
 6.8296638e-004
 6.6057855e-004
 6.4332056e-004
 6.4306374e-004
 6.6258549e-004
 6.9358147e-004
 7.2236510e-004
 7.4166153e-004
 7.5805496e-004
 7.8478770e-004
 8.2358904e-004
 8.5339101e-004
 8.4123237e-004
 7.6978462e-004
 6.5606128e-004
 5.4088066e-004
 4.5803544e-004
 4.1266961e-004
 3.8803852e-004
 3.7090524e-004
 3.6865109e-004
 4.0047534e-004
 4.7058071e-004
 5.5120641e-004
 5.9820840e-004
 5.9144729e-004
 5.6092825e-004
 5.6507526e-004
 6.3724536e-004
 7.5136888e-004
 8.3916029e-004
 8.4327970e-004
 7.5920444e-004
 6.3959043e-004
 5.4727501e-004
 5.0510565e-004
 4.9983175e-004
 5.1158905e-004
 5.3242012e-004
 5.4966990e-004
 5.4221443e-004
 5.2418053e-004
 5.5128516e-004
 6.2986102e-004
 6.7320035e-004
 6.2077655e-004
 5.3545949e-004
 5.0778117e-004
 5.3709891e-004
 5.7010388e-004
 5.8679393e-004
 5.9818703e-004
 6.0776254e-004
 6.1249454e-004
 6.1721745e-004
 6.2433159e-004
 6.2427513e-004
 6.1345886e-004
 6.0734048e-004
 6.1896525e-004
 6.3892204e-004
 6.5146841e-004
 6.5546983e-004
 6.5640628e-004
 6.5079978e-004
 6.3048402e-004
 5.9906527e-004
 5.8135577e-004
 6.0863735e-004
 6.8054703e-004
 7.5280585e-004
 7.8312308e-004
 7.7279948e-004
 7.4637344e-004
 7.1731745e-004
 6.9027185e-004
 6.7178998e-004
 6.6041667e-004
 6.3991226e-004
 5.8596366e-004
 5.0608651e-004
 4.5034828e-004
 4.4639676e-004
 4.7262543e-004
 5.0083036e-004
 5.2297703e-004
 5.4848497e-004
 5.8782205e-004
 6.3691207e-004
 6.7681127e-004
 6.8882940e-004
 6.6897419e-004
 6.2830857e-004
 5.8452890e-004
 5.5968849e-004
 5.7781936e-004
 6.5031188e-004
 7.5123413e-004
 8.2100515e-004
 8.0946519e-004
 7.2316080e-004
 6.2485773e-004
 5.8111741e-004
 6.0882099e-004
 6.7658763e-004
 7.4472371e-004
 7.8649929e-004
 7.8932010e-004
 7.4838119e-004
 6.8224425e-004
 5.8691844e-004
 4.9819896e-004
 4.3681069e-004
 4.0539773e-004
 3.9936337e-004
 4.1409416e-004
 4.4486899e-004
 4.8630906e-004
 5.3276855e-004
 5.7860557e-004
 6.1846210e-004
 6.4897438e-004
 6.6757214e-004
 6.7168754e-004
 6.5976538e-004
 6.3695275e-004
 6.1111414e-004
 5.9011992e-004
 5.8063661e-004
 5.8128731e-004
 5.8865902e-004
 5.9532415e-004
 5.9750630e-004
 5.9352664e-004
 5.8456243e-004
 5.7191175e-004
 5.5687764e-004
 5.4092595e-004
 5.2931620e-004
 5.3107593e-004
 5.5539340e-004
 6.1144895e-004
 7.0767745e-004
 8.3528523e-004
 9.6857356e-004
 1.0810667e-003
 1.1463428e-003
 1.1391136e-003
 1.0600896e-003
 9.3547645e-004
 7.9250429e-004
 6.5846212e-004
 5.6058605e-004
 5.1880663e-004
 5.2466139e-004
 5.6278822e-004
 6.1781728e-004
 6.7439832e-004
 7.1715692e-004
 7.3449221e-004
 7.2922808e-004
 7.0766406e-004
 6.7610567e-004
 6.4084609e-004
 6.0819415e-004
 5.8444490e-004
 5.7497353e-004
 5.8163534e-004
 6.0544565e-004
 6.4741261e-004
 7.0856023e-004
 7.8988756e-004
 8.9242798e-004
 1.0171710e-003
 1.1634025e-003
 1.3237200e-003
 1.4892315e-003
 1.6509688e-003
 1.8000404e-003
 1.9274823e-003
 2.0243851e-003
 2.0818254e-003
 2.0939989e-003
 2.0668192e-003
 2.0089294e-003
 1.9289530e-003
 1.8355456e-003
 1.7373228e-003
 1.6429439e-003
 1.5610247e-003
 1.4982512e-003
 1.4540149e-003
 1.4260591e-003
 1.4121105e-003
 1.4099025e-003
 1.4171682e-003
 1.4316422e-003
 1.4510535e-003
 1.4731395e-003
 1.4956276e-003
 1.5162554e-003
 1.5327510e-003
 1.5434177e-003
 1.5486062e-003
 1.5491375e-003
 1.5458310e-003
 1.5395052e-003
 1.5309812e-003
 1.5210776e-003
 1.5106126e-003
 1.5004079e-003
 1.4912810e-003
 1.4840531e-003
 1.4795421e-003
 1.4783348e-003
 1.4801816e-003
 1.4846467e-003
 1.4912965e-003
 1.4996940e-003
 1.5094063e-003
 1.5199953e-003
 1.5310291e-003
 1.5420697e-003
 1.5526832e-003
 1.5624358e-003
 1.5708853e-003
 1.5775788e-003
 1.5820556e-003
 1.5838582e-003
 1.5825273e-003
 1.5776040e-003
 1.5686303e-003
 1.5551460e-003
 1.5366948e-003
 1.5128141e-003
 1.4834024e-003
 1.4495713e-003
 1.4126934e-003
 1.3741555e-003
 1.3353261e-003
 1.2975924e-003
 1.2623231e-003
 1.2309048e-003
 1.2047075e-003
 1.1851157e-003
 1.1729845e-003
 1.1674096e-003
 1.1671035e-003
 1.1707811e-003
 1.1771573e-003
 1.1849455e-003
 1.1928604e-003
 1.1996175e-003
 1.2039300e-003
 1.2045129e-003
 1.2005476e-003
 1.1927887e-003
 1.1823257e-003
 1.1702433e-003
 1.1576319e-003
 1.1455755e-003
 1.1351648e-003
 1.1274845e-003
 1.1236235e-003
 1.1241720e-003
 1.1280689e-003
 1.1339078e-003
 1.1402848e-003
 1.1457928e-003
 1.1490276e-003
 1.1485829e-003
 1.1430533e-003
 1.1315343e-003
 1.1147636e-003
 1.0938244e-003
 1.0697908e-003
 1.0437476e-003
 1.0167680e-003
 9.8993734e-004
 9.6433156e-004
 9.4134570e-004
 9.2342071e-004
 9.1320032e-004
 9.1333390e-004
 9.2646887e-004
 9.5524936e-004
 1.0023298e-003
 1.0703452e-003
 1.1593325e-003
 1.2608243e-003
 1.3646933e-003
 1.4520849e-003
 1.5248811e-003
 1.5687029e-003
 1.5769104e-003
 1.5490942e-003
 1.4901501e-003
 1.4085948e-003
 1.3146921e-003
 1.2191893e-003
 1.1321241e-003
 1.0611789e-003
 1.0105233e-003
 9.8173239e-004
 9.7522448e-004
 9.9075306e-004
 1.0267847e-003
 1.0794646e-003
 1.1422483e-003
 1.2065624e-003
 1.2630090e-003
 1.3027142e-003
 1.3191378e-003
 1.3099441e-003
 1.2776932e-003
 1.2287503e-003
 1.1713643e-003
 1.1139200e-003
 1.0634622e-003
 1.0245673e-003
 9.9899911e-004
 9.8624057e-004
 9.8444568e-004
 9.9119055e-004
 1.0038678e-003
 1.0198308e-003
 1.0364439e-003
 1.0511150e-003
 1.0613999e-003
 1.0652343e-003
 1.0612933e-003
 1.0145614e-003
 1.0039206e-003
 9.9138904e-004
 9.7798370e-004
 9.6493470e-004
 9.5357909e-004
 9.4523741e-004
 9.4111287e-004
 9.4217667e-004
 9.4904646e-004
 9.6189050e-004
 9.8036253e-004
 1.0035945e-003
 1.0302438e-003
 1.0586733e-003
 1.0871548e-003
 1.1140495e-003
 1.1380315e-003
 1.1582350e-003
 1.1743850e-003
 1.1868309e-003
 1.1964884e-003
 1.2047334e-003
 1.2132198e-003
 1.2236966e-003
 1.2378229e-003
 1.2569000e-003
 1.2816149e-003
 1.3117994e-003
 1.3463047e-003
 1.3831073e-003
 1.4195403e-003
 1.4526681e-003
 1.4796344e-003
 1.4980217e-003
 1.5061308e-003
 1.5031582e-003
 1.4892641e-003
 1.4655066e-003
 1.4336737e-003
 1.3960117e-003
 1.3549604e-003
 1.3128647e-003
 1.2717247e-003
 1.2330671e-003
 1.1978303e-003
 1.1664067e-003
 1.1387130e-003
 1.1143272e-003
 1.0926860e-003
 1.0732374e-003
 1.0556098e-003
 1.0397020e-003
 1.0257111e-003
 1.0141081e-003
 1.0055234e-003
 1.0006103e-003
 9.9987281e-004
 1.0035131e-003
 1.0113174e-003
 1.0226106e-003
 1.0362805e-003
 1.0508860e-003
 1.0648334e-003
 1.0765749e-003
 1.0848293e-003
 1.0887656e-003
 1.0881148e-003
 1.0832043e-003
 1.0748913e-003
 1.0644165e-003
 1.0531956e-003
 1.0426131e-003
 1.0338282e-003
 1.0276674e-003
 1.0245850e-003
 1.0247070e-003
 1.0279279e-003
 1.0340161e-003
 1.0426936e-003
 1.0536632e-003
 1.0665866e-003
 1.0810059e-003
 1.0962783e-003
 1.1115132e-003
 1.1255810e-003
 1.1371869e-003
 1.1449896e-003
 1.1477736e-003
 1.1446152e-003
 1.1350245e-003
 1.1190304e-003
 1.0972132e-003
 1.0706650e-003
 1.0408817e-003
 1.0096481e-003
 9.7884284e-004
 9.5028384e-004
 9.2553534e-004
 9.0574066e-004
 8.9151994e-004
 8.8289217e-004
 8.7930931e-004
 8.7976031e-004
 8.8296930e-004
 8.8764855e-004
 8.9276570e-004
 8.9776021e-004
 9.0266316e-004
 9.0807915e-004
 9.1501791e-004
 9.2462270e-004
 9.3783741e-004
 9.5510774e-004
 9.7619172e-004
 1.0001007e-003
 1.0252179e-003
 1.0495528e-003
 1.0710347e-003
 1.0878477e-003
 1.0986567e-003
 1.1027548e-003
 1.1000797e-003
 1.0911262e-003
 1.0767950e-003
 1.0582266e-003
 1.0366470e-003
 1.0132483e-003
 9.8914932e-004
 9.6536387e-004
 9.4284076e-004
 9.2248147e-004
 9.0514676e-004
 8.9165528e-004
 8.8271347e-004
 8.7884266e-004
 8.8026997e-004
 8.8683906e-004
 8.9794945e-004
 9.1255194e-004
 9.2922011e-004
 9.4626850e-004
 9.6194958e-004
 9.7464700e-004
 9.8308339e-004
 9.8648330e-004
 9.8466442e-004
 9.7805622e-004
 9.6763182e-004
 9.5476542e-004
 9.4102725e-004
 9.2797069e-004
 9.1690413e-004
 9.0872752e-004
 9.0382126e-004
 9.0202654e-004
 9.0272073e-004
 9.0496696e-004
 9.0772257e-004
 9.1006892e-004
 9.1142382e-004
 9.1169344e-004
 9.1133662e-004
 9.1131887e-004
 9.1295829e-004
 9.1768842e-004
 9.2677603e-004
 9.4105129e-004
 9.6071581e-004
 9.8524312e-004
 1.0134456e-003
 1.0436283e-003
 1.0738611e-003
 1.1022883e-003
 1.1273772e-003
 1.1481425e-003
 1.1642138e-003
 1.1758241e-003
 1.1836918e-003
 1.1888266e-003
 1.1923283e-003
 1.1951830e-003
 1.1981083e-003
 1.2014548e-003
 1.2051687e-003
 1.2088207e-003
 1.2116783e-003
 1.2128162e-003
 1.2112445e-003
 1.2060341e-003
 1.1964325e-003
 1.1819458e-003
 1.1624008e-003
 1.1379467e-003
 1.1090514e-003
 1.0764478e-003
 1.0410550e-003
 1.0039333e-003
 9.6618349e-004
 9.2892197e-004
 8.9322485e-004
 8.6008332e-004
 8.3040359e-004
 8.0494070e-004
 7.8428007e-004
 7.6877337e-004
 7.5848843e-004
 7.5319340e-004
 7.5235474e-004
 7.5519789e-004
 7.6080282e-004
 7.6823879e-004
 7.7669619e-004
 7.8559876e-004
 7.9466664e-004
 8.0390088e-004
 8.1351917e-004
 8.2382845e-004
 8.3509105e-004
 8.4740884e-004
 8.6063641e-004
 8.7437459e-004
 8.8800036e-004
 9.0075796e-004
 9.1187510e-004
 9.2066609e-004
 9.2663866e-004
 9.2955289e-004
 9.2945853e-004
 9.2669216e-004
 9.2184712e-004
 9.1571640e-004
 9.0922229e-004
 9.0332748e-004
 8.9893903e-004
 8.9681981e-004
 8.9750352e-004
 9.0123946e-004
 9.0796605e-004
 9.1733196e-004
 9.2874898e-004
 9.4148534e-004
 9.5478201e-004
 9.6795108e-004
 9.8047534e-004
 9.9204236e-004
 1.0025440e-003
 1.0120190e-003
 1.0205434e-003
 1.0281170e-003
 1.0345455e-003
 1.0393769e-003
 1.0419096e-003
 1.0412849e-003
 1.0366703e-003
 1.0274934e-003
 1.0136829e-003
 9.9583948e-004
 9.7530562e-004
 9.5405057e-004
 9.3442941e-004
 9.1880193e-004
 9.0911554e-004
 9.0655766e-004
 9.1132568e-004
 9.2260109e-004
 9.3870831e-004
 9.5744146e-004
 9.7644440e-004
 9.9359476e-004
 1.0072964e-003
 1.0166133e-003
 1.0212817e-003
 1.0215797e-003
 1.0181416e-003
 1.0117465e-003
 1.0031487e-003
 9.9296204e-004
 9.8162983e-004
 9.6944813e-004
 9.5662917e-004
 9.4339263e-004
 9.3002192e-004
 9.1691135e-004
 9.0455619e-004
 8.9350331e-004
 8.8428840e-004
 8.7734323e-004
 8.7293133e-004
 8.7109860e-004
 8.7166473e-004
 8.7425124e-004
 8.7833306e-004
 8.8330591e-004
 8.8854413e-004
 8.9345261e-004
 8.9749170e-004
 9.0019591e-004
 9.0118719e-004
 9.0019353e-004
 8.9708471e-004
 8.9192303e-004
 8.8502100e-004
 8.7698590e-004
 8.6874544e-004
 8.6151215e-004
 8.5670163e-004
 8.5577590e-004
 8.6004002e-004
 8.7041064e-004
 8.8720256e-004
 9.0996223e-004
 9.3741092e-004
 9.6753309e-004
 9.9776976e-004
 1.0253545e-003
 1.0477065e-003
 1.0627726e-003
 1.0693137e-003
 1.0670022e-003
 1.0563659e-003
 1.0385646e-003
 1.0150989e-003
 9.8749262e-004
 9.5709134e-004
 9.2496985e-004
 8.9197233e-004
 8.5889414e-004
 8.2663330e-004
 7.9635147e-004
 7.6948263e-004
 7.4761099e-004
 7.3226093e-004
 7.2458526e-004
 7.2510028e-004
 7.3348469e-004
 7.4853515e-004
 7.6827256e-004
 7.9020439e-004
 8.1170409e-004
 8.3040301e-004
 8.4458903e-004
 8.5346878e-004
 8.5730490e-004
 8.5736514e-004
 8.5570163e-004
 8.5480156e-004
 8.5716887e-004
 8.6490880e-004
 8.7939750e-004
 9.0107165e-004
 9.2940195e-004
 9.6299400e-004
 9.9983707e-004
 1.0376398e-003
 1.0741366e-003
 1.1074198e-003
 1.1361229e-003
 1.1595365e-003
 1.1775987e-003
 1.1907547e-003
 1.1997794e-003
 1.2055397e-003
 1.2087901e-003
 1.2100220e-003
 1.2093988e-003
 1.2067991e-003
 1.2019468e-003
 1.1946132e-003
 1.1848296e-003
 1.1730774e-003
 1.1603842e-003
 1.1482893e-003
 1.1386819e-003
 1.1334899e-003
 1.1343121e-003
 1.1420381e-003
 1.1565797e-003
 1.1767684e-003
 1.2005061e-003
 1.2251099e-003
 1.2478358e-003
 1.2664429e-003
 1.2796365e-003
 1.2873285e-003
 1.2905882e-003
 1.2913342e-003
 1.2918202e-003
 1.2940515e-003
 1.2992746e-003
 1.3076629e-003
 1.3182544e-003
 1.3291606e-003
 1.3379611e-003
 1.3422105e-003
 1.3399293e-003
 1.3299779e-003
 1.3122517e-003
 1.2876790e-003
 1.2580288e-003
 1.2255748e-003
 1.1927465e-003
 1.1617570e-003
 1.1343883e-003
 1.1118724e-003
 1.0949188e-003
 1.0838597e-003
 1.0787894e-003
 1.0796844e-003
 1.0864084e-003
 1.0986206e-003
 1.1156019e-003
 1.1361064e-003
 1.1582876e-003
 1.1798071e-003
 1.1981329e-003
 1.2109495e-003
 1.2166286e-003
 1.2145934e-003
 1.2054709e-003
 1.1909771e-003
 1.1735610e-003
 1.1558851e-003
 1.1402828e-003
 1.1283637e-003
 1.1208135e-003
 1.1174718e-003
 1.1175924e-003
 1.1202119e-003
 1.1244903e-003
 1.1299318e-003
 1.1364304e-003
 1.1441665e-003
 1.1534130e-003
 1.1643278e-003
 1.1768289e-003
 1.1905595e-003
 1.2049695e-003
 1.2194581e-003
 1.2335042e-003
 1.2467611e-003
 1.2590694e-003
 1.2703784e-003
 1.2806403e-003
 1.2896811e-003
 1.2971242e-003
 1.3023781e-003
 1.3046880e-003
 1.3032536e-003
 1.2973659e-003
 1.2865467e-003
 1.2706443e-003
 1.2498995e-003
 1.2249347e-003
 1.1967269e-003
 1.1665252e-003
 1.1357374e-003
 1.1058433e-003
 1.0782494e-003
 1.0542030e-003
 1.0346823e-003
 1.0203181e-003
 1.0113685e-003
 1.0077115e-003
 1.0088929e-003
 1.0142127e-003
 1.0228336e-003
 1.0338885e-003
 1.0465739e-003
 1.0602114e-003
 1.0742504e-003
 1.0882559e-003
 1.1018520e-003
 1.1146839e-003
 1.1264014e-003
 1.1366658e-003
 1.1452135e-003
 1.1519218e-003
 1.1568887e-003
 1.1604789e-003
 1.1633164e-003
 1.1662215e-003
 1.1700824e-003
 1.1756913e-003
 1.1835725e-003
 1.1938321e-003
 1.2060856e-003
 1.2194631e-003
 1.2327300e-003
 1.2445019e-003
 1.2535002e-003
 1.2588254e-003
 1.2601630e-003
 1.2578677e-003
 1.2529050e-003
 1.2466526e-003
 1.2406049e-003
 1.2360601e-003
 1.2338802e-003
 1.2343830e-003
 1.2374034e-003
 1.2424946e-003
 1.2492086e-003
 1.2573494e-003
 1.2671315e-003
 1.2791662e-003
 1.2942951e-003
 1.3133190e-003
 1.3366813e-003
 1.3642524e-003
 1.3952213e-003
 1.4281747e-003
 1.4613171e-003
 1.4927229e-003
 1.5206109e-003
 1.5435506e-003
 1.5605437e-003
 1.5710369e-003
 1.5748229e-003
 1.5719599e-003
 1.5626383e-003
 1.5471237e-003
 1.5257626e-003
 1.4990385e-003
 1.4675978e-003
 1.4323496e-003
 1.3945692e-003
 1.3558719e-003
 1.3181756e-003
 1.2835120e-003
 1.2537540e-003
 1.2303437e-003
 1.2139746e-003
 1.2044053e-003
 1.2003984e-003
 1.1999501e-003
 1.2007693e-003
 1.2007963e-003
 1.1986699e-003
 1.1940332e-003
 1.1876053e-003
 1.1810508e-003
 1.1766512e-003
 1.1767867e-003
 1.1833356e-003
 1.1971153e-003
 1.2174960e-003
 1.2422968e-003
 1.2680247e-003
 1.2903769e-003
 1.3049833e-003
 1.3081554e-003
 1.2975868e-003
 1.2727516e-003
 1.2348820e-003
 1.1866518e-003
 1.1317334e-003
 1.0742511e-003
 1.0182651e-003
 9.6746581e-004
 9.2477584e-004
 8.9209696e-004
 8.7011443e-004
 8.5826346e-004
 8.5485535e-004
 8.5732830e-004
 8.6264551e-004
 8.6774863e-004
 8.7004912e-004
 8.6788373e-004
 8.6087210e-004
 8.5006101e-004
 8.3774055e-004
 8.2699046e-004
 8.2109490e-004
 8.2289975e-004
 8.3426177e-004
 8.5567619e-004
 8.8616478e-004
 9.2329772e-004
 9.6346723e-004
 1.0023909e-003
 1.0356883e-003
 1.0595480e-003
 1.0712431e-003
 1.0695199e-003
 1.0546949e-003
 1.0285032e-003
 9.9375239e-004
 9.5382857e-004
 9.1222144e-004
 8.7204244e-004
 8.3574234e-004
 8.0493989e-004
 7.8041991e-004
 7.6230161e-004
 7.5024564e-004
 7.4372755e-004
 7.4225175e-004
 7.4550050e-004
 7.5337634e-004
 7.6594425e-004
 7.8328082e-004
 8.0528343e-004
 8.3149242e-004
 8.6093368e-004
 8.9209643e-004
 9.2297501e-004
 9.5125841e-004
 9.7460876e-004
 9.9095353e-004
 9.9881215e-004
 9.9751959e-004
 9.8736340e-004
 9.6956384e-004
 9.4613002e-004
 9.1959542e-004
 8.9267438e-004
 8.6794380e-004
 8.4752479e-004
 8.3289965e-004
 8.2481146e-004
 8.2329201e-004
 8.2779169e-004
 8.3736726e-004
 8.5089303e-004
 8.6725963e-004
 8.8553905e-004
 9.0506906e-004
 9.2550693e-004
 9.4679650e-004
 9.6911675e-004
 9.9280721e-004
 1.0182543e-003
 1.0458165e-003
 1.0757092e-003
 1.1079251e-003
 1.1421691e-003
 1.1777774e-003
 1.2136982e-003
 1.2485186e-003
 1.2805060e-003
 1.3077729e-003
 1.3284406e-003
 1.3408856e-003
 1.3439840e-003
 1.3373162e-003
 1.3213123e-003
 1.2972890e-003
 1.2673787e-003
 1.2343109e-003
 1.2011240e-003
 1.1707587e-003
 1.1457052e-003
 1.1276656e-003
 1.1173296e-003
 1.1143698e-003
 1.1175715e-003
 1.1250676e-003
 1.1346170e-003
 1.1438937e-003
 1.1507235e-003
 1.1532544e-003
 1.1500823e-003
 1.1403671e-003
 1.1238781e-003
 1.1010066e-003
 1.0727291e-003
 1.0405289e-003
 1.0063309e-003
 9.7235432e-004
 9.4100711e-004
 9.1471651e-004
 8.9574308e-004
 8.8600861e-004
 8.8689639e-004
 8.9909381e-004
 9.2250708e-004
 9.5634250e-004
 9.9920109e-004
 1.0492716e-003
 1.1044753e-003
 1.1626454e-003
 1.2216880e-003
 1.2796308e-003
 1.3347309e-003
 1.3854690e-003
 1.4306069e-003
 1.4692281e-003
 1.5007298e-003
 1.5248676e-003
 1.5417787e-003
 1.5519700e-003
 1.5563121e-003
 1.5559678e-003
 1.5523100e-003
 1.5468014e-003
 1.5408690e-003
 1.5357700e-003
 1.5324858e-003
 1.5316396e-003
 1.5334564e-003
 1.5377626e-003
 1.5440226e-003
 1.5513954e-003
 1.5588079e-003
 1.5650325e-003
 1.5687536e-003
 1.5686399e-003
 1.5634104e-003
 1.5519167e-003
 1.5332293e-003
 1.5067569e-003
 1.4723707e-003
 1.4305084e-003
 1.3823006e-003
 1.3295731e-003
 1.2748496e-003
 1.2212060e-003
 1.1720258e-003
 1.1307425e-003
 1.1004475e-003
 1.0835814e-003
 1.0816175e-003
 1.0948746e-003
 1.1224506e-003
 1.1623201e-003
 1.2115345e-003
 1.2665484e-003
 1.3236200e-003
 1.3791419e-003
 1.4300196e-003
 1.4738633e-003
 1.5091401e-003
 1.5352007e-003
 1.5521744e-003
 1.5608500e-003
 1.5624812e-003
 1.5586165e-003
 1.5509346e-003
 1.5411171e-003
 1.5307519e-003
 1.5212565e-003
 1.5138293e-003
 1.5093924e-003
 1.5085486e-003
 1.5115329e-003
 1.5181804e-003
 1.5279127e-003
 1.5397697e-003
 1.5524705e-003
 1.5645301e-003
 1.5744151e-003
 1.5807044e-003
 1.5822676e-003
 1.5784029e-003
 1.5689377e-003
 1.5542551e-003
 1.5352685e-003
 1.5133073e-003
 1.4899839e-003
 1.4670126e-003
 1.4460252e-003
 1.4284363e-003
 1.4153201e-003
 1.4073498e-003
 1.4048029e-003
 1.4075949e-003
 1.4153557e-003
 1.4275125e-003
 1.4433824e-003
 1.4622338e-003
 1.4833558e-003
 1.5060680e-003
 1.5297303e-003
 1.5537363e-003
 1.5774624e-003
 1.6002493e-003
 1.6213392e-003
 1.6398528e-003
 1.6547971e-003
 1.6650915e-003
 1.6696313e-003
 1.6673583e-003
 1.6573615e-003
 1.6389643e-003
 1.6118175e-003
 1.5759361e-003
 1.5317091e-003
 1.4799198e-003
 1.4217854e-003
 1.3589705e-003
 1.2934919e-003
 1.2275629e-003
 1.1634681e-003
 1.1032895e-003
 1.0487308e-003
 1.0008961e-003
 9.6018543e-004
 9.2633360e-004
 8.9327217e-004
 8.7197853e-004
 8.5385097e-004
 8.3732943e-004
 8.2119921e-004
 8.0480543e-004
 7.8820362e-004
 7.7210390e-004
 7.5767224e-004
 7.4632466e-004
 7.3954824e-004
 7.3879515e-004
 7.4535591e-004
 7.6020771e-004
 7.8383426e-004
 8.1611163e-004
 8.5628562e-004
 9.0298784e-004
 9.5442269e-004
 1.0085027e-003
 1.0630077e-003
 1.1157166e-003
 1.1644658e-003
 1.2073300e-003
 1.2427417e-003
 1.2696639e-003
 1.2876624e-003
 1.2968258e-003
 1.2976417e-003
 1.2908293e-003
 1.2772300e-003
 1.2577389e-003
 1.2333093e-003
 1.2049617e-003
 1.1738485e-003
 1.1412902e-003
 1.1087799e-003
 1.0779897e-003
 1.0507129e-003
 1.0288004e-003
 1.0141220e-003
 1.0084651e-003
 1.0134032e-003
 1.0300505e-003
 1.0587691e-003
 1.0988797e-003
 1.1485789e-003
 1.2050183e-003
 1.2645886e-003
 1.3232570e-003
 1.3767823e-003
 1.4209925e-003
 1.4519964e-003
 1.4665743e-003
 1.4626262e-003
 1.4395642e-003
 1.3984690e-003
 1.3419422e-003
 1.2737071e-003
 1.1981234e-003
 1.1198787e-003
 1.0436452e-003
 9.7388687e-004
 9.1450528e-004
 8.6843694e-004
 8.3735684e-004
 8.2151184e-004
 8.1986003e-004
 8.3041773e-004
 8.5063855e-004
 8.7771297e-004
 9.0877857e-004
 9.4110338e-004
 9.7224716e-004
 1.0003076e-003
 1.0240832e-003
 1.0431632e-003
 1.0578558e-003
 1.0689856e-003
 1.0776966e-003
 1.0852710e-003
 1.0930151e-003
 1.1021597e-003
 1.1137383e-003
 1.1284591e-003
 1.1465783e-003
 1.1678536e-003
 1.1916017e-003
 1.2168018e-003
 1.2422359e-003
 1.2666074e-003
 1.2886008e-003
 1.3069775e-003
 1.3206482e-003
 1.3287929e-003
 1.3309564e-003
 1.3270820e-003
 1.3174757e-003
 1.3027114e-003
 1.2835263e-003
 1.2607282e-003
 1.2351619e-003
 1.2076608e-003
 1.1790487e-003
 1.1501156e-003
 1.1215932e-003
 1.0941729e-003
 1.0684859e-003
 1.0451365e-003
 1.0247047e-003
 1.0077428e-003
 9.9477894e-004
 9.8625908e-004
 9.8248501e-004
 9.8350842e-004
 9.8904571e-004
 9.9844136e-004
 1.0107026e-003
 1.0245942e-003
 1.0387314e-003
 1.0516813e-003
 1.0620339e-003
 1.0685149e-003
 1.0701424e-003
 1.0664188e-003
 1.0575060e-003
 1.0442968e-003
 1.0283457e-003
 1.0116861e-003
 9.9664507e-004
 9.8565989e-004
 9.8114985e-004
 9.8534732e-004
 1.0000791e-003
 1.0264828e-003
 1.0647769e-003
 1.1141431e-003
 1.1728283e-003
 1.2384165e-003
 1.3080636e-003
 1.3787383e-003
 1.4474087e-003
 1.5111183e-003
 1.5672101e-003
 1.6134615e-003
 1.6482755e-003
 1.6707543e-003
 1.6806080e-003
 1.6780132e-003
 1.6634208e-003
 1.6374339e-003
 1.6007334e-003
 1.5541151e-003
 1.4985290e-003
 1.4352226e-003
 1.3658282e-003
 1.2923740e-003
 1.2173015e-003
 1.1432957e-003
 1.0732303e-003
 1.0100312e-003
 9.5654576e-004
 9.1543194e-004
 8.8889024e-004
 8.7835809e-004
 8.8425836e-004
 9.0588012e-004
 9.4148755e-004
 9.8858413e-004
 1.0442416e-003
 1.1053018e-003
 1.1685984e-003
 1.2310465e-003
 1.2898252e-003
 1.3425838e-003
 1.3875569e-003
 1.4236781e-003
 1.4504752e-003
 1.4679318e-003
 1.4763098e-003
 1.4760036e-003
 1.4674775e-003
 1.4512524e-003
 1.4279346e-003
 1.3982535e-003
 1.3631273e-003
 1.3236540e-003
 1.2811202e-003
 1.2369432e-003
 1.1926000e-003
 1.1496128e-003
 1.1094891e-003
 1.0736533e-003
 1.0433992e-003
 1.0197569e-003
 1.0034307e-003
 9.9474797e-004
 9.9369639e-004
 1.0000167e-003
 1.0133005e-003
 1.0330583e-003
 1.0587717e-003
 1.0898671e-003
 1.1257340e-003
 1.1656794e-003
 1.2088651e-003
 1.2543509e-003
 1.3010710e-003
 1.3478850e-003
 1.3935704e-003
 1.4369248e-003
 1.4767691e-003
 1.5119831e-003
 1.5416591e-003
 1.5651898e-003
 1.5823661e-003
 1.5934550e-003
 1.5991314e-003
 1.6003752e-003
 1.5983470e-003
 1.5942876e-003
 1.5894374e-003
 1.5849659e-003
 1.5818656e-003
 1.5808387e-003
 1.5821905e-003
 1.5857863e-003
 1.5910970e-003
 1.5972966e-003
 1.6033907e-003
 1.6083096e-003
 1.6109884e-003
 1.6104466e-003
 1.6059011e-003
 1.5968934e-003
 1.5834188e-003
 1.5659602e-003
 1.5454437e-003
 1.5231384e-003
 1.5004934e-003
 1.4790451e-003
 1.4603209e-003
 1.4457636e-003
 1.4365803e-003
 1.4336101e-003
 1.4371870e-003
 1.4470810e-003
 1.4625615e-003
 1.4825132e-003
 1.5056087e-003
 1.5304231e-003
 1.5555001e-003
 1.5794634e-003
 1.6010832e-003
 1.6193924e-003
 1.6337624e-003
 1.6439675e-003
 1.6501303e-003
 1.6526284e-003
 1.6520000e-003
 1.6488540e-003
 1.6438239e-003
 1.6375306e-003
 1.6305543e-003
 1.6234027e-003
 1.6164914e-003
 1.6101229e-003
 1.6045029e-003
 1.5997697e-003
 1.5960131e-003
 1.5933017e-003
 1.5916926e-003
 1.5912274e-003
 1.5919248e-003
 1.5937667e-003
 1.5966826e-003
 1.6005470e-003
 1.6051845e-003
 1.6103789e-003
 1.6158951e-003
 1.6214888e-003
 1.6269120e-003
 1.6319311e-003
 1.6363356e-003
 1.6399523e-003
 1.6426650e-003
 1.6444165e-003
 1.6452040e-003
 1.6450644e-003
 1.6440591e-003
 1.6422612e-003
 1.6397516e-003
 1.6366149e-003
 1.6329437e-003
 1.6288462e-003
 1.6244450e-003
 1.6198830e-003
 1.6153196e-003
 1.6109301e-003
 1.6068933e-003
 1.6033902e-003
 1.6005993e-003
 1.5986798e-003
 1.5977583e-003
 1.5979047e-003
 1.5991121e-003
 1.6012890e-003
 1.6042658e-003
 1.6078178e-003
 1.6116867e-003
 1.6156002e-003
 1.6192844e-003
 1.6224836e-003
 1.6249786e-003
 1.6266094e-003
 1.6273010e-003
 1.6270700e-003
 1.6260166e-003
 1.6243017e-003
 1.6221229e-003
 1.6196937e-003
 1.6172304e-003
 1.6149351e-003
 1.6129812e-003
 1.6114940e-003
 1.6105295e-003
 1.6100702e-003
 1.6100314e-003
 1.6102782e-003
 1.6106472e-003
 1.6109622e-003
 1.6110485e-003
 1.6107475e-003
 1.6099368e-003
 1.6085553e-003
 1.6066243e-003
 1.6042565e-003
 1.6016486e-003
 1.5990568e-003
 1.5967718e-003
 1.5950971e-003
 1.5943208e-003
 1.5946799e-003
 1.5963048e-003
 1.5991438e-003
 1.6029023e-003
 1.6070155e-003
 1.6106713e-003
 1.6128815e-003
 1.6125530e-003
 1.6085574e-003
 1.5998005e-003
 1.5853144e-003
 1.5644208e-003
 1.5368967e-003
 1.5031534e-003
 1.4642911e-003
 1.4220697e-003
 1.3786862e-003
 1.3366087e-003
 1.2984467e-003
 1.2667509e-003
 1.2438903e-003
 1.2318338e-003
 1.2318350e-003
 1.2442070e-003
 1.2682225e-003
 1.3021886e-003
 1.3437321e-003
 1.3900731e-003
 1.4382148e-003
 1.4851863e-003
 1.5281747e-003
 1.5647101e-003
 1.5929834e-003
 1.6120332e-003
 1.6218327e-003
 1.6232255e-003
 1.6176791e-003
 1.6070340e-003
 1.5933100e-003
 1.5785462e-003
 1.5646860e-003
 1.5534457e-003
 1.5461295e-003
 1.5434974e-003
 1.5457048e-003
 1.5523572e-003
 1.5626583e-003
 1.5755744e-003
 1.5899517e-003
 1.6046248e-003
 1.6184809e-003
 1.6305313e-003
 1.6400259e-003
 1.6465238e-003
 1.6499237e-003
 1.6504410e-003
 1.6485177e-003
 1.6447320e-003
 1.6397282e-003
 1.6341617e-003
 1.6286608e-003
 1.6237898e-003
 1.6199916e-003
 1.6175504e-003
 1.6165756e-003
 1.6170152e-003
 1.6187008e-003
 1.6213922e-003
 1.6248173e-003
 1.6286947e-003
 1.6327531e-003
 1.6367426e-003
 1.6404606e-003
 1.6437634e-003
 1.6465709e-003
 1.6488651e-003
 1.6506714e-003
 1.6520402e-003
 1.6530361e-003
 1.6537275e-003
 1.6541824e-003
 1.6544645e-003
 1.6546306e-003
 1.6547276e-003
 1.6547909e-003
 1.6548465e-003
 1.6549126e-003
 1.6550031e-003
 1.6551297e-003
 1.6553031e-003
 1.6555329e-003
 1.6558274e-003
 1.6561931e-003
 1.6566339e-003
 1.6571505e-003
 1.6577408e-003
 1.6584011e-003
 1.6591261e-003
 1.6599095e-003
 1.6607440e-003
 1.6616185e-003
 1.6625164e-003
 1.6634110e-003
 1.6642619e-003
 1.6650131e-003
 1.6655958e-003
 1.6659307e-003
 1.6659334e-003
 1.6655193e-003
 1.6646110e-003
 1.6631533e-003
 1.6611338e-003
 1.6586133e-003
 1.6557534e-003
 1.6528238e-003
 1.6501938e-003
 1.6483057e-003
 1.6476470e-003
 1.6487242e-003
 1.6520520e-003
 1.6581395e-003
 1.6674867e-003
 1.6805772e-003
 1.6978576e-003
 1.7197542e-003
 1.7466636e-003
 1.7789706e-003
 1.8170221e-003
 1.8611738e-003
 1.9117605e-003
 1.9690196e-003
 2.0331002e-003
 2.1039527e-003
 2.1811996e-003
 2.2642061e-003
 2.3520666e-003
 2.4436067e-003
 2.5375944e-003
 2.6327255e-003
 2.7277186e-003
 2.8212799e-003
 2.9123086e-003
 2.9999146e-003
 3.0834349e-003
 3.1625885e-003
 3.2373783e-003
 3.3079660e-003
 3.3746934e-003
 3.4379335e-003
 3.4980613e-003
 3.5553225e-003
 3.6098161e-003
 3.6613196e-003
 3.7091405e-003
 3.7521438e-003
 3.7887576e-003
 3.8170654e-003
 3.8349940e-003
 3.8403922e-003
 3.8311507e-003
 3.8053608e-003
 3.7615269e-003
 3.6988347e-003
 3.6174627e-003
 3.5185942e-003
 3.4043430e-003
 3.2776042e-003
 3.1416076e-003
 2.9997625e-003
 2.8556080e-003
 2.7124728e-003
 2.5734464e-003
 2.4411255e-003
 2.3175697e-003
 2.2040473e-003
 2.1012065e-003
 2.0093038e-003
 1.9282398e-003
 1.8577834e-003
 1.7976846e-003
 1.7475907e-003
 1.7070937e-003
 1.6756643e-003
 1.6526412e-003
 1.6371694e-003
 1.6282474e-003
 1.6247659e-003
 1.6255418e-003
 1.6293707e-003
 1.6350548e-003
 1.6414545e-003
 1.6475518e-003
 1.6525266e-003
 1.6558393e-003
 1.6572531e-003
 1.6568066e-003
 1.6547404e-003
 1.6514162e-003
 1.6472505e-003
 1.6426782e-003
 1.6381165e-003
 1.6339401e-003
 1.6304529e-003
 1.6278554e-003
 1.6262381e-003
 1.6255918e-003
 1.6258316e-003
 1.6268274e-003
 1.6284272e-003
 1.6304707e-003
 1.6328001e-003
 1.6352668e-003
 1.6377363e-003
 1.6400985e-003
 1.6422679e-003
 1.6441805e-003
 1.6457899e-003
 1.6470597e-003
 1.6479592e-003
 1.6484626e-003
 1.6485535e-003
 1.6482299e-003
 1.6475134e-003
 1.6464560e-003
 1.6451442e-003
 1.6436970e-003
 1.6422574e-003
 1.6409836e-003
 1.6400395e-003
 1.6395889e-003
 1.6397905e-003
 1.6407950e-003
 1.6427421e-003
 1.6456187e-003
 1.6486587e-003
 1.6527668e-003
 1.6562303e-003
 1.6583216e-003
 1.6583122e-003
 1.6554728e-003
 1.6490762e-003
 1.6383937e-003
 1.6226968e-003
 1.6012572e-003
 1.5734454e-003
 1.5396433e-003
 1.5007553e-003
 1.4576964e-003
 1.4113708e-003
 1.3627162e-003
 1.3126367e-003
 1.2620479e-003
 1.2118535e-003
 1.1629924e-003
 1.1163686e-003
 1.0728965e-003
 1.0334832e-003
 9.9906279e-004
 9.7044825e-004
 9.4761787e-004
 9.3009643e-004
 9.1740239e-004
 9.0906251e-004
 9.0459391e-004
 9.0351742e-004
 9.0535474e-004
 9.0962520e-004
 9.1585028e-004
 9.2355040e-004
 9.3224854e-004
 9.4146130e-004
 9.5071143e-004
 9.5951970e-004
 9.6740702e-004
 9.7389519e-004
 9.7850210e-004
 9.8079862e-004
 9.8078558e-004
 9.7868894e-004
 9.7473862e-004
 9.6916291e-004
 9.6219085e-004
 9.5404888e-004
 9.4496988e-004
 9.3518081e-004
 9.2491036e-004
 9.1438729e-004
 9.0383796e-004
 8.9349609e-004
 8.8358810e-004
 8.7434263e-004
 8.6598663e-004
 8.5875287e-004
 8.5286802e-004
 8.4856083e-004
 8.4605982e-004
 8.4559480e-004
 8.4739400e-004
 8.5165625e-004
 8.5832796e-004
 8.6722034e-004
 8.7814819e-004
 8.9092483e-004
 9.0536382e-004
 9.2128234e-004
 9.3848648e-004
 9.5679308e-004
 9.7601570e-004
 9.9597231e-004
 1.0164672e-003
 1.0373183e-003
 1.0583389e-003
 1.0793476e-003
 1.1001477e-003
 1.1205578e-003
 1.1403911e-003
 1.1594611e-003
 1.1775853e-003
 1.1945688e-003
 1.2102292e-003
 1.2243801e-003
 1.2368376e-003
 1.2474090e-003
 1.2559111e-003
 1.2621804e-003
 1.2662451e-003
 1.2682251e-003
 1.2682443e-003
 1.2664249e-003
 1.2628895e-003
 1.2577592e-003
 1.2511588e-003
 1.2432099e-003
 1.2340348e-003
 1.2237536e-003
 1.2124935e-003
 1.2003747e-003
 1.1875198e-003
 1.1740477e-003
 1.1600876e-003
 1.1457590e-003
 1.1311839e-003
 1.1164813e-003
 1.1017811e-003
 1.0872021e-003
 1.0728666e-003
 1.0588971e-003
 1.0454132e-003
 1.0325435e-003
 1.0204073e-003
 1.0091271e-003
 9.9882321e-004
 9.8962279e-004
 9.8164578e-004
 9.7500149e-004
 9.6969475e-004
 9.6568465e-004
 9.6292607e-004
