s07_ASD Record=8254:  error bars to preceding                
 6.8406208e-004
 6.9716282e-004
 7.0982217e-004
 7.2111416e-004
 7.3046755e-004
 7.3785777e-004
 7.4374449e-004
 7.4880495e-004
 7.5361453e-004
 7.5839664e-004
 7.6294859e-004
 7.6673634e-004
 7.6905673e-004
 7.6920452e-004
 7.6673640e-004
 7.6172926e-004
 7.5482007e-004
 7.4697146e-004
 7.3920313e-004
 7.3239731e-004
 7.2720187e-004
 7.2400086e-004
 7.2292105e-004
 7.2388235e-004
 7.2672020e-004
 7.3140784e-004
 7.3836040e-004
 7.4853736e-004
 7.6285383e-004
 7.8119844e-004
 8.0178952e-004
 8.2156551e-004
 8.3710579e-004
 8.4514811e-004
 8.4360392e-004
 8.3304511e-004
 8.1640499e-004
 7.9761748e-004
 7.8031234e-004
 7.6691312e-004
 7.5855153e-004
 7.5565948e-004
 7.5862731e-004
 7.6799188e-004
 7.8397529e-004
 8.0568384e-004
 8.3056680e-004
 8.5463165e-004
 8.7337790e-004
 8.8299077e-004
 8.8124670e-004
 8.6795120e-004
 8.4501016e-004
 8.1613834e-004
 7.8608224e-004
 7.5969740e-004
 7.4103696e-004
 7.3236914e-004
 7.3458883e-004
 7.4906100e-004
 7.7476632e-004
 8.0626609e-004
 8.4027357e-004
 8.7379979e-004
 9.0143795e-004
 9.1808382e-004
 9.2203717e-004
 9.1438583e-004
 8.9794304e-004
 8.7696186e-004
 8.5569080e-004
 8.3677494e-004
 8.2089711e-004
 8.0786779e-004
 7.9821213e-004
 7.9409603e-004
 7.9876481e-004
 8.1445224e-004
 8.3989860e-004
 8.6918898e-004
 8.9315925e-004
 9.0308057e-004
 8.9473685e-004
 8.7043556e-004
 8.3770911e-004
 8.0556556e-004
 7.8058860e-004
 7.6492754e-004
 7.5675693e-004
 7.5229903e-004
 7.4813142e-004
 7.4292946e-004
 7.3831808e-004
 7.3860172e-004
 7.4916560e-004
 7.7369891e-004
 8.1111892e-004
 8.5445546e-004
 8.9379493e-004
 9.2189567e-004
 9.3810988e-004
 9.4753073e-004
 9.5631945e-004
 9.6710667e-004
 9.7725261e-004
 9.8110631e-004
 9.7465323e-004
 9.5837913e-004
 9.3652162e-004
 9.1397337e-004
 8.9359930e-004
 8.7597297e-004
 8.6112117e-004
 8.5017469e-004
 8.4504840e-004
 8.4630563e-004
 8.5137039e-004
 8.5530989e-004
 8.5410639e-004
 8.4783800e-004
 8.4110681e-004
 8.4037927e-004
 8.5000519e-004
 8.6900301e-004
 8.9034467e-004
 9.0397435e-004
 9.0273464e-004
 8.8713010e-004
 8.6467381e-004
 8.4430637e-004
 8.3123153e-004
 8.2650303e-004
 8.3016878e-004
 8.4325712e-004
 8.6594390e-004
 8.9400139e-004
 9.1807463e-004
 9.2809007e-004
 9.1992883e-004
 8.9854962e-004
 8.7465136e-004
 8.5824577e-004
 8.5487799e-004
 8.6602173e-004
 8.9020765e-004
 9.2225976e-004
 9.5257914e-004
 9.7005389e-004
 9.6848421e-004
 9.5172023e-004
 9.3207310e-004
 9.2159107e-004
 9.2275813e-004
 9.2714181e-004
 9.2359580e-004
 9.0784003e-004
 8.8426768e-004
 8.6038909e-004
 8.4168441e-004
 8.3092577e-004
 8.2916196e-004
 8.3558349e-004
 8.4741839e-004
 8.6107722e-004
 8.7356230e-004
 8.8333030e-004
 8.9064479e-004
 8.9650688e-004
 9.0014958e-004
 8.9866994e-004
 8.9143083e-004
 8.8450534e-004
 8.8769186e-004
 9.0532651e-004
 9.3119929e-004
 9.5417892e-004
 9.6890429e-004
 9.7997533e-004
 9.9544227e-004
 1.0175032e-003
 1.0406880e-003
 1.0577283e-003
 1.0647858e-003
 1.0613045e-003
 1.0479880e-003
 1.0273308e-003
 1.0051522e-003
 9.8832557e-004
 9.7883237e-004
 9.7128440e-004
 9.5885142e-004
 9.4136834e-004
 9.2534779e-004
 9.1636257e-004
 9.1426325e-004
 9.1669726e-004
 9.2465809e-004
 9.4126986e-004
 9.6418336e-004
 9.8166522e-004
 9.7993889e-004
 9.5563824e-004
 9.1957976e-004
 8.8746642e-004
 8.6786132e-004
 8.6030609e-004
 8.6341630e-004
 8.7894313e-004
 9.0377231e-004
 9.2359085e-004
 9.2383887e-004
 9.0592494e-004
 8.8495068e-004
 8.7276823e-004
 8.7067072e-004
 8.7604608e-004
 8.8651926e-004
 8.9752342e-004
 9.0427138e-004
 9.0798683e-004
 9.1474521e-004
 9.2704757e-004
 9.4060967e-004
 9.4994431e-004
 9.5338136e-004
 9.5093064e-004
 9.3925593e-004
 9.1195747e-004
 8.6720270e-004
 8.1487175e-004
 7.7352644e-004
 7.5757428e-004
 7.6591835e-004
 7.8332459e-004
 7.9407240e-004
 7.9365156e-004
 7.8621000e-004
 7.7491545e-004
 7.6046295e-004
 7.4600847e-004
 7.3567242e-004
 7.2810374e-004
 7.1841909e-004
 7.0949551e-004
 7.1803690e-004
 7.6374784e-004
 8.4733398e-004
 9.3908614e-004
 9.9463796e-004
 9.8932837e-004
 9.3739794e-004
 8.7583374e-004
 8.3216949e-004
 8.1116875e-004
 8.0927444e-004
 8.3075964e-004
 8.7975175e-004
 9.4366696e-004
 9.9822390e-004
 1.0292307e-003
 1.0401094e-003
 1.0383403e-003
 1.0252038e-003
 1.0023633e-003
 9.8053401e-004
 9.7385392e-004
 9.8573638e-004
 1.0045780e-003
 1.0140603e-003
 1.0044941e-003
 9.7708218e-004
 9.4631786e-004
 9.3475316e-004
 9.5189724e-004
 9.8129606e-004
 9.9933741e-004
 1.0009847e-003
 9.9847536e-004
 1.0014653e-003
 1.0084605e-003
 1.0152127e-003
 1.0206625e-003
 1.0213971e-003
 1.0063623e-003
 9.6680777e-004
 9.1210386e-004
 8.6752698e-004
 8.5246173e-004
 8.6427829e-004
 8.8369229e-004
 8.8866183e-004
 8.6406292e-004
 8.0955814e-004
 7.4534764e-004
 7.0486660e-004
 7.1180594e-004
 7.5772090e-004
 8.0227584e-004
 8.0534443e-004
 7.6608307e-004
 7.2128657e-004
 7.0137926e-004
 7.0318318e-004
 7.0842775e-004
 7.0982502e-004
 7.1232440e-004
 7.2165503e-004
 7.3856261e-004
 7.5918616e-004
 7.7738304e-004
 7.8914250e-004
 7.9637324e-004
 8.0338831e-004
 8.0970715e-004
 8.1341015e-004
 8.2279876e-004
 8.5252355e-004
 9.0450642e-004
 9.6212706e-004
 1.0061943e-003
 1.0326410e-003
 1.0444273e-003
 1.0325636e-003
 9.8034530e-004
 8.8870199e-004
 7.9131778e-004
 7.3848991e-004
 7.5733138e-004
 8.2412845e-004
 8.8068401e-004
 8.8191702e-004
 8.2947302e-004
 7.6241518e-004
 7.1999920e-004
 7.1420823e-004
 7.3236960e-004
 7.5835153e-004
 7.8808016e-004
 8.2732120e-004
 8.7815849e-004
 9.2980417e-004
 9.6413231e-004
 9.7166043e-004
 9.6207432e-004
 9.5688971e-004
 9.6902053e-004
 9.8892604e-004
 9.9250616e-004
 9.6308195e-004
 9.0665842e-004
 8.4918854e-004
 8.2086027e-004
 8.3719724e-004
 8.7540585e-004
 8.8296889e-004
 8.5305085e-004
 8.4167655e-004
 8.8398432e-004
 9.2820288e-004
 9.0513733e-004
 8.1931753e-004
 7.3428213e-004
 7.0413324e-004
 7.3245395e-004
 7.7821402e-004
 7.9990347e-004
 7.9209259e-004
 7.7726884e-004
 7.7733409e-004
 7.9664885e-004
 8.2120067e-004
 8.3094573e-004
 8.1959221e-004
 8.1002043e-004
 8.3800696e-004
 8.9813181e-004
 9.2974526e-004
 8.9503109e-004
 8.3637796e-004
 8.1487431e-004
 8.3420787e-004
 8.5964310e-004
 8.7022164e-004
 8.6520810e-004
 8.5107738e-004
 8.4598479e-004
 8.7370956e-004
 9.2551182e-004
 9.4971701e-004
 9.1271620e-004
 8.4837404e-004
 8.1916357e-004
 8.5025741e-004
 9.1592257e-004
 9.6951460e-004
 9.8416430e-004
 9.6989010e-004
 9.4446493e-004
 9.1172452e-004
 8.6221145e-004
 7.9957099e-004
 7.5282314e-004
 7.3997508e-004
 7.5182755e-004
 7.7431387e-004
 8.0161472e-004
 8.3509018e-004
 8.7634276e-004
 9.2067476e-004
 9.5708179e-004
 9.7514043e-004
 9.7199163e-004
 9.5242396e-004
 9.2423667e-004
 8.9643407e-004
 8.7853969e-004
 8.7743910e-004
 8.9210540e-004
 9.1397553e-004
 9.3361503e-004
 9.4621751e-004
 9.5180888e-004
 9.5153053e-004
 9.4474608e-004
 9.2937821e-004
 9.0471492e-004
 8.7396725e-004
 8.4501010e-004
 8.2814437e-004
 8.2730572e-004
 8.3320739e-004
 8.3507405e-004
 8.2414161e-004
 8.0670940e-004
 7.9512841e-004
 8.0176862e-004
 8.3606271e-004
 8.8818528e-004
 9.4054727e-004
 9.7554084e-004
 9.7853597e-004
 9.5461251e-004
 9.1681018e-004
 8.7818759e-004
 8.5052219e-004
 8.3701487e-004
 8.3739759e-004
 8.5139449e-004
 8.7825581e-004
 9.1412786e-004
 9.6054608e-004
 9.9840306e-004
 1.0291468e-003
 1.0504213e-003
 1.0625086e-003
 1.0658138e-003
 1.0607382e-003
 1.0477623e-003
 1.0291192e-003
 1.0087910e-003
 9.9082652e-004
 9.7928266e-004
 9.7805494e-004
 9.8756677e-004
 1.0048157e-003
 1.0266479e-003
 1.0499187e-003
 1.0714914e-003
 1.0886466e-003
 1.0990556e-003
 1.1004123e-003
 1.0904085e-003
 1.0667371e-003
 1.0286457e-003
 9.8145346e-004
 9.3192875e-004
 8.8686211e-004
 8.5302262e-004
 8.3719683e-004
 8.4390963e-004
 8.6902682e-004
 9.0633740e-004
 9.4961666e-004
 9.9265820e-004
 1.0292359e-003
 1.0531397e-003
 1.0599898e-003
 1.0524013e-003
 1.0346557e-003
 1.0110406e-003
 9.8583417e-004
 9.6332544e-004
 9.4779278e-004
 9.4352307e-004
 9.5344463e-004
 9.7537925e-004
 1.0059527e-003
 1.0417792e-003
 1.0794877e-003
 1.1156906e-003
 1.1470141e-003
 1.1700817e-003
 1.1824501e-003
 1.1851930e-003
 1.1801972e-003
 1.1693499e-003
 1.1545416e-003
 1.1376566e-003
 1.1205870e-003
 1.1052169e-003
 1.0930405e-003
 1.0840819e-003
 1.0780329e-003
 1.0745816e-003
 1.0734177e-003
 1.0742310e-003
 1.0767110e-003
 1.0805466e-003
 1.0854285e-003
 1.0910447e-003
 1.0970864e-003
 1.1032412e-003
 1.1092259e-003
 1.1148456e-003
 1.1199301e-003
 1.1243057e-003
 1.1278014e-003
 1.1302443e-003
 1.1314629e-003
 1.1312847e-003
 1.1295381e-003
 1.1260501e-003
 1.1206496e-003
 1.1131634e-003
 1.1035333e-003
 1.0920977e-003
 1.0792892e-003
 1.0655345e-003
 1.0512671e-003
 1.0369136e-003
 1.0229070e-003
 1.0096740e-003
 9.9764811e-004
 9.8725699e-004
 9.7892981e-004
 9.7299501e-004
 9.6941378e-004
 9.6806942e-004
 9.6884451e-004
 9.7162131e-004
 9.7628339e-004
 9.8271202e-004
 9.9079171e-004
 1.0004028e-003
 1.0114306e-003
 1.0236707e-003
 1.0366298e-003
 1.0497519e-003
 1.0624761e-003
 1.0742478e-003
 1.0845063e-003
 1.0926963e-003
 1.0982582e-003
 1.1006355e-003
 1.0992700e-003
 1.0938422e-003
 1.0848508e-003
 1.0729649e-003
 1.0588591e-003
 1.0432012e-003
 1.0266667e-003
 1.0099250e-003
 9.9364587e-004
 9.7850442e-004
 9.6516876e-004
 9.5407409e-004
 9.4484410e-004
 9.3693705e-004
 9.2980749e-004
 9.2291326e-004
 9.1570895e-004
 9.0765249e-004
 8.9819840e-004
 8.8680501e-004
 8.7332859e-004
 8.5895928e-004
 8.4517023e-004
 8.3342835e-004
 8.2520588e-004
 8.2197116e-004
 8.2519447e-004
 8.3634647e-004
 8.5617480e-004
 8.8306284e-004
 9.1489567e-004
 9.4957190e-004
 9.8497455e-004
 1.0190032e-003
 1.0495413e-003
 1.0744845e-003
 1.0923926e-003
 1.1039908e-003
 1.1104536e-003
 1.1129511e-003
 1.1126553e-003
 1.1107380e-003
 1.1083704e-003
 1.1067245e-003
 1.1066266e-003
 1.1077914e-003
 1.1097103e-003
 1.1116943e-003
 1.1134093e-003
 1.1142653e-003
 1.1138808e-003
 1.1120540e-003
 1.1087310e-003
 1.1039558e-003
 1.0978194e-003
 1.0904436e-003
 1.0820165e-003
 1.0728756e-003
 1.0635479e-003
 1.0546903e-003
 1.0469937e-003
 1.0410589e-003
 1.0371674e-003
 1.0349973e-003
 1.0335298e-003
 1.0312253e-003
 1.0263243e-003
 1.0171714e-003
 1.0026126e-003
 9.8240923e-004
 9.5738540e-004
 9.2920056e-004
 8.9994451e-004
 8.7182492e-004
 8.4696250e-004
 8.2726910e-004
 8.1441260e-004
 8.0983085e-004
 8.1471971e-004
 8.2984351e-004
 8.5515046e-004
 8.8936993e-004
 9.2990021e-004
 9.7307056e-004
 1.0146865e-003
 1.0506647e-003
 1.0776848e-003
 1.0312021e-003
 1.0359006e-003
 1.0349792e-003
 1.0289290e-003
 1.0187234e-003
 1.0057245e-003
 9.9155167e-004
 9.7793131e-004
 9.6654979e-004
 9.5884403e-004
 9.5581496e-004
 9.5785741e-004
 9.6466084e-004
 9.7521592e-004
 9.8798657e-004
 1.0011492e-003
 1.0128418e-003
 1.0214292e-003
 1.0257059e-003
 1.0250548e-003
 1.0194941e-003
 1.0096460e-003
 9.9663180e-004
 9.8192564e-004
 9.6718216e-004
 9.5408276e-004
 9.4414933e-004
 9.3851372e-004
 9.3773968e-004
 9.4169029e-004
 9.4956398e-004
 9.6005830e-004
 9.7160233e-004
 9.8260003e-004
 9.9166285e-004
 9.9778757e-004
 1.0004569e-003
 9.9966954e-004
 9.9587825e-004
 9.8986959e-004
 9.8259689e-004
 9.7501196e-004
 9.6791208e-004
 9.6182688e-004
 9.5696741e-004
 9.5322018e-004
 9.5020107e-004
 9.4733998e-004
 9.4398606e-004
 9.3951786e-004
 9.3343330e-004
 9.2542183e-004
 9.1540348e-004
 9.0353400e-004
 8.9019781e-004
 8.7595830e-004
 8.6151320e-004
 8.4762089e-004
 8.3501753e-004
 8.2434679e-004
 8.1607257e-004
 8.1042771e-004
 8.0737541e-004
 8.0661284e-004
 8.0761802e-004
 8.0973207e-004
 8.1227318e-004
 8.1465684e-004
 8.1650843e-004
 8.1773783e-004
 8.1856869e-004
 8.1951072e-004
 8.2127965e-004
 8.2467985e-004
 8.3046505e-004
 8.3920092e-004
 8.5115532e-004
 8.6621469e-004
 8.8386895e-004
 9.0322696e-004
 9.2309777e-004
 9.4211800e-004
 9.5888105e-004
 9.7211089e-004
 9.8079327e-004
 9.8430109e-004
 9.8246371e-004
 9.7557704e-004
 9.6435827e-004
 9.4983302e-004
 9.3319872e-004
 9.1564731e-004
 8.9822622e-004
 8.8171882e-004
 8.6658483e-004
 8.5298577e-004
 8.4084185e-004
 8.2995283e-004
 8.2011078e-004
 8.1119564e-004
 8.0323982e-004
 7.9642556e-004
 7.9105125e-004
 7.8745559e-004
 7.8593555e-004
 7.8667724e-004
 7.8970927e-004
 7.9488877e-004
 8.0191740e-004
 8.1038370e-004
 8.1980700e-004
 8.2969666e-004
 8.3958881e-004
 8.4908213e-004
 8.5786061e-004
 8.6569227e-004
 8.7242771e-004
 8.7798701e-004
 8.8233285e-004
 8.8545115e-004
 8.8732335e-004
 8.8791089e-004
 8.8714756e-004
 8.8494574e-004
 8.8121655e-004
 8.7590300e-004
 8.6901715e-004
 8.6066884e-004
 8.5109094e-004
 8.4063096e-004
 8.2973612e-004
 8.1891037e-004
 8.0866215e-004
 7.9946697e-004
 7.9172419e-004
 7.8574859e-004
 7.8176684e-004
 7.7992771e-004
 7.8031654e-004
 7.8295532e-004
 7.8779372e-004
 7.9468224e-004
 8.0334785e-004
 8.1336731e-004
 8.2416652e-004
 8.3505252e-004
 8.4526261e-004
 8.5405906e-004
 8.6081878e-004
 8.6513115e-004
 8.6686894e-004
 8.6621550e-004
 8.6364592e-004
 8.5985492e-004
 8.5564284e-004
 8.5177500e-004
 8.4885082e-004
 8.4719725e-004
 8.4682502e-004
 8.4744947e-004
 8.4858062e-004
 8.4965787e-004
 8.5019926e-004
 8.4992487e-004
 8.4882497e-004
 8.4715401e-004
 8.4535591e-004
 8.4394281e-004
 8.4336282e-004
 8.4389700e-004
 8.4560993e-004
 8.4836804e-004
 8.5191603e-004
 8.5598853e-004
 8.6041866e-004
 8.6522079e-004
 8.7061303e-004
 8.7698060e-004
 8.8478555e-004
 8.9443155e-004
 9.0613530e-004
 9.1980601e-004
 9.3498483e-004
 9.5085683e-004
 9.6631562e-004
 9.8011654e-004
 9.9103933e-004
 9.9807419e-004
 1.0005702e-003
 9.9831587e-004
 9.9155447e-004
 9.8091492e-004
 9.6729852e-004
 9.5172261e-004
 9.3519187e-004
 9.1858878e-004
 9.0261264e-004
 8.8779075e-004
 8.7450130e-004
 8.6304423e-004
 8.5368974e-004
 8.4670784e-004
 8.4237166e-004
 8.4091030e-004
 8.4244291e-004
 8.4689457e-004
 8.5392903e-004
 8.6290849e-004
 8.7291532e-004
 8.8281959e-004
 8.9140900e-004
 8.9755049e-004
 9.0034388e-004
 8.9925586e-004
 8.9418824e-004
 8.8547805e-004
 8.7382231e-004
 8.6016383e-004
 8.4554899e-004
 8.3099178e-004
 8.1738958e-004
 8.0545672e-004
 7.9572102e-004
 7.8852609e-004
 7.8404369e-004
 7.8228489e-004
 7.8308990e-004
 7.8612013e-004
 7.9085538e-004
 7.9662015e-004
 8.0263510e-004
 8.0810854e-004
 8.1233605e-004
 8.1480364e-004
 8.1526412e-004
 8.1376795e-004
 8.1064785e-004
 8.0645824e-004
 8.0188405e-004
 7.9763570e-004
 7.9435838e-004
 7.9255679e-004
 7.9255068e-004
 7.9446024e-004
 7.9821300e-004
 8.0356630e-004
 8.1013975e-004
 8.1745582e-004
 8.2497468e-004
 8.3214277e-004
 8.3842943e-004
 8.4337220e-004
 8.4661559e-004
 8.4793661e-004
 8.4726390e-004
 8.4467692e-004
 8.4039150e-004
 8.3472801e-004
 8.2807691e-004
 8.2085218e-004
 8.1346056e-004
 8.0627337e-004
 7.9961237e-004
 7.9375872e-004
 7.8896451e-004
 7.8547065e-004
 7.8352465e-004
 7.8337750e-004
 7.8526500e-004
 7.8936463e-004
 7.9574145e-004
 8.0428709e-004
 8.1468548e-004
 8.2640030e-004
 8.3871617e-004
 8.5082755e-004
 8.6194504e-004
 8.7143108e-004
 8.7889651e-004
 8.8426506e-004
 8.8777329e-004
 8.8990253e-004
 8.9126977e-004
 8.9248893e-004
 8.9404127e-004
 8.9617801e-004
 8.9887163e-004
 9.0182689e-004
 9.0453791e-004
 9.0638356e-004
 9.0673775e-004
 9.0507325e-004
 9.0104778e-004
 8.9455280e-004
 8.8573189e-004
 8.7495166e-004
 8.6275424e-004
 8.4977999e-004
 8.3667698e-004
 8.2402996e-004
 8.1228133e-004
 8.0169819e-004
 7.9235464e-004
 7.8414776e-004
 7.7685365e-004
 7.7018962e-004
 7.6390157e-004
 7.5783918e-004
 7.5201405e-004
 7.4663555e-004
 7.4209686e-004
 7.3893141e-004
 7.3772471e-004
 7.3900481e-004
 7.4312644e-004
 7.5016537e-004
 7.5985509e-004
 7.7156618e-004
 7.8436616e-004
 7.9712452e-004
 8.0868130e-004
 8.1803853e-004
 8.2452712e-004
 8.2794309e-004
 8.2859263e-004
 8.2725531e-004
 8.2505407e-004
 8.2326325e-004
 8.2308537e-004
 8.2544313e-004
 8.3081907e-004
 8.3917944e-004
 8.4997952e-004
 8.6226931e-004
 8.7484933e-004
 8.8647776e-004
 8.9608127e-004
 9.0292288e-004
 9.0672536e-004
 9.0771139e-004
 9.0655859e-004
 9.0428226e-004
 9.0206251e-004
 9.0104277e-004
 9.0213568e-004
 9.0586639e-004
 9.1228040e-004
 9.2092576e-004
 9.3091861e-004
 9.4108441e-004
 9.5013448e-004
 9.5687789e-004
 9.6039992e-004
 9.6020446e-004
 9.5627818e-004
 9.4907632e-004
 9.3942846e-004
 9.2839828e-004
 9.1711187e-004
 9.0658967e-004
 8.9762622e-004
 8.9070300e-004
 8.8597357e-004
 8.8328845e-004
 8.8226137e-004
 8.8236114e-004
 8.8300888e-004
 8.8367640e-004
 8.8397332e-004
 8.8371866e-004
 8.8298926e-004
 8.8213664e-004
 8.8176480e-004
 8.8266411e-004
 8.8570110e-004
 8.9167291e-004
 9.0114464e-004
 9.1430289e-004
 9.3083549e-004
 9.4989792e-004
 9.7013783e-004
 9.8982465e-004
 1.0070554e-003
 1.0199856e-003
 1.0271048e-003
 1.0274556e-003
 1.0208099e-003
 1.0077362e-003
 9.8956889e-004
 9.6826506e-004
 9.4616011e-004
 9.2569756e-004
 9.0910762e-004
 8.9815847e-004
 8.9395250e-004
 8.9683314e-004
 9.0639677e-004
 9.2159759e-004
 9.4091066e-004
 9.6253486e-004
 9.8460598e-004
 1.0053578e-003
 1.0232833e-003
 1.0372157e-003
 1.0463952e-003
 1.0504925e-003
 1.0495929e-003
 1.0441621e-003
 1.0349804e-003
 1.0230548e-003
 1.0095030e-003
 9.9544437e-004
 9.8187232e-004
 9.6957007e-004
 9.5904240e-004
 9.5049472e-004
 9.4386784e-004
 9.3889982e-004
 9.3521766e-004
 9.3244034e-004
 9.3026075e-004
 9.2850323e-004
 9.2713430e-004
 9.2623068e-004
 9.2591165e-004
 9.2625216e-004
 9.2720479e-004
 9.2855393e-004
 9.2992524e-004
 9.3085278e-004
 9.3089702e-004
 9.2977961e-004
 9.2749897e-004
 9.2438160e-004
 9.2104799e-004
 9.1828319e-004
 9.1684778e-004
 9.1726886e-004
 9.1967813e-004
 9.2374370e-004
 9.2872273e-004
 9.3362975e-004
 9.3746866e-004
 9.3948125e-004
 9.3933119e-004
 9.3718979e-004
 9.3369640e-004
 9.2981849e-004
 9.2664547e-004
 9.2518114e-004
 9.2617411e-004
 9.3002524e-004
 9.3677407e-004
 9.4615796e-004
 9.5770141e-004
 9.7082049e-004
 9.8491472e-004
 9.9941308e-004
 1.0138127e-003
 1.0276709e-003
 1.0406032e-003
 1.0522800e-003
 1.0624166e-003
 1.0707851e-003
 1.0772280e-003
 1.0816641e-003
 1.0841003e-003
 1.0846271e-003
 1.0834093e-003
 1.0806661e-003
 1.0766486e-003
 1.0716100e-003
 1.0657834e-003
 1.0593603e-003
 1.0524760e-003
 1.0452131e-003
 1.0376074e-003
 1.0296796e-003
 1.0214690e-003
 1.0130752e-003
 1.0047057e-003
 9.9669537e-004
 9.8951859e-004
 9.8375569e-004
 9.8002783e-004
 9.7890978e-004
 9.8082167e-004
 9.8593393e-004
 9.9410175e-004
 1.0048542e-003
 1.0174329e-003
 1.0308912e-003
 1.0442337e-003
 1.0565468e-003
 1.0671334e-003
 1.0755780e-003
 1.0817681e-003
 1.0858470e-003
 1.0881125e-003
 1.0888944e-003
 1.0884308e-003
 1.0867803e-003
 1.0837917e-003
 1.0791463e-003
 1.0724647e-003
 1.0634657e-003
 1.0521295e-003
 1.0388230e-003
 1.0243610e-003
 1.0099421e-003
 9.9700259e-004
 9.8697876e-004
 9.8105066e-004
 9.7993389e-004
 9.8374870e-004
 9.9199708e-004
 1.0036470e-003
 1.0173253e-003
 1.0315428e-003
 1.0449296e-003
 1.0564023e-003
 1.0651902e-003
 1.0708065e-003
 1.0729650e-003
 1.0714814e-003
 1.0662382e-003
 1.0571835e-003
 1.0443488e-003
 1.0279204e-003
 1.0083346e-003
 9.8634243e-004
 9.6305751e-004
 9.3989517e-004
 9.1846625e-004
 9.0035523e-004
 8.8685733e-004
 8.7881240e-004
 8.7648834e-004
 8.7956939e-004
 8.8721060e-004
 8.9817378e-004
 9.1097452e-004
 9.2405733e-004
 9.3601563e-004
 9.4578578e-004
 9.5281785e-004
 9.5714704e-004
 9.5937576e-004
 9.6054276e-004
 9.6190145e-004
 9.6464989e-004
 9.6966024e-004
 9.7725983e-004
 9.8713196e-004
 9.9835801e-004
 1.0095709e-003
 1.0191515e-003
 1.0254580e-003
 1.0270132e-003
 1.0226443e-003
 1.0116582e-003
 9.9397486e-004
 9.7020436e-004
 9.4164250e-004
 9.1022113e-004
 8.7834144e-004
 8.4862229e-004
 8.2363363e-004
 8.0554181e-004
 7.9580588e-004
 7.9489651e-004
 8.0214476e-004
 8.1585557e-004
 8.3360233e-004
 8.5260492e-004
 8.7015756e-004
 8.8401703e-004
 8.9266099e-004
 8.9541834e-004
 8.9247664e-004
 8.8478078e-004
 8.7379746e-004
 8.6121826e-004
 8.4862934e-004
 8.3724409e-004
 8.2771387e-004
 8.2007301e-004
 8.1382704e-004
 8.0813456e-004
 8.0205291e-004
 7.9479767e-004
 7.8594661e-004
 7.7557151e-004
 7.6425832e-004
 7.5301796e-004
 7.4312399e-004
 7.3587993e-004
 7.3239848e-004
 7.3340343e-004
 7.3911261e-004
 7.4920960e-004
 7.6291629e-004
 7.7913067e-004
 7.9661951e-004
 8.1422523e-004
 8.3102228e-004
 8.4644760e-004
 8.6032698e-004
 8.7284908e-004
 8.8447449e-004
 8.9579273e-004
 9.0739119e-004
 9.1971981e-004
 9.3300798e-004
 9.4723259e-004
 9.6212333e-004
 9.7722479e-004
 9.9198730e-004
 1.0058481e-003
 1.0183293e-003
 1.0290882e-003
 1.0379523e-003
 1.0449206e-003
 1.0501283e-003
 1.0538060e-003
 1.0562236e-003
 1.0576426e-003
 1.0582787e-003
 1.0582801e-003
 1.0577235e-003
 1.0566243e-003
 1.0549562e-003
 1.0526733e-003
 1.0497337e-003
 1.0461134e-003
 1.0418170e-003
 1.0368767e-003
 1.0313449e-003
 1.0252871e-003
 1.0187720e-003
 1.0118620e-003
 1.0046203e-003
 9.9711376e-004
 9.8943454e-004
 9.8172086e-004
 9.7417668e-004
 9.6709502e-004
 9.6085784e-004
 9.5593260e-004
 9.5283950e-004
 9.5210038e-004
 9.5417385e-004
 9.5938094e-004
 9.6783496e-004
 9.7938976e-004
 9.9362445e-004
 1.0098717e-003
 1.0273008e-003
 1.0449931e-003
 1.0620421e-003
 1.0776487e-003
 1.0911738e-003
 1.1021842e-003
 1.1104678e-003
 1.1160470e-003
 1.1191549e-003
 1.1201832e-003
 1.1196204e-003
 1.1179794e-003
 1.1157329e-003
 1.1132628e-003
 1.1108360e-003
 1.1086047e-003
 1.1066244e-003
 1.1048876e-003
 1.1033579e-003
 1.1020009e-003
 1.1008045e-003
 1.0997853e-003
 1.0989842e-003
 1.0984535e-003
 1.0982411e-003
 1.0983744e-003
 1.0988482e-003
 1.0996193e-003
 1.1006061e-003
 1.1016944e-003
 1.1027523e-003
 1.1036500e-003
 1.1042833e-003
 1.1045974e-003
 1.1046058e-003
 1.1044003e-003
 1.1041450e-003
 1.1040565e-003
 1.1043662e-003
 1.1052696e-003
 1.1068687e-003
 1.1091160e-003
 1.1117688e-003
 1.1143680e-003
 1.1162477e-003
 1.1165792e-003
 1.1144547e-003
 1.1090004e-003
 1.0995084e-003
 1.0855618e-003
 1.0671535e-003
 1.0447401e-003
 1.0192650e-003
 9.9209906e-004
 9.6491014e-004
 9.3951763e-004
 9.1768795e-004
 9.0093451e-004
 8.9036883e-004
 8.8657107e-004
 8.8955404e-004
 8.9878077e-004
 9.1326173e-004
 9.3168428e-004
 9.5258921e-004
 9.7452098e-004
 9.9617534e-004
 1.0165115e-003
 1.0347908e-003
 1.0506046e-003
 1.0638270e-003
 1.0745617e-003
 1.0830705e-003
 1.0896889e-003
 1.0947691e-003
 1.0986263e-003
 1.1015134e-003
 1.1036140e-003
 1.1050499e-003
 1.1059032e-003
 1.1062442e-003
 1.1061584e-003
 1.1057692e-003
 1.1052495e-003
 1.1048188e-003
 1.1047232e-003
 1.1051999e-003
 1.1064264e-003
 1.1084628e-003
 1.1111945e-003
 1.1142892e-003
 1.1171743e-003
 1.1190558e-003
 1.1189722e-003
 1.1158963e-003
 1.1088667e-003
 1.0971468e-003
 1.0803705e-003
 1.0586777e-003
 1.0327874e-003
 1.0039901e-003
 9.7409368e-004
 9.4523985e-004
 9.1970933e-004
 8.9965336e-004
 8.8683207e-004
 8.8241068e-004
 8.8679790e-004
 8.9960056e-004
 9.1967313e-004
 9.4527582e-004
 9.7427471e-004
 1.0043965e-003
 1.0334889e-003
 1.0597088e-003
 1.0816967e-003
 1.0986323e-003
 1.1102612e-003
 1.1168423e-003
 1.1190337e-003
 1.1177615e-003
 1.1140737e-003
 1.1090140e-003
 1.1035168e-003
 1.0983356e-003
 1.0940104e-003
 1.0908758e-003
 1.0890772e-003
 1.0885926e-003
 1.0892556e-003
 1.0907766e-003
 1.0927615e-003
 1.0947161e-003
 1.0960526e-003
 1.0961099e-003
 1.0941880e-003
 1.0895946e-003
 1.0817114e-003
 1.0700653e-003
 1.0544220e-003
 1.0348560e-003
 1.0117692e-003
 9.8590180e-004
 9.5842342e-004
 9.2865888e-004
 8.9969172e-004
 8.7283662e-004
 8.4922119e-004
 8.2961301e-004
 8.1435032e-004
 8.0337137e-004
 7.9632812e-004
 7.9272455e-004
 7.9200353e-004
 7.9360598e-004
 7.9700537e-004
 8.0174836e-004
 8.0749148e-004
 8.1403222e-004
 8.2131772e-004
 8.2942162e-004
 8.3851727e-004
 8.4883341e-004
 8.6062163e-004
 8.7412912e-004
 8.8954723e-004
 9.0696389e-004
 9.2627417e-004
 9.4711257e-004
 9.6883206e-004
 9.9051557e-004
 1.0110663e-003
 1.0292701e-003
 1.0438757e-003
 1.0536651e-003
 1.0575325e-003
 1.0546264e-003
 1.0445112e-003
 1.0273173e-003
 1.0037895e-003
 9.7524066e-004
 9.4339997e-004
 9.1023080e-004
 8.7781699e-004
 8.4822031e-004
 8.2339073e-004
 8.0499449e-004
 7.9421664e-004
 7.9160300e-004
 7.9698017e-004
 8.0952939e-004
 8.2795240e-004
 8.5067429e-004
 8.7598222e-004
 9.0215506e-004
 9.2753646e-004
 9.5065346e-004
 9.7035238e-004
 9.8589214e-004
 9.9700748e-004
 1.0038499e-003
 1.0068847e-003
 1.0067639e-003
 1.0042255e-003
 1.0000271e-003
 9.9489721e-004
 9.8948285e-004
 9.8428724e-004
 9.7962352e-004
 9.7559171e-004
 9.7209751e-004
 9.6890697e-004
 9.6570014e-004
 9.6212036e-004
 9.5780723e-004
 9.5242547e-004
 9.4570604e-004
 9.3748525e-004
 9.2774909e-004
 9.1664720e-004
 9.0447231e-004
 8.9163129e-004
 8.7858987e-004
 8.6584780e-004
 8.5390988e-004
 8.4326143e-004
 8.3435490e-004
 8.2757272e-004
 8.2321186e-004
 8.2146982e-004
 8.2245475e-004
 8.2620978e-004
 8.3273603e-004
 8.4201287e-004
 8.5399364e-004
 8.6859777e-004
 8.8566571e-004
 9.0491335e-004
 9.2589634e-004
 9.4797596e-004
 9.7035686e-004
 9.9211303e-004
 1.0122478e-003
 1.0297474e-003
 1.0436127e-003
 1.0529407e-003
 1.0570134e-003
 1.0554326e-003
 1.0482302e-003
 1.0359167e-003
 1.0194291e-003
 1.0000254e-003
 9.7915297e-004
 9.5833110e-004
 9.3908433e-004
 9.2283450e-004
 9.1079873e-004
 9.0383523e-004
 9.0231514e-004
 9.0607605e-004
 9.1446831e-004
 9.2648872e-004
 9.4091758e-004
 9.5644710e-004
 9.7175827e-004
 9.8560844e-004
 9.9693972e-004
 1.0049928e-003
 1.0094262e-003
 1.0103529e-003
 1.0083010e-003
 1.0041022e-003
 9.9876930e-004
 9.9339162e-004
 9.8905875e-004
 9.8677853e-004
 9.8737120e-004
 9.9134236e-004
 9.9877152e-004
 1.0092630e-003
 1.0219928e-003
 1.0358264e-003
 1.0494394e-003
 1.0614302e-003
 1.0704122e-003
 1.0751031e-003
 1.0744664e-003
 1.0678722e-003
 1.0552478e-003
 1.0371302e-003
 1.0146175e-003
 9.8920683e-004
 9.6264499e-004
 9.3678373e-004
 9.1346382e-004
 8.9442742e-004
 8.8115485e-004
 8.7470893e-004
 8.7557238e-004
 8.8359020e-004
 8.9802849e-004
 9.1773376e-004
 9.4129384e-004
 9.6717861e-004
 9.9384750e-004
 1.0198090e-003
 1.0437213e-003
 1.0645037e-003
 1.0814096e-003
 1.0940834e-003
 1.1025075e-003
 1.1069204e-003
 1.1077152e-003
 1.1053581e-003
 1.1003438e-003
 1.0931734e-003
 1.0843446e-003
 1.0743390e-003
 1.0636258e-003
 1.0526500e-003
 1.0418436e-003
 1.0316246e-003
 1.0223995e-003
 1.0145702e-003
 1.0085187e-003
 1.0045939e-003
 1.0030697e-003
 1.0040979e-003
 1.0076652e-003
 1.0135765e-003
 1.0214706e-003
 1.0308638e-003
 1.0412035e-003
 1.0519025e-003
 1.0623733e-003
 1.0720632e-003
 1.0804863e-003
 1.0872812e-003
 1.0922466e-003
 1.0953639e-003
 1.0967787e-003
 1.0967558e-003
 1.0956329e-003
 1.0937799e-003
 1.0915716e-003
 1.0893666e-003
 1.0874773e-003
 1.0861409e-003
 1.0854924e-003
 1.0855519e-003
 1.0862370e-003
 1.0873898e-003
 1.0888063e-003
 1.0902630e-003
 1.0915342e-003
 1.0924067e-003
 1.0927012e-003
 1.0922936e-003
 1.0911360e-003
 1.0892638e-003
 1.0867885e-003
 1.0838765e-003
 1.0807293e-003
 1.0775613e-003
 1.0745880e-003
 1.0720155e-003
 1.0700203e-003
 1.0687328e-003
 1.0682221e-003
 1.0684860e-003
 1.0694608e-003
 1.0710348e-003
 1.0730701e-003
 1.0754154e-003
 1.0779180e-003
 1.0804288e-003
 1.0828160e-003
 1.0849731e-003
 1.0868274e-003
 1.0883465e-003
 1.0895330e-003
 1.0904141e-003
 1.0910339e-003
 1.0914431e-003
 1.0916947e-003
 1.0918399e-003
 1.0919253e-003
 1.0919889e-003
 1.0920570e-003
 1.0921432e-003
 1.0922494e-003
 1.0923689e-003
 1.0924898e-003
 1.0925981e-003
 1.0926785e-003
 1.0927164e-003
 1.0926977e-003
 1.0926105e-003
 1.0924455e-003
 1.0921954e-003
 1.0918563e-003
 1.0914254e-003
 1.0909016e-003
 1.0902840e-003
 1.0895730e-003
 1.0887701e-003
 1.0878796e-003
 1.0869105e-003
 1.0858786e-003
 1.0848060e-003
 1.0837213e-003
 1.0826582e-003
 1.0816526e-003
 1.0807409e-003
 1.0799599e-003
 1.0793414e-003
 1.0789103e-003
 1.0786784e-003
 1.0786405e-003
 1.0787720e-003
 1.0790313e-003
 1.0793635e-003
 1.0797069e-003
 1.0799963e-003
 1.0801667e-003
 1.0801579e-003
 1.0799192e-003
 1.0794163e-003
 1.0786374e-003
 1.0775954e-003
 1.0763246e-003
 1.0748771e-003
 1.0733140e-003
 1.0717001e-003
 1.0701023e-003
 1.0685833e-003
 1.0671983e-003
 1.0659914e-003
 1.0649882e-003
 1.0641966e-003
 1.0636072e-003
 1.0631988e-003
 1.0629420e-003
 1.0628045e-003
 1.0627537e-003
 1.0627590e-003
 1.0627953e-003
 1.0628469e-003
 1.0629102e-003
 1.0629959e-003
 1.0631268e-003
 1.0633353e-003
 1.0636591e-003
 1.0641379e-003
 1.0648108e-003
 1.0657135e-003
 1.0668737e-003
 1.0683041e-003
 1.0700000e-003
 1.0719358e-003
 1.0740659e-003
 1.0763323e-003
 1.0786683e-003
 1.0810040e-003
 1.0832682e-003
 1.0853939e-003
 1.0873218e-003
 1.0890035e-003
 1.0904092e-003
 1.0915275e-003
 1.0923633e-003
 1.0929346e-003
 1.0932671e-003
 1.0933893e-003
 1.0933315e-003
 1.0931226e-003
 1.0927892e-003
 1.0923538e-003
 1.0918330e-003
 1.0912366e-003
 1.0905690e-003
 1.0898302e-003
 1.0890173e-003
 1.0881270e-003
 1.0871565e-003
 1.0861050e-003
 1.0849769e-003
 1.0837865e-003
 1.0825587e-003
 1.0813320e-003
 1.0801576e-003
 1.0790945e-003
 1.0782068e-003
 1.0775612e-003
 1.0772216e-003
 1.0772458e-003
 1.0776774e-003
 1.0785364e-003
 1.0798107e-003
 1.0814535e-003
 1.0833845e-003
 1.0855012e-003
 1.0876873e-003
 1.0898192e-003
 1.0917756e-003
 1.0934428e-003
 1.0947239e-003
 1.0955528e-003
 1.0959038e-003
 1.0957957e-003
 1.0952880e-003
 1.0944700e-003
 1.0934485e-003
 1.0923388e-003
 1.0912562e-003
 1.0903092e-003
 1.0895925e-003
 1.0891742e-003
 1.0890883e-003
 1.0893306e-003
 1.0898623e-003
 1.0906191e-003
 1.0915217e-003
 1.0924835e-003
 1.0934176e-003
 1.0942419e-003
 1.0948844e-003
 1.0952927e-003
 1.0954399e-003
 1.0953266e-003
 1.0949796e-003
 1.0944442e-003
 1.0937768e-003
 1.0930393e-003
 1.0922939e-003
 1.0916004e-003
 1.0910121e-003
 1.0905702e-003
 1.0903006e-003
 1.0902116e-003
 1.0902958e-003
 1.0905344e-003
 1.0909016e-003
 1.0913679e-003
 1.0919034e-003
 1.0924785e-003
 1.0930649e-003
 1.0936377e-003
 1.0941761e-003
 1.0946634e-003
 1.0950877e-003
 1.0954399e-003
 1.0957125e-003
 1.0958991e-003
 1.0959941e-003
 1.0959926e-003
 1.0958909e-003
 1.0956876e-003
 1.0953840e-003
 1.0949853e-003
 1.0944990e-003
 1.0939350e-003
 1.0933047e-003
 1.0926205e-003
 1.0918953e-003
 1.0911437e-003
 1.0903843e-003
 1.0896409e-003
 1.0889445e-003
 1.0883355e-003
 1.0878610e-003
 1.0875741e-003
 1.0875306e-003
 1.0877876e-003
 1.0883996e-003
 1.0894142e-003
 1.0908651e-003
 1.0927614e-003
 1.0950810e-003
 1.0977638e-003
 1.1007186e-003
 1.1038313e-003
 1.1069709e-003
 1.1100027e-003
 1.1127931e-003
 1.1152143e-003
 1.1171591e-003
 1.1185503e-003
 1.1193524e-003
 1.1195758e-003
 1.1192730e-003
 1.1185273e-003
 1.1174403e-003
 1.1161228e-003
 1.1146875e-003
 1.1132478e-003
 1.1119118e-003
 1.1107812e-003
 1.1099491e-003
 1.1094972e-003
 1.1094981e-003
 1.1100181e-003
 1.1111191e-003
 1.1128617e-003
 1.1153094e-003
 1.1185302e-003
 1.1226075e-003
 1.1276479e-003
 1.1337857e-003
 1.1411924e-003
 1.1500693e-003
 1.1606434e-003
 1.1731472e-003
 1.1878265e-003
 1.2049291e-003
 1.2246852e-003
 1.2473238e-003
 1.2730551e-003
 1.3020410e-003
 1.3344294e-003
 1.3703414e-003
 1.4098504e-003
 1.4530398e-003
 1.4999710e-003
 1.5506936e-003
 1.6051631e-003
 1.6632561e-003
 1.7246637e-003
 1.7887754e-003
 1.8547402e-003
 1.9214512e-003
 1.9875646e-003
 2.0516736e-003
 2.1123104e-003
 2.1680286e-003
 2.2174157e-003
 2.2592607e-003
 2.2926177e-003
 2.3168845e-003
 2.3318913e-003
 2.3378278e-003
 2.3351514e-003
 2.3244880e-003
 2.3065340e-003
 2.2820258e-003
 2.2516837e-003
 2.2162052e-003
 2.1762303e-003
 2.1323620e-003
 2.0851023e-003
 2.0348839e-003
 1.9821280e-003
 1.9271912e-003
 1.8704148e-003
 1.8121810e-003
 1.7528422e-003
 1.6927907e-003
 1.6324475e-003
 1.5723358e-003
 1.5130017e-003
 1.4550516e-003
 1.3991764e-003
 1.3460496e-003
 1.2963528e-003
 1.2507873e-003
 1.2099658e-003
 1.1744051e-003
 1.1444344e-003
 1.1201582e-003
 1.1013875e-003
 1.0876930e-003
 1.0784731e-003
 1.0730081e-003
 1.0705320e-003
 1.0702715e-003
 1.0714753e-003
 1.0734561e-003
 1.0756311e-003
 1.0775633e-003
 1.0789759e-003
 1.0797365e-003
 1.0798187e-003
 1.0792608e-003
 1.0781316e-003
 1.0765129e-003
 1.0744890e-003
 1.0721436e-003
 1.0695591e-003
 1.0668130e-003
 1.0639791e-003
 1.0611267e-003
 1.0583251e-003
 1.0556392e-003
 1.0531334e-003
 1.0508713e-003
 1.0489104e-003
 1.0472982e-003
 1.0460668e-003
 1.0452244e-003
 1.0447541e-003
 1.0446167e-003
 1.0447574e-003
 1.0451130e-003
 1.0456162e-003
 1.0461998e-003
 1.0467989e-003
 1.0473541e-003
 1.0478132e-003
 1.0481356e-003
 1.0482916e-003
 1.0482627e-003
 1.0480393e-003
 1.0476173e-003
 1.0469952e-003
 1.0461735e-003
 1.0451528e-003
 1.0439341e-003
 1.0425205e-003
 1.0409778e-003
 1.0396300e-003
 1.0378129e-003
 1.0360561e-003
 1.0344578e-003
 1.0331175e-003
 1.0321338e-003
 1.0316062e-003
 1.0316337e-003
 1.0323151e-003
 1.0337494e-003
 1.0360134e-003
 1.0389651e-003
 1.0423461e-003
 1.0458967e-003
 1.0493573e-003
 1.0524666e-003
 1.0549651e-003
 1.0565929e-003
 1.0570904e-003
 1.0561968e-003
 1.0536524e-003
 1.0491974e-003
 1.0425700e-003
 1.0335132e-003
 1.0218051e-003
 1.0075843e-003
 9.9118229e-004
 9.7292766e-004
 9.5316273e-004
 9.3221641e-004
 9.1042201e-004
 8.8810752e-004
 8.6561684e-004
 8.4327796e-004
 8.2142424e-004
 8.0038403e-004
 7.8050059e-004
 7.6210219e-004
 7.4552203e-004
 7.3109346e-004
 7.1914709e-004
 7.1002211e-004
 7.0401019e-004
 7.0106518e-004
 7.0096244e-004
 7.0347555e-004
 7.0837763e-004
 7.1544223e-004
 7.2444516e-004
 7.3515589e-004
 7.4734940e-004
 7.6079956e-004
 7.7527971e-004
 7.9056731e-004
 8.0642820e-004
 8.2263979e-004
 8.3897542e-004
 8.5521257e-004
 8.7111676e-004
 8.8646566e-004
 9.0103259e-004
 9.1459433e-004
 9.2691771e-004
 9.3777978e-004
 9.4697729e-004
 9.5450925e-004
 9.6047157e-004
 9.6496684e-004
 9.6809521e-004
 9.6995739e-004
 9.7065361e-004
 9.7028405e-004
 9.6894940e-004
 9.6675009e-004
 9.6378569e-004
 9.6015818e-004
 9.5596723e-004
 9.5131312e-004
 9.4629533e-004
 9.4101654e-004
 9.3557592e-004
 9.3007408e-004
 9.2461123e-004
 9.1928651e-004
 9.1420312e-004
 9.0946007e-004
 9.0515771e-004
 9.0139575e-004
 8.9827628e-004
 8.9589879e-004
 8.9435279e-004
 8.9363812e-004
 8.9371053e-004
 8.9452509e-004
 8.9603686e-004
 8.9820119e-004
 9.0097374e-004
 9.0430869e-004
 9.0816169e-004
 9.1248797e-004
 9.1724400e-004
 9.2238252e-004
 9.2785992e-004
 9.3363144e-004
 9.3965378e-004
 9.4587909e-004
 9.5226418e-004
 9.5876411e-004
 9.6533564e-004
 9.7193115e-004
 9.7850710e-004
 9.8501856e-004
 9.9142105e-004
 9.9767116e-004
 1.0037210e-003
 1.0095275e-003
 1.0150456e-003
 1.0202319e-003
 1.0250390e-003
 1.0294234e-003
 1.0333455e-003
 1.0368064e-003
 1.0398239e-003
 1.0424185e-003
