s07_ASD Record=8465:  error bars to preceding                
-1.2300000e+034
 7.1809319e-004
 7.5465685e-004
 6.5452332e-004
 7.1309885e-004
 7.4705761e-004
 6.2442978e-004
 5.6586199e-004
 7.9188938e-004
 7.1345532e-004
 6.5909664e-004
 7.0200174e-004
 6.8596361e-004
 6.5554533e-004
 6.9280050e-004
 7.5289072e-004
 7.3468784e-004
 7.5729704e-004
 7.7686843e-004
 7.4513699e-004
 7.3127256e-004
 7.5368379e-004
 7.8998035e-004
 8.0862798e-004
 8.0401165e-004
 7.7619689e-004
 7.4613531e-004
 7.5377576e-004
 8.0854015e-004
 8.2939398e-004
 7.7257637e-004
 7.5473054e-004
 7.6776854e-004
 7.9230330e-004
 8.0670440e-004
 7.8672252e-004
 7.7092811e-004
 7.8418205e-004
 8.2268711e-004
 8.3355483e-004
 8.3460705e-004
 8.4462023e-004
 8.1209501e-004
 8.0812222e-004
 8.3683961e-004
 8.5978530e-004
 8.5316953e-004
 8.4958167e-004
 8.6021994e-004
 8.5562165e-004
 8.4853556e-004
 8.4967702e-004
 8.6230168e-004
 8.6970534e-004
 8.7260210e-004
 8.7570649e-004
 8.8572199e-004
 8.9337322e-004
 9.0218981e-004
 9.1223902e-004
 9.1374927e-004
 9.1296394e-004
 9.1444736e-004
 9.2007691e-004
 9.2033367e-004
 9.2250609e-004
 9.2611735e-004
 9.2564308e-004
 9.2491054e-004
 9.2705945e-004
 9.3391637e-004
 9.4534439e-004
 9.5379323e-004
 9.5373922e-004
 9.4627088e-004
 9.5754990e-004
 9.6209988e-004
 9.5579564e-004
 9.5759059e-004
 9.6172700e-004
 9.6487673e-004
 9.6663594e-004
 9.7361108e-004
 9.7741617e-004
 9.7846007e-004
 9.8096812e-004
 9.8319747e-004
 9.8755874e-004
 9.9208939e-004
 9.8868657e-004
 9.9646614e-004
 1.0027806e-003
 9.9632784e-004
 9.9763134e-004
 1.0012827e-003
 1.0044537e-003
 1.0062909e-003
 1.0079680e-003
 1.0091485e-003
 1.0097817e-003
 1.0105120e-003
 1.0122323e-003
 1.0142028e-003
 1.0155498e-003
 1.0187409e-003
 1.0233049e-003
 1.0268277e-003
 1.0258553e-003
 1.0281589e-003
 1.0322430e-003
 1.0358737e-003
 1.0398400e-003
 1.0424134e-003
 1.0441017e-003
 1.0461190e-003
 1.0462969e-003
 1.0502795e-003
 1.0574358e-003
 1.0586292e-003
 1.0591119e-003
 1.0606149e-003
 1.0637506e-003
 1.0685849e-003
 1.0714172e-003
 1.0742825e-003
 1.0817499e-003
 1.0826123e-003
 1.0837734e-003
 1.0893401e-003
 1.0942065e-003
 1.0978518e-003
 1.1004518e-003
 1.1027579e-003
 1.1059748e-003
 1.1106239e-003
 1.1146973e-003
 1.1144674e-003
 1.1195812e-003
 1.1237232e-003
 1.1228524e-003
 1.1262025e-003
 1.1304049e-003
 1.1345852e-003
 1.1388913e-003
 1.1431302e-003
 1.1452694e-003
 1.1464439e-003
 1.1520871e-003
 1.1598079e-003
 1.1657785e-003
 1.1687300e-003
 1.1781791e-003
 1.1872626e-003
 1.1920100e-003
 1.1919150e-003
 1.1984060e-003
 1.2065960e-003
 1.2122773e-003
 1.2176997e-003
 1.2223396e-003
 1.2271563e-003
 1.2328399e-003
 1.2353990e-003
 1.2388119e-003
 1.2442135e-003
 1.2492485e-003
 1.2523981e-003
 1.2555741e-003
 1.2604081e-003
 1.2654735e-003
 1.2696523e-003
 1.2735421e-003
 1.2785159e-003
 1.2827894e-003
 1.2862756e-003
 1.2891779e-003
 1.2918964e-003
 1.2957836e-003
 1.3001622e-003
 1.3038267e-003
 1.3060031e-003
 1.3097173e-003
 1.3146282e-003
 1.3175876e-003
 1.3218734e-003
 1.3269281e-003
 1.3315621e-003
 1.3343372e-003
 1.3384731e-003
 1.3433418e-003
 1.3468791e-003
 1.3501275e-003
 1.3521392e-003
 1.3537466e-003
 1.3582453e-003
 1.3619121e-003
 1.3641971e-003
 1.3658161e-003
 1.3686642e-003
 1.3703781e-003
 1.3714884e-003
 1.3743720e-003
 1.3773890e-003
 1.3802521e-003
 1.3830455e-003
 1.3862794e-003
 1.3891137e-003
 1.3915107e-003
 1.3939447e-003
 1.3981438e-003
 1.4021168e-003
 1.4043844e-003
 1.4044410e-003
 1.4053512e-003
 1.4059831e-003
 1.4054341e-003
 1.4066137e-003
 1.4087587e-003
 1.4119428e-003
 1.4165059e-003
 1.4209042e-003
 1.4244601e-003
 1.4279349e-003
 1.4344163e-003
 1.4399355e-003
 1.4430609e-003
 1.4433597e-003
 1.4400786e-003
 1.4379496e-003
 1.4371207e-003
 1.4333589e-003
 1.4291262e-003
 1.4240560e-003
 1.4178402e-003
 1.4113701e-003
 1.4050553e-003
 1.4004512e-003
 1.3997019e-003
 1.4052271e-003
 1.4108779e-003
 1.4129106e-003
 1.4120479e-003
 1.4136385e-003
 1.4170567e-003
 1.4198677e-003
 1.4195141e-003
 1.4204170e-003
 1.4222993e-003
 1.4217104e-003
 1.4200143e-003
 1.4176242e-003
 1.4151313e-003
 1.4138089e-003
 1.4122461e-003
 1.4109691e-003
 1.4106738e-003
 1.4094198e-003
 1.4077291e-003
 1.4061086e-003
 1.4049116e-003
 1.4034525e-003
 1.4027723e-003
 1.4031727e-003
 1.4020079e-003
 1.4004582e-003
 1.3985921e-003
 1.3961393e-003
 1.3944187e-003
 1.3923927e-003
 1.3898218e-003
 1.3880450e-003
 1.3861888e-003
 1.3846396e-003
 1.3835778e-003
 1.3809905e-003
 1.3791263e-003
 1.3786820e-003
 1.3789716e-003
 1.3774224e-003
 1.3746764e-003
 1.3723569e-003
 1.3733633e-003
 1.3722052e-003
 1.3698816e-003
 1.3691096e-003
 1.3685846e-003
 1.3674702e-003
 1.3665754e-003
 1.3680516e-003
 1.3676948e-003
 1.3672857e-003
 1.3683896e-003
 1.3690569e-003
 1.3678038e-003
 1.3663714e-003
 1.3671794e-003
 1.3656073e-003
 1.3646905e-003
 1.3653283e-003
 1.3650148e-003
 1.3648281e-003
 1.3646723e-003
 1.3643616e-003
 1.3644376e-003
 1.3643926e-003
 1.3643041e-003
 1.3643071e-003
 1.3623061e-003
 1.3613069e-003
 1.3621697e-003
 1.3614723e-003
 1.3623213e-003
 1.3630695e-003
 1.3618673e-003
 1.3615434e-003
 1.3609648e-003
 1.3602979e-003
 1.3605695e-003
 1.3606146e-003
 1.3609538e-003
 1.3619603e-003
 1.3632933e-003
 1.3636965e-003
 1.3635273e-003
 1.3637005e-003
 1.3648130e-003
 1.3655194e-003
 1.3659487e-003
 1.3673750e-003
 1.3666645e-003
 1.3660272e-003
 1.3668049e-003
 1.3666053e-003
 1.3639939e-003
 1.3611782e-003
 1.3607368e-003
 1.3588993e-003
 1.3572238e-003
 1.3557673e-003
 1.3530565e-003
 1.3513963e-003
 1.3501066e-003
 1.3484650e-003
 1.3469091e-003
 1.3466522e-003
 1.3468505e-003
 1.3460703e-003
 1.3445631e-003
 1.3435089e-003
 1.3434968e-003
 1.3443194e-003
 1.3428523e-003
 1.3407220e-003
 1.3395101e-003
 1.3381739e-003
 1.3382691e-003
 1.3380568e-003
 1.3355968e-003
 1.3360402e-003
 1.3353199e-003
 1.3327908e-003
 1.3317516e-003
 1.3302565e-003
 1.3287325e-003
 1.3276945e-003
 1.3268732e-003
 1.3263889e-003
 1.3253812e-003
 1.3232087e-003
 1.3227767e-003
 1.3222141e-003
 1.3211417e-003
 1.3208161e-003
 1.3179738e-003
 1.3154787e-003
 1.3151388e-003
 1.3137332e-003
 1.3126620e-003
 1.3113765e-003
 1.3091378e-003
 1.3082679e-003
 1.3072463e-003
 1.3055120e-003
 1.3035407e-003
 1.3019306e-003
 1.3006922e-003
 1.2996440e-003
 1.2985647e-003
 1.2957058e-003
 1.2930011e-003
 1.2923256e-003
 1.2890267e-003
 1.2872464e-003
 1.2867578e-003
 1.2841015e-003
 1.2817421e-003
 1.2796100e-003
 1.2774348e-003
 1.2750867e-003
 1.2727934e-003
 1.2706582e-003
 1.2687031e-003
 1.2668984e-003
 1.2644865e-003
 1.2617433e-003
 1.2594169e-003
 1.2564077e-003
 1.2532492e-003
 1.2506372e-003
 1.2491994e-003
 1.2468366e-003
 1.2440463e-003
 1.2416267e-003
 1.2394203e-003
 1.2371988e-003
 1.2347054e-003
 1.2318862e-003
 1.2296767e-003
 1.2276429e-003
 1.2253196e-003
 1.2223218e-003
 1.2199603e-003
 1.2173580e-003
 1.2139743e-003
 1.2104801e-003
 1.2088766e-003
 1.2073242e-003
 1.2039555e-003
 1.2020912e-003
 1.1986897e-003
 1.1953674e-003
 1.1955299e-003
 1.1921524e-003
 1.1885054e-003
 1.1864826e-003
 1.1848930e-003
 1.1821075e-003
 1.1794190e-003
 1.1777281e-003
 1.1753262e-003
 1.1730772e-003
 1.1708562e-003
 1.1683070e-003
 1.1655290e-003
 1.1630900e-003
 1.1611071e-003
 1.1592384e-003
 1.1565688e-003
 1.1541523e-003
 1.1522939e-003
 1.1498651e-003
 1.1479100e-003
 1.1460714e-003
 1.1438103e-003
 1.1409355e-003
 1.1386735e-003
 1.1368294e-003
 1.1347467e-003
 1.1328731e-003
 1.1301343e-003
 1.1273840e-003
 1.1266026e-003
 1.1253776e-003
 1.1237923e-003
 1.1219470e-003
 1.1195908e-003
 1.1171087e-003
 1.1145732e-003
 1.1124278e-003
 1.1125064e-003
 1.1102739e-003
 1.1073900e-003
 1.1065733e-003
 1.1040258e-003
 1.1025436e-003
 1.1019743e-003
 1.1001721e-003
 1.0966880e-003
 1.0945486e-003
 1.0938629e-003
 1.0912829e-003
 1.0900685e-003
 1.0894233e-003
 1.0882942e-003
 1.0865876e-003
 1.0852009e-003
 1.0841283e-003
 1.0831117e-003
 1.0820947e-003
 1.0816249e-003
 1.0806307e-003
 1.0778103e-003
 1.0748962e-003
 1.0728709e-003
 1.0720290e-003
 1.0718780e-003
 1.0702275e-003
 1.0683822e-003
 1.0671134e-003
 1.0659075e-003
 1.0643500e-003
 1.0624756e-003
 1.0605981e-003
 1.0592174e-003
 1.0595301e-003
 1.0590568e-003
 1.0560420e-003
 1.0546973e-003
 1.0530582e-003
 1.0519020e-003
 1.0524504e-003
 1.0519157e-003
 1.0504526e-003
 1.0487268e-003
 1.0476138e-003
 1.0474549e-003
 1.0466872e-003
 1.0452801e-003
 1.0448105e-003
 1.0433438e-003
 1.0409885e-003
 1.0389866e-003
 1.0395752e-003
 1.0375513e-003
 1.0350085e-003
 1.0342195e-003
 1.0335924e-003
 1.0339774e-003
 1.0340839e-003
 1.0327328e-003
 1.0313857e-003
 1.0292151e-003
 1.0275990e-003
 1.0278418e-003
 1.0265296e-003
 1.0253517e-003
 1.0246594e-003
 1.0238440e-003
 1.0228191e-003
 1.0205416e-003
 1.0183740e-003
 1.0191215e-003
 1.0176017e-003
 1.0157225e-003
 1.0148411e-003
 1.0144148e-003
 1.0140189e-003
 1.0113035e-003
 1.0074344e-003
 1.0091225e-003
 1.0084331e-003
 1.0066382e-003
 1.0055518e-003
 1.0033798e-003
 1.0017348e-003
 1.0009208e-003
 1.0001614e-003
 9.9671516e-004
 9.9522807e-004
 9.9484564e-004
 9.9325960e-004
 9.9032861e-004
 9.8827202e-004
 9.8751695e-004
 9.8744489e-004
 9.8714104e-004
 9.8648889e-004
 9.8452519e-004
 9.8089536e-004
 9.8048756e-004
 9.7919593e-004
 9.7741594e-004
 9.7781059e-004
 9.7419514e-004
 9.7079604e-004
 9.6868817e-004
 9.6605677e-004
 9.6684042e-004
 9.6472079e-004
 9.5987832e-004
 9.5895055e-004
 9.5793966e-004
 9.5766084e-004
 9.5731649e-004
 9.5443154e-004
 9.5533376e-004
 9.5384830e-004
 9.4850332e-004
 9.4569562e-004
 9.4344054e-004
 9.4060617e-004
 9.3757239e-004
 9.3644531e-004
 9.3254849e-004
 9.2940789e-004
 9.2938804e-004
 9.3055971e-004
 9.3192334e-004
 9.2990568e-004
 9.2464098e-004
 9.2255056e-004
 9.2245155e-004
 9.2033116e-004
 9.1483654e-004
 9.1048673e-004
 9.1222051e-004
 9.1283343e-004
 9.0883503e-004
 9.0884586e-004
 9.0456021e-004
 9.0099807e-004
 9.0099557e-004
 8.9776813e-004
 8.9383923e-004
 8.9080742e-004
 8.8924164e-004
 8.8823267e-004
 8.8681962e-004
 8.8636100e-004
 8.8665739e-004
 8.8395434e-004
 8.7627053e-004
 8.7193720e-004
 8.7303540e-004
 8.6748094e-004
 8.6600933e-004
 8.6703204e-004
 8.6538080e-004
 8.5585343e-004
 8.5857278e-004
 8.6287502e-004
 8.6045376e-004
 8.5748360e-004
 8.5676869e-004
 8.5384783e-004
 8.4832776e-004
 8.4702409e-004
 8.3968573e-004
 8.3921506e-004
 8.4528711e-004
 8.3916745e-004
 8.4052229e-004
 8.4026740e-004
 8.3503057e-004
 8.3198148e-004
 8.2602992e-004
 8.2195608e-004
 8.2214875e-004
 8.2498015e-004
 8.2854595e-004
 8.2588440e-004
 8.0237223e-004
 7.9716067e-004
 7.9205103e-004
 7.8723568e-004
 7.8286510e-004
 7.7902980e-004
 7.7575317e-004
 7.7299989e-004
 7.7069807e-004
 7.6875696e-004
 7.6708320e-004
 7.6558458e-004
 7.6416734e-004
 7.6273392e-004
 7.6118443e-004
 7.5942639e-004
 7.5739372e-004
 7.5506477e-004
 7.5247750e-004
 7.4973208e-004
 7.4698060e-004
 7.4440887e-004
 7.4220722e-004
 7.4054417e-004
 7.3953927e-004
 7.3924329e-004
 7.3962763e-004
 7.4058422e-004
 7.4193685e-004
 7.4346410e-004
 7.4493169e-004
 7.4612594e-004
 7.4688770e-004
 7.4713526e-004
 7.4687536e-004
 7.4619730e-004
 7.4525177e-004
 7.4421795e-004
 7.4326660e-004
 7.4252562e-004
 7.4205716e-004
 7.4185152e-004
 7.4183737e-004
 7.4190536e-004
 7.4193842e-004
 7.4183993e-004
 7.4155384e-004
 7.4107276e-004
 7.4043352e-004
 7.3970365e-004
 7.3896180e-004
 7.3827844e-004
 7.3770073e-004
 7.3724450e-004
 7.3689665e-004
 7.3662360e-004
 7.3638535e-004
 7.3614914e-004
 7.3589897e-004
 7.3563831e-004
 7.3538680e-004
 7.3517230e-004
 7.3502143e-004
 7.3495286e-004
 7.3497347e-004
 7.3507911e-004
 7.3525804e-004
 7.3549431e-004
 7.3577085e-004
 7.3606963e-004
 7.3637016e-004
 7.3664752e-004
 7.3687109e-004
 7.3700619e-004
 7.3701871e-004
 7.3688303e-004
 7.3659082e-004
 7.3615834e-004
 7.3562976e-004
 7.3507463e-004
 7.3457888e-004
 7.3423109e-004
 7.3410757e-004
 7.3425827e-004
 7.3469820e-004
 7.3540577e-004
 7.3632825e-004
 7.3739281e-004
 7.3852175e-004
 7.3964836e-004
 7.4072846e-004
 7.4174732e-004
 7.4271677e-004
 7.4366544e-004
 7.4462401e-004
 7.4560853e-004
 7.4661110e-004
 7.4759778e-004
 7.4851763e-004
 7.4931845e-004
 7.4996299e-004
 7.5044174e-004
 7.5077615e-004
 7.5101381e-004
 7.5121713e-004
 7.5145101e-004
 7.5177260e-004
 7.5222569e-004
 7.5283920e-004
 7.5362850e-004
 7.5459748e-004
 7.5574202e-004
 7.5705175e-004
 7.5851317e-004
 7.6011167e-004
 7.6183031e-004
 7.6364749e-004
 7.6553336e-004
 7.6744379e-004
 7.6932175e-004
 7.7109988e-004
 7.7271147e-004
 7.7410415e-004
 7.7525165e-004
 7.7616324e-004
 7.7688432e-004
 7.7749166e-004
 7.7808253e-004
 7.7876070e-004
 7.7962381e-004
 7.8075007e-004
 7.8218844e-004
 7.8395149e-004
 7.8600907e-004
 7.8828994e-004
 7.9068547e-004
 7.9306285e-004
 7.9528475e-004
 7.9723023e-004
 7.9881708e-004
 8.0001785e-004
 8.0086337e-004
 8.0143684e-004
 8.0185605e-004
 8.0225122e-004
 8.0274284e-004
 8.0342341e-004
 8.0434716e-004
 8.0552645e-004
 8.0693397e-004
 8.0851029e-004
 8.1017305e-004
 8.1183022e-004
 8.1339304e-004
 8.1478973e-004
 8.1597804e-004
 8.1695133e-004
 8.1774150e-004
 8.1841269e-004
 8.1905077e-004
 8.1974769e-004
 8.2058378e-004
 8.2161324e-004
 8.2285353e-004
 8.2428264e-004
 8.2584517e-004
 8.2746369e-004
 8.2905561e-004
 8.3055079e-004
 8.3190366e-004
 8.3310140e-004
 8.3416217e-004
 8.3512824e-004
 8.3605346e-004
 8.3698891e-004
 8.3797215e-004
 8.3901954e-004
 8.4012584e-004
 8.4126944e-004
 8.4242033e-004
 8.4355113e-004
 8.4464403e-004
 8.4569550e-004
 8.4671582e-004
 8.4772281e-004
 8.4873446e-004
 8.4975990e-004
 8.5079361e-004
 8.5181388e-004
 8.5278525e-004
 8.5366587e-004
 8.5441698e-004
 8.5501093e-004
 8.5543829e-004
 8.5571076e-004
 8.5586100e-004
 8.5594004e-004
 8.5601234e-004
 8.5614907e-004
 8.5642055e-004
 8.5688644e-004
 8.5758651e-004
 8.5853064e-004
 8.5969403e-004
 8.6101581e-004
 8.6240622e-004
 8.6376007e-004
 8.6497370e-004
 8.6596434e-004
 8.6668308e-004
 8.6712296e-004
 8.6731726e-004
 8.6733018e-004
 8.6724281e-004
 8.6713675e-004
 8.6707977e-004
 8.6711603e-004
 8.6726254e-004
 8.6751312e-004
 8.6784782e-004
 8.6824549e-004
 8.6869608e-004
 8.6920743e-004
 8.6980592e-004
 8.7052950e-004
 8.7141542e-004
 8.7248773e-004
 8.7374682e-004
 8.7516569e-004
 8.7669329e-004
 8.7826187e-004
 8.7979937e-004
 8.8123913e-004
 8.8252942e-004
 8.8363932e-004
 8.8456029e-004
 8.8530662e-004
 8.8591251e-004
 8.8642782e-004
 8.8691211e-004
 8.8742631e-004
 8.8802434e-004
 8.8874501e-004
 8.8960578e-004
 8.9060137e-004
 8.9170493e-004
 8.9287455e-004
 8.9406158e-004
 8.9521892e-004
 8.9630974e-004
 8.9731242e-004
 8.9822419e-004
 8.9906150e-004
 8.9985656e-004
 9.0065284e-004
 9.0149668e-004
 9.0242858e-004
 9.0347510e-004
 9.0464135e-004
 9.0591033e-004
 9.0724439e-004
 9.0859388e-004
 9.0990763e-004
 9.1114320e-004
 9.1227487e-004
 9.1329782e-004
 9.1422594e-004
 9.1508840e-004
 9.1592153e-004
 9.1676228e-004
 9.1764127e-004
 9.1857655e-004
 9.1957051e-004
 9.2060788e-004
 9.2165801e-004
 9.2268083e-004
 9.2363456e-004
 9.2448603e-004
 9.2521828e-004
 9.2583516e-004
 9.2636066e-004
 9.2683244e-004
 9.2729187e-004
 9.2777243e-004
 9.2828943e-004
 9.2883402e-004
 9.2937221e-004
 9.2985097e-004
 9.3020947e-004
 9.3039504e-004
 9.3037891e-004
 9.3016942e-004
 9.2981709e-004
 9.2941010e-004
 9.2906004e-004
 9.2887960e-004
 9.2895865e-004
 9.2934404e-004
 9.3002938e-004
 9.3095686e-004
 9.3203201e-004
 9.3314517e-004
 9.3419536e-004
 9.3511038e-004
 9.3585573e-004
 9.3643565e-004
 9.3688432e-004
 9.3725277e-004
 9.3759596e-004
 9.3796157e-004
 9.3838398e-004
 9.3888189e-004
 9.3945931e-004
 9.4010873e-004
 9.4081461e-004
 9.4155729e-004
 9.4231800e-004
 9.4308204e-004
 9.4384368e-004
 9.4460766e-004
 9.4538991e-004
 9.4621495e-004
 9.4711035e-004
 9.4810099e-004
 9.4920228e-004
 9.5041719e-004
 9.5173717e-004
 9.5314515e-004
 9.5462304e-004
 9.5615647e-004
 9.5773896e-004
 9.5937232e-004
 9.6106163e-004
 9.6281135e-004
 9.6461893e-004
 9.6647319e-004
 9.6835638e-004
 9.7024674e-004
 9.7212382e-004
 9.7397337e-004
 9.7578642e-004
 9.7756030e-004
 9.7929407e-004
 9.8098710e-004
 9.8263775e-004
 9.8424300e-004
 9.8580203e-004
 9.8731695e-004
 9.8879577e-004
 9.9025306e-004
 9.9170802e-004
 9.9318288e-004
 9.9469919e-004
 9.9627546e-004
 9.9792588e-004
 9.9965848e-004
 1.0014753e-003
 1.0033710e-003
 1.0053350e-003
 1.0073538e-003
 1.0094137e-003
 1.0115081e-003
 1.0136401e-003
 1.0158238e-003
 1.0180809e-003
 1.0204300e-003
 1.0228766e-003
 1.0254049e-003
 1.0279738e-003
 1.0305254e-003
 1.0329960e-003
 1.0353342e-003
 1.0375158e-003
 1.0395503e-003
 1.0414812e-003
 1.0433763e-003
 1.0453141e-003
 1.0473713e-003
 1.0496095e-003
 1.0520719e-003
 1.0547796e-003
 1.0577335e-003
 1.0609173e-003
 1.0642967e-003
 1.0678244e-003
 1.0714397e-003
 1.0750741e-003
 1.0786589e-003
 1.0821291e-003
 1.0854322e-003
 1.0885344e-003
 1.0914212e-003
 1.0941015e-003
 1.0966024e-003
 1.0989683e-003
 1.1012553e-003
 1.1035227e-003
 1.1058286e-003
 1.1082197e-003
 1.1107275e-003
 1.1133646e-003
 1.1161226e-003
 1.1189784e-003
 1.1218973e-003
 1.1248407e-003
 1.1277749e-003
 1.1306725e-003
 1.1335178e-003
 1.1363032e-003
 1.1390281e-003
 1.1416973e-003
 1.1443151e-003
 1.1468878e-003
 1.1494184e-003
 1.1519071e-003
 1.1543501e-003
 1.1567350e-003
 1.1590424e-003
 1.1612481e-003
 1.1633274e-003
 1.1652650e-003
 1.1670614e-003
 1.1687395e-003
 1.1703460e-003
 1.1719461e-003
 1.1736145e-003
 1.1754232e-003
 1.1774288e-003
 1.1796635e-003
 1.1821282e-003
 1.1847944e-003
 1.1876069e-003
 1.1904965e-003
 1.1933917e-003
 1.1962304e-003
 1.1989694e-003
 1.2015858e-003
 1.2040731e-003
 1.2064365e-003
 1.2086830e-003
 1.2108188e-003
 1.2128508e-003
 1.2147889e-003
 1.2166521e-003
 1.2184692e-003
 1.2202761e-003
 1.2221095e-003
 1.2239985e-003
 1.2259583e-003
 1.2279887e-003
 1.2300757e-003
 1.2321995e-003
 1.2343392e-003
 1.2364807e-003
 1.2386168e-003
 1.2407475e-003
 1.2428781e-003
 1.2450139e-003
 1.2471600e-003
 1.2493188e-003
 1.2514909e-003
 1.2536772e-003
 1.2558777e-003
 1.2580921e-003
 1.2603203e-003
 1.2625590e-003
 1.2648032e-003
 1.2670457e-003
 1.2692793e-003
 1.2714996e-003
 1.2737053e-003
 1.2758995e-003
 1.2780856e-003
 1.2802649e-003
 1.2824353e-003
 1.2845886e-003
 1.2867161e-003
 1.2888107e-003
 1.2908733e-003
 1.2929149e-003
 1.2949563e-003
 1.2970263e-003
 1.2991556e-003
 1.3013741e-003
 1.3037072e-003
 1.3061718e-003
 1.3087752e-003
 1.3115096e-003
 1.3143509e-003
 1.3172581e-003
 1.3201744e-003
 1.3230353e-003
 1.3257796e-003
 1.3283581e-003
 1.3307452e-003
 1.3329425e-003
 1.3349808e-003
 1.3369163e-003
 1.3388220e-003
 1.3407788e-003
 1.3428621e-003
 1.3451289e-003
 1.3476068e-003
 1.3502840e-003
 1.3531114e-003
 1.3560080e-003
 1.3588783e-003
 1.3616334e-003
 1.3642081e-003
 1.3665766e-003
 1.3687534e-003
 1.3707853e-003
 1.3727380e-003
 1.3746759e-003
 1.3766474e-003
 1.3786764e-003
 1.3807586e-003
 1.3828678e-003
 1.3849639e-003
 1.3870050e-003
 1.3889599e-003
 1.3908165e-003
 1.3925883e-003
 1.3943126e-003
 1.3960445e-003
 1.3978441e-003
 1.3997596e-003
 1.4018166e-003
 1.4040082e-003
 1.4062988e-003
 1.4086341e-003
 1.4109570e-003
 1.4132243e-003
 1.4154173e-003
 1.4175448e-003
 1.4196372e-003
 1.4217329e-003
 1.4238651e-003
 1.4260497e-003
 1.4282808e-003
 1.4305329e-003
 1.4327664e-003
 1.4349379e-003
 1.4370101e-003
 1.4389572e-003
 1.4407727e-003
 1.4424719e-003
 1.4440932e-003
 1.4456972e-003
 1.4473578e-003
 1.4491521e-003
 1.4511440e-003
 1.4533699e-003
 1.4558305e-003
 1.4584879e-003
 1.4612757e-003
 1.4641120e-003
 1.4669168e-003
 1.4696277e-003
 1.4722046e-003
 1.4746321e-003
 1.4769126e-003
 1.4790591e-003
 1.4810890e-003
 1.4830193e-003
 1.4848675e-003
 1.4866536e-003
 1.4884003e-003
 1.4901351e-003
 1.4918859e-003
 1.4936781e-003
 1.4955314e-003
 1.4974558e-003
 1.4994526e-003
 1.5015136e-003
 1.5036233e-003
 1.5057612e-003
 1.5079015e-003
 1.5100170e-003
 1.5120793e-003
 1.5140641e-003
 1.5159557e-003
 1.5177487e-003
 1.5194524e-003
 1.5210867e-003
 1.5226785e-003
 1.5242555e-003
 1.5258396e-003
 1.5274440e-003
 1.5290747e-003
 1.5307323e-003
 1.5324175e-003
 1.5341339e-003
 1.5358902e-003
 1.5377001e-003
 1.5395795e-003
 1.5415460e-003
 1.5436127e-003
 1.5457852e-003
 1.5480567e-003
 1.5504033e-003
 1.5527852e-003
 1.5551501e-003
 1.5574431e-003
 1.5596185e-003
 1.5616487e-003
 1.5635315e-003
 1.5652867e-003
 1.5669499e-003
 1.5685619e-003
 1.5701560e-003
 1.5717504e-003
 1.5733436e-003
 1.5749166e-003
 1.5764398e-003
 1.5778821e-003
 1.5792217e-003
 1.5804552e-003
 1.5815999e-003
 1.5826919e-003
 1.5837770e-003
 1.5849016e-003
 1.5861032e-003
 1.5874057e-003
 1.5888216e-003
 1.5903572e-003
 1.5920192e-003
 1.5938210e-003
 1.5957804e-003
 1.5979174e-003
 1.6002457e-003
 1.6027659e-003
 1.6054615e-003
 1.6082951e-003
 1.6112123e-003
 1.6141417e-003
 1.6170031e-003
 1.6197163e-003
 1.6222096e-003
 1.6244336e-003
 1.6263715e-003
 1.6280432e-003
 1.6295053e-003
 1.6308393e-003
 1.6321368e-003
 1.6334822e-003
 1.6349379e-003
 1.6365375e-003
 1.6382849e-003
 1.6401612e-003
 1.6421342e-003
 1.6441661e-003
 1.6462207e-003
 1.6482639e-003
 1.6502634e-003
 1.6521867e-003
 1.6539984e-003
 1.6556631e-003
 1.6571495e-003
 1.6584368e-003
 1.6595238e-003
 1.6604323e-003
 1.6612086e-003
 1.6619161e-003
 1.6626243e-003
 1.6633921e-003
 1.6642533e-003
 1.6652083e-003
 1.6662228e-003
 1.6672391e-003
 1.6681926e-003
 1.6690309e-003
 1.6697297e-003
 1.6702987e-003
 1.6707770e-003
 1.6712199e-003
 1.6716821e-003
 1.6722011e-003
 1.6727884e-003
 1.6734297e-003
 1.6740942e-003
 1.6747498e-003
 1.6753783e-003
 1.6759892e-003
 1.6766224e-003
 1.6773447e-003
 1.6782371e-003
 1.6793802e-003
 1.6808383e-003
 1.6826465e-003
 1.6848028e-003
 1.6872687e-003
 1.6899699e-003
 1.6928071e-003
 1.6956655e-003
 1.6984290e-003
 1.7009922e-003
 1.7032707e-003
 1.7052110e-003
 1.7067947e-003
 1.7080415e-003
 1.7090082e-003
 1.7097809e-003
 1.7104647e-003
 1.7111686e-003
 1.7119895e-003
 1.7129999e-003
 1.7142377e-003
 1.7157067e-003
 1.7173787e-003
 1.7192026e-003
 1.7211123e-003
 1.7230322e-003
 1.7248825e-003
 1.7265839e-003
 1.7280616e-003
 1.7292552e-003
 1.7301280e-003
 1.7306777e-003
 1.7309408e-003
 1.7309906e-003
 1.7309256e-003
 1.7308525e-003
 1.7308672e-003
 1.7310387e-003
 1.7313994e-003
 1.7319458e-003
 1.7326439e-003
 1.7334428e-003
 1.7342879e-003
 1.7351324e-003
 1.7359452e-003
 1.7367115e-003
 1.7374301e-003
 1.7381080e-003
 1.7387528e-003
 1.7393711e-003
 1.7399677e-003
 1.7405511e-003
 1.7411388e-003
 1.7417598e-003
 1.7424534e-003
 1.7432603e-003
 1.7442090e-003
 1.7453034e-003
 1.7465139e-003
 1.7477792e-003
 1.7490190e-003
 1.7501536e-003
 1.7511259e-003
 1.7519164e-003
 1.7525479e-003
 1.7530780e-003
 1.7535818e-003
 1.7541343e-003
 1.7547961e-003
 1.7556063e-003
 1.7565831e-003
 1.7577289e-003
 1.7590341e-003
 1.7604795e-003
 1.7620334e-003
 1.7636484e-003
 1.7652569e-003
 1.7667729e-003
 1.7681007e-003
 1.7691475e-003
 1.7698449e-003
 1.7701681e-003
 1.7701489e-003
 1.7698793e-003
 1.7694999e-003
 1.7691773e-003
 1.7690747e-003
 1.7693242e-003
 1.7700064e-003
 1.7711410e-003
 1.7726895e-003
 1.7745655e-003
 1.7766487e-003
 1.7788004e-003
 1.7808758e-003
 1.7827376e-003
 1.7842643e-003
 1.7853626e-003
 1.7859763e-003
 1.7860944e-003
 1.7857566e-003
 1.7850535e-003
 1.7841207e-003
 1.7831244e-003
 1.7822434e-003
 1.7816478e-003
 1.7814798e-003
 1.7818396e-003
 1.7827785e-003
 1.7842959e-003
 1.7863425e-003
 1.7888262e-003
 1.7916206e-003
 1.7945749e-003
 1.7976204e-003
 1.8005368e-003
 1.8032226e-003
 1.8056170e-003
 1.8076921e-003
 1.8094300e-003
 1.8108011e-003
 1.8117524e-003
 1.8122148e-003
 1.8121313e-003
 1.8114932e-003
 1.8103691e-003
 1.8089075e-003
 1.8073106e-003
 1.8057835e-003
 1.8044778e-003
 1.8034549e-003
 1.8026804e-003
 1.8020549e-003
 1.8014688e-003
 1.8008603e-003
 1.8002550e-003
 1.7997747e-003
 1.7996107e-003
 1.7999731e-003
 1.8010292e-003
 1.8028467e-003
 1.8053610e-003
 1.8083703e-003
 1.8115678e-003
 1.8146028e-003
 1.8171545e-003
 1.8190061e-003
 1.8200909e-003
 1.8205036e-003
 1.8204713e-003
 1.8202943e-003
 1.8202786e-003
 1.8206746e-003
 1.8216403e-003
 1.8232294e-003
 1.8254011e-003
 1.8280429e-003
 1.8309969e-003
 1.8340804e-003
 1.8371065e-003
 1.8398957e-003
 1.8422873e-003
 1.8441506e-003
 1.8453909e-003
 1.8459578e-003
 1.8458470e-003
 1.8450996e-003
 1.8437960e-003
 1.8420469e-003
 1.8399823e-003
 1.8377451e-003
 1.8354831e-003
 1.8333442e-003
 1.8314674e-003
 1.8299674e-003
 1.8289178e-003
 1.8283337e-003
 1.8281644e-003
 1.8283011e-003
 1.8285962e-003
 1.8288918e-003
 1.8290451e-003
 1.8289480e-003
 1.8285365e-003
 1.8277939e-003
 1.8267513e-003
 1.8254871e-003
 1.8241218e-003
 1.8228067e-003
 1.8217039e-003
 1.8209598e-003
 1.8206798e-003
 1.8209091e-003
 1.8216291e-003
 1.8227657e-003
 1.8242094e-003
 1.8258375e-003
 1.8275358e-003
 1.8292090e-003
 1.8307852e-003
 1.8322122e-003
 1.8334513e-003
 1.8344776e-003
 1.8352852e-003
 1.8358987e-003
 1.8363850e-003
 1.8368536e-003
 1.8374431e-003
 1.8382909e-003
 1.8394942e-003
 1.8410755e-003
 1.8429646e-003
 1.8450046e-003
 1.8469830e-003
 1.8486727e-003
 1.8498797e-003
 1.8504764e-003
 1.8504233e-003
 1.8497735e-003
 1.8486630e-003
 1.8472889e-003
 1.8458803e-003
 1.8446591e-003
 1.8438011e-003
 1.8434032e-003
 1.8434628e-003
 1.8438791e-003
 1.8444738e-003
 1.8450280e-003
 1.8453293e-003
 1.8452160e-003
 1.8446157e-003
 1.8435665e-003
 1.8422197e-003
 1.8408186e-003
 1.8396553e-003
 1.8390124e-003
 1.8391022e-003
 1.8400173e-003
 1.8417052e-003
 1.8439762e-003
 1.8465397e-003
 1.8490583e-003
 1.8512085e-003
 1.8527283e-003
 1.8534479e-003
 1.8532987e-003
 1.8523056e-003
 1.8505694e-003
 1.8482497e-003
 1.8455501e-003
 1.8427044e-003
 1.8399660e-003
 1.8375905e-003
 1.8358111e-003
 1.8348128e-003
 1.8347028e-003
 1.8354913e-003
 1.8370843e-003
 1.8392968e-003
 1.8418810e-003
 1.8445684e-003
 1.8471117e-003
 1.8493197e-003
 1.8510760e-003
 1.8523374e-003
 1.8531193e-003
 1.8534717e-003
 1.8534568e-003
 1.8531345e-003
 1.8525573e-003
 1.8517753e-003
 1.8508458e-003
 1.8498420e-003
 1.8488580e-003
 1.8480045e-003
 1.8473967e-003
 1.8471326e-003
 1.8472726e-003
 1.8478209e-003
 1.8487182e-003
 1.8498474e-003
 1.8510555e-003
 1.8521834e-003
 1.8531027e-003
 1.8537467e-003
 1.8541303e-003
 1.8543502e-003
 1.8545628e-003
 1.8549423e-003
 1.8556286e-003
 1.8566748e-003
 1.8580132e-003
 1.8594458e-003
 1.8606696e-003
 1.8613274e-003
 1.8610812e-003
 1.8596847e-003
 1.8570462e-003
 1.8532622e-003
 1.8486176e-003
 1.8435477e-003
 1.8385664e-003
 1.8341842e-003
 1.8308202e-003
 1.8287367e-003
 1.8280103e-003
 1.8285377e-003
 1.8300803e-003
 1.8323271e-003
 1.8349617e-003
 1.8377125e-003
 1.8403805e-003
 1.8428372e-003
 1.8450081e-003
 1.8468444e-003
 1.8483070e-003
 1.8493573e-003
 1.8499629e-003
 1.8501105e-003
 1.8498149e-003
 1.8491247e-003
 1.8481208e-003
 1.8469123e-003
 1.8456315e-003
 1.8444310e-003
 1.8434759e-003
 1.8429304e-003
 1.8429381e-003
 1.8435940e-003
 1.8449214e-003
 1.8468588e-003
 1.8492604e-003
 1.8519191e-003
 1.8545967e-003
 1.8570585e-003
 1.8591115e-003
 1.8606288e-003
 1.8615659e-003
 1.8619701e-003
 1.8619741e-003
 1.8617808e-003
 1.8616335e-003
 1.8617776e-003
 1.8624167e-003
 1.8636745e-003
 1.8655721e-003
 1.8680280e-003
 1.8708782e-003
 1.8739188e-003
 1.8769499e-003
 1.8798085e-003
 1.8823906e-003
 1.8846439e-003
 1.8865466e-003
 1.8880772e-003
 1.8891966e-003
 1.8898427e-003
 1.8899495e-003
 1.8894848e-003
 1.8884885e-003
 1.8871039e-003
 1.8855772e-003
 1.8842292e-003
 1.8833983e-003
 1.8833680e-003
 1.8843039e-003
 1.8862120e-003
 1.8889289e-003
 1.8921489e-003
 1.8954775e-003
 1.8984991e-003
 1.9008559e-003
 1.9023108e-003
 1.9027900e-003
 1.9023994e-003
 1.9013986e-003
 1.9001494e-003
 1.8990424e-003
 1.8984175e-003
 1.8984991e-003
 1.8993538e-003
 1.9008802e-003
 1.9028299e-003
 1.9048522e-003
 1.9065638e-003
 1.9076183e-003
 1.9077740e-003
 1.9069406e-003
 1.9051974e-003
 1.9027790e-003
 1.9000355e-003
 1.8973683e-003
 1.8951643e-003
 1.8937362e-003
 1.8932743e-003
 1.8938233e-003
 1.8952827e-003
 1.8974307e-003
 1.8999688e-003
 1.9025733e-003
 1.9049455e-003
 1.9068535e-003
 1.9081518e-003
 1.9087847e-003
 1.9087843e-003
 1.9082588e-003
 1.9073867e-003
 1.9064035e-003
 1.9055824e-003
 1.9052014e-003
 1.9054983e-003
 1.9066235e-003
 1.9086022e-003
 1.9113142e-003
 1.9145032e-003
 1.9178047e-003
 1.9207894e-003
 1.9230221e-003
 1.9241170e-003
 1.9237885e-003
 1.9218941e-003
 1.9184552e-003
 1.9136550e-003
 1.9078165e-003
 1.9013520e-003
 1.8947104e-003
 1.8883304e-003
 1.8825920e-003
 1.8777990e-003
 1.8741778e-003
 1.8718760e-003
 1.8709784e-003
 1.8715138e-003
 1.8734535e-003
 1.8767045e-003
 1.8810980e-003
 1.8863745e-003
 1.8921918e-003
 1.8981396e-003
 1.9037713e-003
 1.9086646e-003
 1.9124718e-003
 1.9149671e-003
 1.9160792e-003
 1.9158884e-003
 1.9145999e-003
 1.9124983e-003
 1.9098911e-003
 1.9070627e-003
 1.9042460e-003
 1.9016115e-003
 1.8992788e-003
 1.8973382e-003
 1.8958627e-003
 1.8949141e-003
 1.8945294e-003
 1.8946977e-003
 1.8953339e-003
 1.8962676e-003
 1.8972511e-003
 1.8979956e-003
 1.8982239e-003
 1.8977295e-003
 1.8964253e-003
 1.8943663e-003
 1.8917443e-003
 1.8888436e-003
 1.8859801e-003
 1.8834299e-003
 1.8813718e-003
 1.8798551e-003
 1.8788126e-003
 1.8781120e-003
 1.8776288e-003
 1.8773208e-003
 1.8772705e-003
 1.8776811e-003
 1.8788209e-003
 1.8809335e-003
 1.8841394e-003
 1.8883689e-003
 1.8933439e-003
 1.8986141e-003
 1.9036543e-003
 1.9079726e-003
 1.9112079e-003
 1.9131947e-003
 1.9139651e-003
 1.9137054e-003
 1.9126876e-003
 1.9111973e-003
 1.9094875e-003
 1.9077631e-003
 1.9061890e-003
 1.9049130e-003
 1.9040852e-003
 1.9038619e-003
 1.9043977e-003
 1.9058224e-003
 1.9082117e-003
 1.9115559e-003
 1.9157334e-003
 1.9204927e-003
 1.9254657e-003
 1.9302019e-003
 1.9342295e-003
 1.9371409e-003
 1.9386632e-003
 1.9387014e-003
 1.9373408e-003
 1.9347981e-003
 1.9313433e-003
 1.9272271e-003
 1.9226236e-003
 1.9176275e-003
 1.9122949e-003
 1.9066953e-003
 1.9009705e-003
 1.8953612e-003
 1.8901798e-003
 1.8857586e-003
 1.8823819e-003
 1.8802190e-003
 1.8793003e-003
 1.8795249e-003
 1.8806999e-003
 1.8825938e-003
 1.8849866e-003
 1.8876976e-003
 1.8905987e-003
 1.8936045e-003
 1.8966522e-003
 1.8996862e-003
 1.9026394e-003
 1.9054235e-003
 1.9079222e-003
 1.9100024e-003
 1.9115285e-003
 1.9123935e-003
 1.9125611e-003
 1.9121035e-003
 1.9112263e-003
 1.9102625e-003
 1.9096312e-003
 1.9097618e-003
 1.9109988e-003
 1.9135096e-003
 1.9172217e-003
 1.9218036e-003
 1.9267102e-003
 1.9312714e-003
 1.9348068e-003
 1.9367543e-003
 1.9367592e-003
 1.9347271e-003
 1.9308259e-003
 1.9254469e-003
 1.9191381e-003
 1.9125352e-003
 1.9062771e-003
 1.9009424e-003
 1.8969903e-003
 1.8946980e-003
 1.8941222e-003
 1.8950768e-003
 1.8971453e-003
 1.8997425e-003
 1.9022149e-003
 1.9039741e-003
 1.9046221e-003
 1.9040429e-003
 1.9024356e-003
 1.9002759e-003
 1.8982214e-003
 1.8969820e-003
 1.8971806e-003
 1.8992380e-003
 1.9032934e-003
 1.9091810e-003
 1.9164573e-003
 1.9244797e-003
 1.9325098e-003
 1.9398479e-003
 1.9459400e-003
 1.9504571e-003
 1.9533485e-003
 1.9548375e-003
 1.9553863e-003
 1.9556305e-003
 1.9562847e-003
 1.9580293e-003
 1.9613914e-003
 1.9666345e-003
 1.9736886e-003
 1.9821234e-003
 1.9912077e-003
 2.0000113e-003
 2.0075387e-003
 2.0128910e-003
 2.0153814e-003
 2.0146247e-003
 2.0105848e-003
 2.0035766e-003
 1.9942282e-003
 1.9834193e-003
 1.9721584e-003
 1.9614568e-003
 1.9521936e-003
 1.9449797e-003
 1.9400991e-003
 1.9375109e-003
 1.9369151e-003
 1.9378781e-003
 1.9399620e-003
 1.9428274e-003
 1.9462742e-003
 1.9502204e-003
 1.9546261e-003
 1.9594147e-003
 1.9644066e-003
 1.9692974e-003
 1.9736949e-003
 1.9771741e-003
 1.9793431e-003
 1.9798959e-003
 1.9786316e-003
 1.9754588e-003
 1.9703980e-003
 1.9635914e-003
 1.9553313e-003
 1.9460999e-003
 1.9365692e-003
 1.9275735e-003
 1.9200265e-003
 1.9147736e-003
 1.9124481e-003
 1.9133376e-003
 1.9173075e-003
 1.9238044e-003
 1.9319393e-003
 1.9406243e-003
 1.9487649e-003
 1.9554300e-003
 1.9599842e-003
 1.9621623e-003
 1.9620473e-003
 1.9599858e-003
 1.9564638e-003
 1.9519834e-003
 1.9469758e-003
 1.9417658e-003
 1.9365710e-003
 1.9315373e-003
 1.9267832e-003
 1.9224285e-003
 1.9186254e-003
 1.9155748e-003
 1.9135217e-003
 1.9127472e-003
 1.9135430e-003
 1.9161790e-003
 1.9208686e-003
 1.9277311e-003
 1.9367373e-003
 1.9476630e-003
 1.9600245e-003
 1.9730255e-003
 1.9855779e-003
 1.9963735e-003
 2.0040392e-003
 2.0073813e-003
 2.0056171e-003
 1.9985747e-003
 1.9868000e-003
 1.9715186e-003
 1.9544810e-003
 1.9377246e-003
 1.9232444e-003
 1.9126997e-003
 1.9071627e-003
 1.9069402e-003
 1.9115504e-003
 1.9198352e-003
 1.9302010e-003
 1.9409700e-003
 1.9507257e-003
 1.9585728e-003
 1.9642613e-003
 1.9680965e-003
 1.9706984e-003
 1.9726942e-003
 1.9744341e-003
 1.9758453e-003
 1.9764667e-003
 1.9756462e-003
 1.9728325e-003
 1.9678615e-003
 1.9611304e-003
 1.9536093e-003
 1.9466850e-003
 1.9418618e-003
 1.9404335e-003
 1.9431956e-003
 1.9502789e-003
 1.9611504e-003
 1.9747692e-003
 1.9898301e-003
 2.0050709e-003
 2.0195015e-003
 2.0325305e-003
 2.0440065e-003
 2.0541253e-003
 2.0632807e-003
 2.0719196e-003
 2.0803874e-003
 2.0888173e-003
 2.0970886e-003
 2.1048305e-003
 2.1115018e-003
 2.1165174e-003
 2.1194241e-003
 2.1200501e-003
 2.1186180e-003
 2.1157730e-003
 2.1125120e-003
 2.1100305e-003
 2.1094973e-003
 2.1118219e-003
 2.1174527e-003
 2.1262555e-003
 2.1375299e-003
 2.1501535e-003
 2.1628204e-003
 2.1743518e-003
 2.1839284e-003
 2.1912034e-003
 2.1962773e-003
 2.1995173e-003
 2.2013260e-003
 2.2019467e-003
 2.2013655e-003
 2.1993378e-003
 2.1955087e-003
 2.1895494e-003
 2.1812504e-003
 2.1705518e-003
 2.1574919e-003
 2.1421609e-003
 2.1247030e-003
 2.1053345e-003
 2.0844275e-003
 2.0625363e-003
 2.0403822e-003
 2.0187034e-003
 1.9981272e-003
 1.9790898e-003
 1.9618252e-003
 1.9465131e-003
 1.9334742e-003
 1.9232867e-003
 1.9168137e-003
 1.9150628e-003
 1.9189424e-003
 1.9289892e-003
 1.9451561e-003
 1.9666678e-003
 1.9920219e-003
 2.0190622e-003
 2.0451518e-003
 2.0675270e-003
 2.0836892e-003
 2.0918408e-003
 2.0912616e-003
 2.0824375e-003
 2.0669396e-003
 2.0470761e-003
 2.0253737e-003
 2.0040972e-003
 1.9848982e-003
 1.9685994e-003
 1.9552105e-003
 1.9440914e-003
 1.9342039e-003
 1.9244544e-003
 1.9140146e-003
 1.9025841e-003
 1.8904858e-003
 1.8786099e-003
 1.8682036e-003
 1.8605341e-003
 1.8565700e-003
 1.8567328e-003
 1.8607938e-003
 1.8679801e-003
 1.8772454e-003
 1.8876741e-003
 1.8988566e-003
 1.9111210e-003
 1.9254811e-003
 1.9433268e-003
 1.9658895e-003
 1.9936718e-003
 2.0261093e-003
 2.0615167e-003
 2.0973624e-003
 2.1308661e-003
 2.1595482e-003
 2.1816792e-003
 2.1964416e-003
 2.2039011e-003
 2.2047653e-003
-1.2300000e+034
