s07_ASD Record=8783:  error bars to preceding                
 6.1515282e-004
 6.0295069e-004
 5.8882672e-004
 5.7468092e-004
 5.6197797e-004
 5.5143767e-004
 5.4312049e-004
 5.3677545e-004
 5.3215667e-004
 5.2918773e-004
 5.2799704e-004
 5.2888616e-004
 5.3231721e-004
 5.3891551e-004
 5.4935808e-004
 5.6410074e-004
 5.8296183e-004
 6.0484238e-004
 6.2767311e-004
 6.4872403e-004
 6.6528132e-004
 6.7550410e-004
 6.7898940e-004
 6.7666708e-004
 6.7017780e-004
 6.6111528e-004
 6.5030582e-004
 6.3748541e-004
 6.2188308e-004
 6.0325774e-004
 5.8263593e-004
 5.6225207e-004
 5.4502342e-004
 5.3432782e-004
 5.3341745e-004
 5.4385746e-004
 5.6481111e-004
 5.9328304e-004
 6.2473025e-004
 6.5420812e-004
 6.7769637e-004
 6.9298770e-004
 6.9988065e-004
 6.9972390e-004
 6.9463463e-004
 6.8679260e-004
 6.7799276e-004
 6.6939491e-004
 6.6135457e-004
 6.5334537e-004
 6.4416358e-004
 6.3257199e-004
 6.1829115e-004
 6.0288061e-004
 5.8984058e-004
 5.8375299e-004
 5.8833830e-004
 6.0389185e-004
 6.2735274e-004
 6.5255165e-004
 6.7017990e-004
 6.7845639e-004
 6.7915366e-004
 6.7424274e-004
 6.6913461e-004
 6.7063468e-004
 6.8149029e-004
 7.0101093e-004
 7.2668999e-004
 7.5449055e-004
 7.7948387e-004
 7.9672859e-004
 8.0214802e-004
 7.9332618e-004
 7.7015092e-004
 7.3514768e-004
 6.9317047e-004
 6.5039314e-004
 6.1286462e-004
 5.8504485e-004
 5.6873576e-004
 5.6278746e-004
 5.6373980e-004
 5.6726154e-004
 5.6983746e-004
 5.6994444e-004
 5.6814402e-004
 5.6613144e-004
 5.6545716e-004
 5.6683010e-004
 5.7039905e-004
 5.7656545e-004
 5.8638281e-004
 6.0092437e-004
 6.1986985e-004
 6.4021203e-004
 6.5611507e-004
 6.6075043e-004
 6.4978993e-004
 6.2442943e-004
 5.9188431e-004
 5.6255073e-004
 5.4532773e-004
 5.4390519e-004
 5.5570540e-004
 5.7483604e-004
 5.9810054e-004
 6.2866096e-004
 6.7323161e-004
 7.3380943e-004
 8.0071198e-004
 8.5442106e-004
 8.7668555e-004
 8.6229440e-004
 8.2170655e-004
 7.7316834e-004
 7.3219609e-004
 7.0665585e-004
 6.9871335e-004
 7.0880377e-004
 7.3660654e-004
 7.7805173e-004
 8.2212547e-004
 8.5279247e-004
 8.5705647e-004
 8.3306985e-004
 7.9082092e-004
 7.4501318e-004
 7.0704165e-004
 6.8186258e-004
 6.6903909e-004
 6.6454581e-004
 6.6256034e-004
 6.5828557e-004
 6.5092318e-004
 6.4406585e-004
 6.4281601e-004
 6.5043161e-004
 6.6727650e-004
 6.9140526e-004
 7.1864983e-004
 7.4258895e-004
 7.5649982e-004
 7.5677014e-004
 7.4465928e-004
 7.2506297e-004
 7.0414710e-004
 6.8751932e-004
 6.7885628e-004
 6.7931594e-004
 6.8905787e-004
 7.0985907e-004
 7.4451510e-004
 7.9089036e-004
 8.3642860e-004
 8.6261285e-004
 8.5903174e-004
 8.3280879e-004
 8.0149341e-004
 7.7710260e-004
 7.5940753e-004
 7.4273476e-004
 7.2425086e-004
 7.0530456e-004
 6.8961666e-004
 6.8259303e-004
 6.8932032e-004
 7.0989947e-004
 7.3677779e-004
 7.5818336e-004
 7.6543452e-004
 7.5892138e-004
 7.4953883e-004
 7.5465132e-004
 7.8872638e-004
 8.5158792e-004
 9.2271436e-004
 9.7107468e-004
 9.7849080e-004
 9.5702143e-004
 9.4036054e-004
 9.5324736e-004
 9.8749390e-004
 1.0092760e-003
 9.9100114e-004
 9.3477871e-004
 8.6479698e-004
 8.0292561e-004
 7.5742538e-004
 7.2927622e-004
 7.1774604e-004
 7.1882037e-004
 7.2671438e-004
 7.3926104e-004
 7.5643964e-004
 7.7309209e-004
 7.7889930e-004
 7.6724461e-004
 7.4057520e-004
 7.0664164e-004
 6.7289959e-004
 6.4479985e-004
 6.2569970e-004
 6.1595358e-004
 6.1290554e-004
 6.1331940e-004
 6.1754242e-004
 6.3350942e-004
 6.7508104e-004
 7.4755627e-004
 8.2822423e-004
 8.7057048e-004
 8.4398070e-004
 7.6827069e-004
 6.9558003e-004
 6.5958849e-004
 6.5408228e-004
 6.5449183e-004
 6.4250728e-004
 6.1104365e-004
 5.6283199e-004
 5.1079562e-004
 4.7175415e-004
 4.5459776e-004
 4.5650205e-004
 4.7016799e-004
 4.9082964e-004
 5.1600073e-004
 5.4185471e-004
 5.6206214e-004
 5.7067763e-004
 5.6747789e-004
 5.6132098e-004
 5.6536018e-004
 5.8429653e-004
 6.0662598e-004
 6.1403925e-004
 5.9939630e-004
 5.7263375e-004
 5.4915569e-004
 5.3518254e-004
 5.2567595e-004
 5.1543349e-004
 5.0779793e-004
 5.0845672e-004
 5.1480666e-004
 5.1903707e-004
 5.1941356e-004
 5.2109180e-004
 5.2775524e-004
 5.3983403e-004
 5.5710250e-004
 5.7448563e-004
 5.8014283e-004
 5.7022501e-004
 5.6664459e-004
 6.0334732e-004
 6.8978342e-004
 8.0334634e-004
 9.1251137e-004
 9.8209665e-004
 9.7892398e-004
 9.0899912e-004
 8.2123367e-004
 7.5620442e-004
 7.2430540e-004
 7.2064844e-004
 7.2536437e-004
 7.1601255e-004
 6.9875998e-004
 7.0030743e-004
 7.3088496e-004
 7.7540078e-004
 8.1130682e-004
 8.2666741e-004
 8.2934240e-004
 8.3684875e-004
 8.5040316e-004
 8.4730354e-004
 8.1067579e-004
 7.5445056e-004
 7.0466503e-004
 6.6713075e-004
 6.3391402e-004
 6.0918723e-004
 6.0605694e-004
 6.2794215e-004
 6.6247664e-004
 6.8720884e-004
 6.8119011e-004
 6.4386328e-004
 6.0550787e-004
 5.9984741e-004
 6.1862665e-004
 6.1793660e-004
 5.7891157e-004
 5.3145050e-004
 5.0724618e-004
 5.0190819e-004
 4.9589080e-004
 4.8579523e-004
 4.8189628e-004
 4.8990390e-004
 5.0453900e-004
 5.1588577e-004
 5.1837508e-004
 5.1554351e-004
 5.1746756e-004
 5.3155294e-004
 5.5499689e-004
 5.8036234e-004
 6.0764025e-004
 6.3958531e-004
 6.6491653e-004
 6.6648523e-004
 6.5368792e-004
 6.6167046e-004
 7.0879119e-004
 7.7397079e-004
 8.1746338e-004
 8.1771257e-004
 7.7960599e-004
 7.1902125e-004
 6.5102760e-004
 5.8676192e-004
 5.3333800e-004
 4.9461261e-004
 4.7217272e-004
 4.6584237e-004
 4.7365803e-004
 4.9141416e-004
 5.1249960e-004
 5.2925298e-004
 5.3569541e-004
 5.2968157e-004
 5.1316468e-004
 4.9151573e-004
 4.7263489e-004
 4.6473273e-004
 4.7262761e-004
 4.9540529e-004
 5.2847108e-004
 5.6865887e-004
 6.1713660e-004
 6.7564327e-004
 7.3755137e-004
 7.8323687e-004
 7.8997307e-004
 7.5216248e-004
 6.9253362e-004
 6.4783334e-004
 6.3631637e-004
 6.3872122e-004
 6.2200293e-004
 5.8979512e-004
 5.6601351e-004
 5.5688480e-004
 5.5507768e-004
 5.6122377e-004
 5.9101544e-004
 6.5439270e-004
 7.1796146e-004
 7.1457576e-004
 6.3264766e-004
 5.5518385e-004
 5.5022258e-004
 5.8083632e-004
 5.8726512e-004
 5.8406102e-004
 6.1063457e-004
 6.5304234e-004
 6.7201594e-004
 6.6172204e-004
 6.4277509e-004
 6.2819896e-004
 6.1967288e-004
 6.2120083e-004
 6.4234104e-004
 6.8659318e-004
 7.3589722e-004
 7.6205417e-004
 7.7304034e-004
 8.1752101e-004
 9.0210891e-004
 9.4931206e-004
 8.9647126e-004
 7.8820996e-004
 7.1834977e-004
 7.2350219e-004
 7.6159526e-004
 7.6751731e-004
 7.2721316e-004
 6.9475040e-004
 7.1915507e-004
 7.7983947e-004
 8.1432454e-004
 7.9421798e-004
 7.4433570e-004
 7.1880745e-004
 7.7259116e-004
 8.8050426e-004
 9.2874380e-004
 8.6228689e-004
 7.4250478e-004
 6.4543687e-004
 5.9891294e-004
 5.8922544e-004
 5.9469428e-004
 6.1122148e-004
 6.5318210e-004
 7.3092373e-004
 8.2557334e-004
 8.9099235e-004
 8.8812114e-004
 8.2462636e-004
 7.5327890e-004
 7.2522106e-004
 7.4346928e-004
 7.6471519e-004
 7.4952067e-004
 7.1232195e-004
 7.2037231e-004
 8.3341665e-004
 1.0340463e-003
 1.2361364e-003
 1.3555234e-003
 1.3530892e-003
 1.2383757e-003
 1.0485864e-003
 8.6272135e-004
 6.5060641e-004
 4.8677973e-004
 4.0339693e-004
 3.8919554e-004
 4.1551434e-004
 4.5364900e-004
 4.7981335e-004
 5.0261745e-004
 5.4372119e-004
 6.2483374e-004
 7.6079828e-004
 9.2146429e-004
 1.0584664e-003
 1.1233889e-003
 1.0775983e-003
 9.4728783e-004
 7.8492879e-004
 6.4305478e-004
 5.6683860e-004
 5.5222650e-004
 5.8095774e-004
 6.1726815e-004
 6.3952507e-004
 6.3982699e-004
 6.2581623e-004
 6.0580717e-004
 5.8812095e-004
 5.8075879e-004
 5.8464619e-004
 5.9368199e-004
 6.0146599e-004
 6.0159515e-004
 5.8805413e-004
 5.6351483e-004
 5.3920527e-004
 5.2672660e-004
 5.3767290e-004
 5.8301451e-004
 6.5991556e-004
 7.5196521e-004
 8.4222161e-004
 9.1370259e-004
 9.4946043e-004
 9.3795097e-004
 8.8866591e-004
 8.1618427e-004
 7.3511194e-004
 6.6002022e-004
 6.0551555e-004
 5.8227789e-004
 5.8600702e-004
 6.0878997e-004
 6.4270862e-004
 6.7985704e-004
 7.1231381e-004
 7.3217141e-004
 7.3417160e-004
 7.2317367e-004
 7.0644583e-004
 6.9126190e-004
 6.8488921e-004
 6.9459906e-004
 7.2766468e-004
 7.9134811e-004
 8.8988425e-004
 1.0159696e-003
 1.1596418e-003
 1.3108770e-003
 1.4597197e-003
 1.5961438e-003
 1.7101790e-003
 1.7918433e-003
 1.8341742e-003
 1.8416004e-003
 1.8211853e-003
 1.7799907e-003
 1.7250915e-003
 1.6635407e-003
 1.6024184e-003
 1.5487765e-003
 1.5081362e-003
 1.4802568e-003
 1.4635911e-003
 1.4565815e-003
 1.4576747e-003
 1.4653166e-003
 1.4779553e-003
 1.4940335e-003
 1.5120010e-003
 1.5303002e-003
 1.5473810e-003
 1.5616856e-003
 1.5720476e-003
 1.5786879e-003
 1.5821478e-003
 1.5829656e-003
 1.5816807e-003
 1.5788331e-003
 1.5749617e-003
 1.5706056e-003
 1.5663047e-003
 1.5625977e-003
 1.5600247e-003
 1.5591243e-003
 1.5602134e-003
 1.5628120e-003
 1.5662622e-003
 1.5699076e-003
 1.5730902e-003
 1.5751531e-003
 1.5754385e-003
 1.5732895e-003
 1.5680493e-003
 1.5590604e-003
 1.5456638e-003
 1.5274347e-003
 1.5047474e-003
 1.4781624e-003
 1.4482286e-003
 1.4155087e-003
 1.3805500e-003
 1.3439161e-003
 1.3061538e-003
 1.2678270e-003
 1.2294825e-003
 1.1917740e-003
 1.1556518e-003
 1.1221346e-003
 1.0922528e-003
 1.0670216e-003
 1.0474698e-003
 1.0346147e-003
 1.0294823e-003
 1.0330938e-003
 1.0464704e-003
 1.0698749e-003
 1.1009526e-003
 1.1368047e-003
 1.1745164e-003
 1.2111905e-003
 1.2439119e-003
 1.2697798e-003
 1.2858897e-003
 1.2893314e-003
 1.2771997e-003
 1.2480161e-003
 1.2050963e-003
 1.1527837e-003
 1.0954010e-003
 1.0372956e-003
 9.8278746e-004
 9.3622389e-004
 9.0192823e-004
 8.8424189e-004
 8.8578492e-004
 9.0349332e-004
 9.3311240e-004
 9.7039778e-004
 1.0110897e-003
 1.0509467e-003
 1.0857082e-003
 1.1111316e-003
 1.1240519e-003
 1.1249112e-003
 1.1148883e-003
 1.0951600e-003
 1.0669099e-003
 1.0313104e-003
 9.8954909e-004
 9.4280107e-004
 8.9302531e-004
 8.4476010e-004
 8.0304279e-004
 7.7293132e-004
 7.5946696e-004
 7.6770107e-004
 8.0268428e-004
 8.6945482e-004
 9.6927269e-004
 1.0910929e-003
 1.2214546e-003
 1.3360594e-003
 1.4365051e-003
 1.5036309e-003
 1.5287768e-003
 1.5118256e-003
 1.4600643e-003
 1.3857994e-003
 1.3037290e-003
 1.2289694e-003
 1.1746259e-003
 1.1480851e-003
 1.1486699e-003
 1.1698609e-003
 1.2027981e-003
 1.2384548e-003
 1.2690374e-003
 1.2892054e-003
 1.2964130e-003
 1.2902141e-003
 1.2712610e-003
 1.2408100e-003
 1.2008597e-003
 1.1545789e-003
 1.1064647e-003
 1.0620145e-003
 1.0270156e-003
 1.0065474e-003
 1.0035752e-003
 1.0175855e-003
 1.0441485e-003
 1.0757734e-003
 1.1035462e-003
 1.1190249e-003
 1.1161914e-003
 1.0930268e-003
 1.0519922e-003
 9.9919480e-004
 9.4275834e-004
 8.9109957e-004
 8.5141504e-004
 9.2711899e-004
 9.2971203e-004
 9.4145868e-004
 9.6209836e-004
 9.9047110e-004
 1.0246133e-003
 1.0619522e-003
 1.0995410e-003
 1.1342742e-003
 1.1632441e-003
 1.1840541e-003
 1.1951498e-003
 1.1960712e-003
 1.1875606e-003
 1.1714124e-003
 1.1501900e-003
 1.1268962e-003
 1.1045792e-003
 1.0859908e-003
 1.0732715e-003
 1.0677607e-003
 1.0699494e-003
 1.0795263e-003
 1.0955284e-003
 1.1165590e-003
 1.1409696e-003
 1.1670351e-003
 1.1931998e-003
 1.2182158e-003
 1.2412063e-003
 1.2615811e-003
 1.2788159e-003
 1.2922742e-003
 1.3010871e-003
 1.3041970e-003
 1.3005484e-003
 1.2893931e-003
 1.2706068e-003
 1.2449230e-003
 1.2139670e-003
 1.1800362e-003
 1.1457143e-003
 1.1133550e-003
 1.0846057e-003
 1.0601444e-003
 1.0396244e-003
 1.0219372e-003
 1.0056463e-003
 9.8950416e-004
 9.7291841e-004
 9.5619913e-004
 9.4058039e-004
 9.2797243e-004
 9.2053576e-004
 9.2019490e-004
 9.2818012e-004
 9.4471709e-004
 9.6890796e-004
 9.9884043e-004
 1.0318431e-003
 1.0649094e-003
 1.0951112e-003
 1.1200156e-003
 1.1379920e-003
 1.1483472e-003
 1.1513280e-003
 1.1479604e-003
 1.1397825e-003
 1.1285227e-003
 1.1157948e-003
 1.1028463e-003
 1.0903996e-003
 1.0786220e-003
 1.0671798e-003
 1.0553994e-003
 1.0424647e-003
 1.0276299e-003
 1.0104275e-003
 9.9080044e-004
 9.6919306e-004
 9.4654039e-004
 9.2417334e-004
 9.0368150e-004
 8.8668603e-004
 8.7462907e-004
 8.6854550e-004
 8.6888910e-004
 8.7543641e-004
 8.8727433e-004
 9.0290123e-004
 9.2039810e-004
 9.3768665e-004
 9.5278065e-004
 9.6403516e-004
 9.7032869e-004
 9.7114383e-004
 9.6656580e-004
 9.5718732e-004
 9.4396202e-004
 9.2802389e-004
 9.1053691e-004
 8.9255325e-004
 8.7494834e-004
 8.5838273e-004
 8.4330403e-004
 8.2999119e-004
 8.1857992e-004
 8.0911000e-004
 8.0154533e-004
 7.9578580e-004
 7.9167978e-004
 7.8902516e-004
 7.8758720e-004
 7.8712357e-004
 7.8742445e-004
 7.8835920e-004
 7.8991690e-004
 7.9222710e-004
 7.9554529e-004
 8.0020097e-004
 8.0650591e-004
 8.1464485e-004
 8.2457537e-004
 8.3595072e-004
 8.4811734e-004
 8.6016278e-004
 8.7104144e-004
 8.7974325e-004
 8.8545942e-004
 8.8773918e-004
 8.8657468e-004
 8.8241819e-004
 8.7611162e-004
 8.6875510e-004
 8.6152263e-004
 8.5547782e-004
 8.5140293e-004
 8.4968156e-004
 8.5025572e-004
 8.5265678e-004
 8.5611187e-004
 8.5969991e-004
 8.6253544e-004
 8.6393685e-004
 8.6355698e-004
 8.6144346e-004
 8.5802114e-004
 8.5399416e-004
 8.5019233e-004
 8.4738224e-004
 8.4608421e-004
 8.4643549e-004
 8.4812619e-004
 8.5043220e-004
 8.5234502e-004
 8.5277960e-004
 8.5081870e-004
 8.4594410e-004
 8.3820178e-004
 8.2825695e-004
 8.1731495e-004
 8.0693589e-004
 7.9874991e-004
 7.9416594e-004
 7.9410488e-004
 7.9883408e-004
 8.0792973e-004
 8.2037394e-004
 8.3477865e-004
 8.4966741e-004
 8.6379913e-004
 8.7642297e-004
 8.8745449e-004
 8.9751300e-004
 9.0779969e-004
 9.1986242e-004
 9.3525375e-004
 9.5517247e-004
 9.8015671e-004
 1.0098564e-003
 1.0429943e-003
 1.0774414e-003
 1.1104656e-003
 1.1390810e-003
 1.1603974e-003
 1.1720036e-003
 1.1722342e-003
 1.1603695e-003
 1.1366947e-003
 1.1024654e-003
 1.0597697e-003
 1.0112956e-003
 9.6011220e-004
 9.0935256e-004
 8.6199021e-004
 8.2058326e-004
 7.8707089e-004
 7.6267216e-004
 7.4778707e-004
 7.4202073e-004
 7.4424135e-004
 7.5272215e-004
 7.6533109e-004
 7.7977095e-004
 7.9382228e-004
 8.0559036e-004
 8.1371085e-004
 8.1747206e-004
 8.1686012e-004
 8.1249076e-004
 8.0545672e-004
 7.9710258e-004
 7.8878662e-004
 7.8165927e-004
 7.7650620e-004
 7.7368913e-004
 7.7316881e-004
 7.7460945e-004
 7.7751646e-004
 7.8137795e-004
 7.8576681e-004
 7.9039397e-004
 7.9509855e-004
 7.9979870e-004
 8.0442306e-004
 8.0884073e-004
 8.1282557e-004
 8.1604929e-004
 8.1811787e-004
 8.1863569e-004
 8.1728119e-004
 8.1388047e-004
 8.0846029e-004
 8.0126821e-004
 7.9275155e-004
 7.8351225e-004
 7.7422371e-004
 7.6555507e-004
 7.5809291e-004
 7.5228658e-004
 7.4843119e-004
 7.4667105e-004
 7.4702798e-004
 7.4943941e-004
 7.5379125e-004
 7.5993547e-004
 7.6769205e-004
 7.7684165e-004
 7.8710332e-004
 7.9813309e-004
 8.0951944e-004
 8.2080747e-004
 8.3153817e-004
 8.4128074e-004
 8.4968214e-004
 8.5648563e-004
 8.6154509e-004
 8.6481660e-004
 8.6633023e-004
 8.6616119e-004
 8.6439674e-004
 8.6111762e-004
 8.5639203e-004
 8.5029373e-004
 8.4293337e-004
 8.3449454e-004
 8.2527567e-004
 8.1569940e-004
 8.0630858e-004
 7.9771638e-004
 7.9052604e-004
 7.8524073e-004
 7.8216131e-004
 7.8131771e-004
 7.8243465e-004
 7.8495528e-004
 7.8811316e-004
 7.9104822e-004
 7.9293543e-004
 7.9311081e-004
 7.9116505e-004
 7.8699121e-004
 7.8077748e-004
 7.7295554e-004
 7.6410954e-004
 7.5486337e-004
 7.4578234e-004
 7.3727948e-004
 7.2957389e-004
 7.2267937e-004
 7.1643619e-004
 7.1058143e-004
 7.0482877e-004
 6.9894863e-004
 6.9283764e-004
 6.8654848e-004
 6.8029627e-004
 6.7442493e-004
 6.6934963e-004
 6.6549209e-004
 6.6320557e-004
 6.6271605e-004
 6.6407333e-004
 6.6712586e-004
 6.7151483e-004
 6.7669706e-004
 6.8198581e-004
 6.8662147e-004
 6.8986317e-004
 6.9108984e-004
 6.8990985e-004
 6.8625138e-004
 6.8042369e-004
 6.7312259e-004
 6.6538376e-004
 6.5847067e-004
 6.5371458e-004
 6.5234001e-004
 6.5528869e-004
 6.6308718e-004
 6.7577040e-004
 6.9288810e-004
 7.1356230e-004
 7.3662715e-004
 7.6076615e-004
 7.8467390e-004
 8.0719375e-004
 8.2738092e-004
 8.4455154e-004
 8.5824326e-004
 8.6816854e-004
 8.7415456e-004
 8.7609515e-004
 8.7396207e-004
 8.6786179e-004
 8.5814268e-004
 8.4550935e-004
 8.3112024e-004
 8.1660302e-004
 8.0396002e-004
 7.9537899e-004
 7.9293299e-004
 7.9826335e-004
 8.1228046e-004
 8.3498127e-004
 8.6539279e-004
 9.0171682e-004
 9.4157585e-004
 9.8238559e-004
 1.0217577e-003
 1.0577991e-003
 1.0893653e-003
 1.1160908e-003
 1.1383005e-003
 1.1567770e-003
 1.1724215e-003
 1.1859480e-003
 1.1976191e-003
 1.2071448e-003
 1.2137500e-003
 1.2163962e-003
 1.2141226e-003
 1.2063952e-003
 1.1933806e-003
 1.1760461e-003
 1.1560757e-003
 1.1355910e-003
 1.1167555e-003
 1.1013935e-003
 1.0906660e-003
 1.0849388e-003
 1.0838114e-003
 1.0863086e-003
 1.0911520e-003
 1.0970345e-003
 1.1028250e-003
 1.1076806e-003
 1.1110677e-003
 1.1127242e-003
 1.1126187e-003
 1.1109322e-003
 1.1080776e-003
 1.1047311e-003
 1.1018446e-003
 1.1005895e-003
 1.1022220e-003
 1.1078662e-003
 1.1182693e-003
 1.1335742e-003
 1.1531845e-003
 1.1757761e-003
 1.1994307e-003
 1.2219340e-003
 1.2411072e-003
 1.2551695e-003
 1.2630254e-003
 1.2644156e-003
 1.2599318e-003
 1.2508716e-003
 1.2389750e-003
 1.2260799e-003
 1.2137808e-003
 1.2031165e-003
 1.1943833e-003
 1.1870719e-003
 1.1799617e-003
 1.1713626e-003
 1.1594449e-003
 1.1426294e-003
 1.1199493e-003
 1.0913126e-003
 1.0576543e-003
 1.0208627e-003
 9.8358095e-004
 9.4881735e-004
 9.1946853e-004
 8.9787820e-004
 8.8544696e-004
 8.8243326e-004
 8.8798493e-004
 9.0038060e-004
 9.1743580e-004
 9.3697791e-004
 9.5728051e-004
 9.7731990e-004
 9.9685614e-004
 1.0162689e-003
 1.0362635e-003
 1.0575235e-003
 1.0803856e-003
 1.1046819e-003
 1.1297050e-003
 1.1543460e-003
 1.1773201e-003
 1.1973761e-003
 1.2134910e-003
 1.2249352e-003
 1.2312687e-003
 1.2322670e-003
 1.2278280e-003
 1.2179267e-003
 1.2026241e-003
 1.1821666e-003
 1.1571107e-003
 1.1284834e-003
 1.0978743e-003
 1.0674199e-003
 1.0396976e-003
 1.0174259e-003
 1.0031114e-003
 9.9860830e-004
 1.0047369e-003
 1.0210311e-003
 1.0457026e-003
 1.0758369e-003
 1.1078337e-003
 1.1380127e-003
 1.1632113e-003
 1.1813266e-003
 1.1915872e-003
 1.1945720e-003
 1.1919353e-003
 1.1859372e-003
 1.1789033e-003
 1.1727388e-003
 1.1686167e-003
 1.1668673e-003
 1.1670778e-003
 1.1683201e-003
 1.1694360e-003
 1.1692918e-003
 1.1669607e-003
 1.1618189e-003
 1.1535820e-003
 1.1423057e-003
 1.1284006e-003
 1.1126361e-003
 1.0961592e-003
 1.0804574e-003
 1.0672512e-003
 1.0583232e-003
 1.0552561e-003
 1.0591708e-003
 1.0704898e-003
 1.0888189e-003
 1.1129534e-003
 1.1410640e-003
 1.1709670e-003
 1.2004802e-003
 1.2277662e-003
 1.2515560e-003
 1.2712691e-003
 1.2869710e-003
 1.2991719e-003
 1.3085640e-003
 1.3157076e-003
 1.3207832e-003
 1.3234545e-003
 1.3228838e-003
 1.3179190e-003
 1.3074114e-003
 1.2906006e-003
 1.2674597e-003
 1.2389427e-003
 1.2070021e-003
 1.1744306e-003
 1.1444737e-003
 1.1203170e-003
 1.1045901e-003
 1.0989149e-003
 1.1036801e-003
 1.1180177e-003
 1.1400095e-003
 1.1670283e-003
 1.1961603e-003
 1.2246155e-003
 1.2500442e-003
 1.2707859e-003
 1.2859269e-003
 1.2952733e-003
 1.2991466e-003
 1.2981426e-003
 1.2929622e-003
 1.2843021e-003
 1.2728089e-003
 1.2591353e-003
 1.2440388e-003
 1.2284750e-003
 1.2137063e-003
 1.2013110e-003
 1.1930530e-003
 1.1906078e-003
 1.1951333e-003
 1.2068105e-003
 1.2244810e-003
 1.2456547e-003
 1.2669157e-003
 1.2845803e-003
 1.2953848e-003
 1.2970917e-003
 1.2888134e-003
 1.2710755e-003
 1.2456889e-003
 1.2153266e-003
 1.1829640e-003
 1.1512332e-003
 1.1219376e-003
 1.0957515e-003
 1.0722141e-003
 1.0500295e-003
 1.0275207e-003
 1.0031943e-003
 9.7621453e-004
 9.4666897e-004
 9.1557903e-004
 8.8464719e-004
 8.5593370e-004
 8.3146547e-004
 8.1292400e-004
 8.0144859e-004
 7.9741550e-004
 8.0036267e-004
 8.0902630e-004
 8.2151283e-004
 8.3555002e-004
 8.4880256e-004
 8.5917744e-004
 8.6505240e-004
 8.6544431e-004
 8.6008076e-004
 8.4940396e-004
 8.3449180e-004
 8.1688020e-004
 7.9833367e-004
 7.8064209e-004
 7.6540996e-004
 7.5388432e-004
 7.4685761e-004
 7.4462401e-004
 7.4698508e-004
 7.5329782e-004
 7.6258957e-004
 7.7369640e-004
 7.8542664e-004
 7.9669448e-004
 8.0663397e-004
 8.1466482e-004
 8.2049554e-004
 8.2409749e-004
 8.2564738e-004
 8.2545448e-004
 8.2389446e-004
 8.2135247e-004
 8.1818493e-004
 8.1469730e-004
 8.1114069e-004
 8.0771383e-004
 8.0457609e-004
 8.0185634e-004
 7.9965824e-004
 7.9806277e-004
 7.9711986e-004
 7.9683890e-004
 7.9717406e-004
 7.9801335e-004
 7.9917168e-004
 8.0039486e-004
 8.0137246e-004
 8.0176443e-004
 8.0123590e-004
 7.9949829e-004
 7.9635042e-004
 7.9171709e-004
 7.8567921e-004
 7.7848911e-004
 7.7058212e-004
 7.6256908e-004
 7.5521495e-004
 7.4941304e-004
 7.4612908e-004
 7.4633810e-004
 7.5092964e-004
 7.6060224e-004
 7.7573769e-004
 7.9629413e-004
 8.2170422e-004
 8.5083582e-004
 8.8203244e-004
 9.1319741e-004
 9.4201055e-004
 9.6615177e-004
 9.8359224e-004
 9.9286088e-004
 9.9323620e-004
 9.8486338e-004
 9.6874643e-004
 9.4663119e-004
 9.2077843e-004
 8.9370809e-004
 8.6790964e-004
 8.4558415e-004
 8.2848553e-004
 8.1781182e-004
 8.1422360e-004
 8.1791001e-004
 8.2871434e-004
 8.4626232e-004
 8.7008823e-004
 8.9969963e-004
 9.3459571e-004
 9.7424624e-004
 1.0179811e-003
 1.0649241e-003
 1.1138583e-003
 1.1631785e-003
 1.2109259e-003
 1.2548532e-003
 1.2926306e-003
 1.3220077e-003
 1.3410448e-003
 1.3483036e-003
 1.3429665e-003
 1.3248739e-003
 1.2946086e-003
 1.2535130e-003
 1.2035883e-003
 1.1473822e-003
 1.0877901e-003
 1.0278237e-003
 9.7045471e-004
 9.1838575e-004
 8.7397808e-004
 8.3914940e-004
 8.1532396e-004
 8.0343458e-004
 8.0389011e-004
 8.1656419e-004
 8.4080658e-004
 8.7555364e-004
 9.1939053e-004
 9.7067835e-004
 1.0276171e-003
 1.0883462e-003
 1.1510425e-003
 1.2139241e-003
 1.2753394e-003
 1.3337466e-003
 1.3877791e-003
 1.4363076e-003
 1.4784483e-003
 1.5136349e-003
 1.5416681e-003
 1.5627118e-003
 1.5773091e-003
 1.5863092e-003
 1.5907896e-003
 1.5919391e-003
 1.5909233e-003
 1.5887566e-003
 1.5861945e-003
 1.5836611e-003
 1.5812236e-003
 1.5786197e-003
 1.5753284e-003
 1.5706794e-003
 1.5639812e-003
 1.5546452e-003
 1.5423012e-003
 1.5268619e-003
 1.5085615e-003
 1.4879329e-003
 1.4657333e-003
 1.4428623e-003
 1.4202389e-003
 1.3986760e-003
 1.3788022e-003
 1.3609758e-003
 1.3452778e-003
 1.3315280e-003
 1.3193451e-003
 1.3082562e-003
 1.2977996e-003
 1.2876494e-003
 1.2777073e-003
 1.2681609e-003
 1.2595071e-003
 1.2525080e-003
 1.2481145e-003
 1.2473403e-003
 1.2511208e-003
 1.2601692e-003
 1.2748586e-003
 1.2951350e-003
 1.3204905e-003
 1.3500076e-003
 1.3824234e-003
 1.4162863e-003
 1.4500798e-003
 1.4823856e-003
 1.5120257e-003
 1.5381323e-003
 1.5602073e-003
 1.5781258e-003
 1.5920723e-003
 1.6024829e-003
 1.6099388e-003
 1.6150806e-003
 1.6185279e-003
 1.6208139e-003
 1.6223516e-003
 1.6234178e-003
 1.6241575e-003
 1.6246005e-003
 1.6246834e-003
 1.6242740e-003
 1.6231914e-003
 1.6212243e-003
 1.6181422e-003
 1.6137081e-003
 1.6076844e-003
 1.5998445e-003
 1.5899810e-003
 1.5779103e-003
 1.5634907e-003
 1.5466328e-003
 1.5273072e-003
 1.5055786e-003
 1.4816133e-003
 1.4557276e-003
 1.4284177e-003
 1.4003817e-003
 1.3725641e-003
 1.3461316e-003
 1.3224684e-003
 1.3030909e-003
 1.2895153e-003
 1.2830994e-003
 1.2848247e-003
 1.2950929e-003
 1.3135388e-003
 1.3389187e-003
 1.3691394e-003
 1.4014803e-003
 1.4328229e-003
 1.4599534e-003
 1.4798647e-003
 1.4899927e-003
 1.4884245e-003
 1.4739361e-003
 1.4460521e-003
 1.4051566e-003
 1.3525190e-003
 1.2902021e-003
 1.2208651e-003
 1.1475785e-003
 1.0734829e-003
 1.0015649e-003
 9.3438319e-004
 8.7391154e-004
 8.2156144e-004
 7.6644408e-004
 7.3249848e-004
 7.0833799e-004
 6.9385685e-004
 6.8873621e-004
 6.9231383e-004
 7.0353446e-004
 7.2100753e-004
 7.4312091e-004
 7.6814176e-004
 7.9432910e-004
 8.1998919e-004
 8.4357936e-004
 8.6385215e-004
 8.7999279e-004
 8.9173572e-004
 8.9939614e-004
 9.0381136e-004
 9.0621517e-004
 9.0807944e-004
 9.1098307e-004
 9.1649900e-004
 9.2606316e-004
 9.4080297e-004
 9.6130616e-004
 9.8741218e-004
 1.0181365e-003
 1.0517311e-003
 1.0859136e-003
 1.1180713e-003
 1.1454687e-003
 1.1654291e-003
 1.1755225e-003
 1.1738823e-003
 1.1595658e-003
 1.1328877e-003
 1.0955338e-003
 1.0504489e-003
 1.0015009e-003
 9.5308438e-004
 9.0984110e-004
 8.7635044e-004
 8.5686502e-004
 8.5486739e-004
 8.7255600e-004
 9.1037829e-004
 9.6685963e-004
 1.0387647e-003
 1.1215644e-003
 1.2099977e-003
 1.2984321e-003
 1.3812716e-003
 1.4532068e-003
 1.5096695e-003
 1.5473543e-003
 1.5646208e-003
 1.5617080e-003
 1.5405354e-003
 1.5042727e-003
 1.4568170e-003
 1.4024220e-003
 1.3453711e-003
 1.2897807e-003
 1.2392994e-003
 1.1967651e-003
 1.1639561e-003
 1.1414518e-003
 1.1287447e-003
 1.1245412e-003
 1.1270666e-003
 1.1343233e-003
 1.1442489e-003
 1.1548327e-003
 1.1642115e-003
 1.1707911e-003
 1.1733344e-003
 1.1710059e-003
 1.1633297e-003
 1.1500999e-003
 1.1312690e-003
 1.1068848e-003
 1.0770677e-003
 1.0420326e-003
 1.0022066e-003
 9.5832202e-004
 9.1156212e-004
 8.6359569e-004
 8.1651093e-004
 7.7273353e-004
 7.3487224e-004
 7.0558360e-004
 6.8747287e-004
 6.8288413e-004
 6.9363671e-004
 7.2065438e-004
 7.6366588e-004
 8.2104979e-004
 8.9000352e-004
 9.6681749e-004
 1.0472537e-003
 1.1268809e-003
 1.2012490e-003
 1.2662193e-003
 1.3182452e-003
 1.3548291e-003
 1.3749023e-003
 1.3789514e-003
 1.3688854e-003
 1.3476545e-003
 1.3188345e-003
 1.2862654e-003
 1.2538235e-003
 1.2251559e-003
 1.2034141e-003
 1.1908874e-003
 1.1886939e-003
 1.1966643e-003
 1.2134572e-003
 1.2368780e-003
 1.2642114e-003
 1.2925240e-003
 1.3188462e-003
 1.3403653e-003
 1.3546532e-003
 1.3599122e-003
 1.3552174e-003
 1.3406028e-003
 1.3169749e-003
 1.2858717e-003
 1.2492267e-003
 1.2091352e-003
 1.1677459e-003
 1.1271454e-003
 1.0892333e-003
 1.0556324e-003
 1.0275461e-003
 1.0057448e-003
 9.9059264e-004
 9.8215172e-004
 9.8030944e-004
 9.8485663e-004
 9.9553179e-004
 1.0120122e-003
 1.0338839e-003
 1.0605697e-003
 1.0912768e-003
 1.1249883e-003
 1.1604590e-003
 1.1963036e-003
 1.2310345e-003
 1.2631342e-003
 1.2911276e-003
 1.3136445e-003
 1.3295778e-003
 1.3382336e-003
 1.3394923e-003
 1.3338665e-003
 1.3224405e-003
 1.3067153e-003
 1.2884451e-003
 1.2694936e-003
 1.2517185e-003
 1.2368772e-003
 1.2264791e-003
 1.2216144e-003
 1.2228123e-003
 1.2299757e-003
 1.2424425e-003
 1.2591322e-003
 1.2787220e-003
 1.2997681e-003
 1.3208174e-003
 1.3404696e-003
 1.3574769e-003
 1.3708565e-003
 1.3799700e-003
 1.3845735e-003
 1.3847717e-003
 1.3809307e-003
 1.3735699e-003
 1.3632862e-003
 1.3506936e-003
 1.3363990e-003
 1.3209687e-003
 1.3048917e-003
 1.2885664e-003
 1.2722750e-003
 1.2562071e-003
 1.2404803e-003
 1.2251640e-003
 1.2103160e-003
 1.1959980e-003
 1.1822960e-003
 1.1693664e-003
 1.1574675e-003
 1.1470083e-003
 1.1385588e-003
 1.1328326e-003
 1.1306530e-003
 1.1329018e-003
 1.1404743e-003
 1.1542272e-003
 1.1748709e-003
 1.2028412e-003
 1.2381079e-003
 1.2799744e-003
 1.3270578e-003
 1.3773279e-003
 1.4282947e-003
 1.4771562e-003
 1.5210400e-003
 1.5571134e-003
 1.5827504e-003
 1.5958578e-003
 1.5951778e-003
 1.5806034e-003
 1.5533009e-003
 1.5155838e-003
 1.4705996e-003
 1.4220298e-003
 1.3737393e-003
 1.3295849e-003
 1.2932153e-003
 1.2677021e-003
 1.2552091e-003
 1.2566613e-003
 1.2715936e-003
 1.2983069e-003
 1.3341629e-003
 1.3759962e-003
 1.4203930e-003
 1.4639286e-003
 1.5033296e-003
 1.5357895e-003
 1.5592326e-003
 1.5725695e-003
 1.5758377e-003
 1.5700676e-003
 1.5570328e-003
 1.5389428e-003
 1.5182066e-003
 1.4972556e-003
 1.4784158e-003
 1.4636989e-003
 1.4546153e-003
 1.4519928e-003
 1.4558909e-003
 1.4656873e-003
 1.4802448e-003
 1.4981307e-003
 1.5177779e-003
 1.5375823e-003
 1.5560292e-003
 1.5717868e-003
 1.5838443e-003
 1.5916160e-003
 1.5950056e-003
 1.5943467e-003
 1.5902931e-003
 1.5836894e-003
 1.5754651e-003
 1.5665721e-003
 1.5579148e-003
 1.5502919e-003
 1.5443190e-003
 1.5403669e-003
 1.5385271e-003
 1.5386443e-003
 1.5403799e-003
 1.5432863e-003
 1.5468668e-003
 1.5506143e-003
 1.5540506e-003
 1.5567638e-003
 1.5584563e-003
 1.5589842e-003
 1.5583766e-003
 1.5568167e-003
 1.5546028e-003
 1.5521001e-003
 1.5497037e-003
 1.5478124e-003
 1.5467991e-003
 1.5469805e-003
 1.5485764e-003
 1.5516755e-003
 1.5562215e-003
 1.5620287e-003
 1.5688101e-003
 1.5762254e-003
 1.5839093e-003
 1.5914876e-003
 1.5986091e-003
 1.6049641e-003
 1.6103092e-003
 1.6145025e-003
 1.6175071e-003
 1.6193830e-003
 1.6202601e-003
 1.6203123e-003
 1.6197328e-003
 1.6187197e-003
 1.6174644e-003
 1.6161401e-003
 1.6148903e-003
 1.6138148e-003
 1.6129677e-003
 1.6123607e-003
 1.6119742e-003
 1.6117704e-003
 1.6117023e-003
 1.6117204e-003
 1.6117773e-003
 1.6118308e-003
 1.6118482e-003
 1.6118108e-003
 1.6117134e-003
 1.6115650e-003
 1.6113840e-003
 1.6111942e-003
 1.6110225e-003
 1.6108949e-003
 1.6108346e-003
 1.6108571e-003
 1.6109656e-003
 1.6111471e-003
 1.6113695e-003
 1.6115844e-003
 1.6117310e-003
 1.6117413e-003
 1.6115443e-003
 1.6110697e-003
 1.6102520e-003
 1.6090361e-003
 1.6073856e-003
 1.6052877e-003
 1.6027557e-003
 1.5998296e-003
 1.5965652e-003
 1.5930287e-003
 1.5892946e-003
 1.5854373e-003
 1.5815342e-003
 1.5776639e-003
 1.5739123e-003
 1.5703678e-003
 1.5671253e-003
 1.5642872e-003
 1.5619576e-003
 1.5602433e-003
 1.5592516e-003
 1.5590840e-003
 1.5598309e-003
 1.5615567e-003
 1.5642851e-003
 1.5679831e-003
 1.5725562e-003
 1.5778508e-003
 1.5836741e-003
 1.5898101e-003
 1.5960273e-003
 1.6020988e-003
 1.6078088e-003
 1.6129629e-003
 1.6174143e-003
 1.6210733e-003
 1.6239157e-003
 1.6259740e-003
 1.6273259e-003
 1.6280744e-003
 1.6283344e-003
 1.6282238e-003
 1.6278565e-003
 1.6273357e-003
 1.6267454e-003
 1.6261444e-003
 1.6255634e-003
 1.6250069e-003
 1.6244609e-003
 1.6239000e-003
 1.6232941e-003
 1.6226117e-003
 1.6218234e-003
 1.6209072e-003
 1.6198511e-003
 1.6186577e-003
 1.6173464e-003
 1.6159510e-003
 1.6145158e-003
 1.6130913e-003
 1.6117323e-003
 1.6104921e-003
 1.6094222e-003
 1.6085686e-003
 1.6079674e-003
 1.6076417e-003
 1.6076001e-003
 1.6078383e-003
 1.6083423e-003
 1.6090921e-003
 1.6100648e-003
 1.6112361e-003
 1.6125812e-003
 1.6140724e-003
 1.6156809e-003
 1.6173742e-003
 1.6191156e-003
 1.6208660e-003
 1.6225838e-003
 1.6242252e-003
 1.6257471e-003
 1.6271073e-003
 1.6282672e-003
 1.6291949e-003
 1.6298711e-003
 1.6302927e-003
 1.6304748e-003
 1.6304487e-003
 1.6302579e-003
 1.6299532e-003
 1.6295881e-003
 1.6292167e-003
 1.6288897e-003
 1.6286519e-003
 1.6285360e-003
 1.6285599e-003
 1.6287245e-003
 1.6290154e-003
 1.6294069e-003
 1.6298667e-003
 1.6303592e-003
 1.6308494e-003
 1.6313043e-003
 1.6316971e-003
 1.6320111e-003
 1.6322443e-003
 1.6324092e-003
 1.6325325e-003
 1.6326514e-003
 1.6328087e-003
 1.6330495e-003
 1.6334169e-003
 1.6339466e-003
 1.6346592e-003
 1.6355496e-003
 1.6365775e-003
 1.6376638e-003
 1.6386945e-003
 1.6395306e-003
 1.6400178e-003
 1.6399996e-003
 1.6393292e-003
 1.6378943e-003
 1.6356512e-003
 1.6326716e-003
 1.6291863e-003
 1.6255986e-003
 1.6224689e-003
 1.6204731e-003
 1.6203559e-003
 1.6228870e-003
 1.6288279e-003
 1.6388800e-003
 1.6536268e-003
 1.6734526e-003
 1.6984504e-003
 1.7284210e-003
 1.7628847e-003
 1.8011685e-003
 1.8424519e-003
 1.8858933e-003
 1.9306677e-003
 1.9760055e-003
 2.0213607e-003
 2.0665103e-003
 2.1116352e-003
 2.1574341e-003
 2.2050433e-003
 2.2558859e-003
 2.3116043e-003
 2.3738979e-003
 2.4444333e-003
 2.5246192e-003
 2.6154683e-003
 2.7172621e-003
 2.8292004e-003
 2.9494383e-003
 3.0751317e-003
 3.2026034e-003
 3.3278293e-003
 3.4465706e-003
 3.5546280e-003
 3.6479584e-003
 3.7231224e-003
 3.7775466e-003
 3.8098178e-003
 3.8198915e-003
 3.8088995e-003
 3.7788677e-003
 3.7323439e-003
 3.6721069e-003
 3.6010379e-003
 3.5218955e-003
 3.4372252e-003
 3.3491643e-003
 3.2593845e-003
 3.1689098e-003
 3.0782341e-003
 2.9875273e-003
 2.8966619e-003
 2.8054030e-003
 2.7135594e-003
 2.6209236e-003
 2.5274334e-003
 2.4332162e-003
 2.3387547e-003
 2.2447836e-003
 2.1523270e-003
 2.0626874e-003
 1.9772241e-003
 1.8973483e-003
 1.8245097e-003
 1.7599975e-003
 1.7048981e-003
 1.6599157e-003
 1.6252798e-003
 1.6006272e-003
 1.5850980e-003
 1.5774688e-003
 1.5762819e-003
 1.5799842e-003
 1.5870034e-003
 1.5958253e-003
 1.6050787e-003
 1.6136250e-003
 1.6206584e-003
 1.6257322e-003
 1.6287263e-003
 1.6297579e-003
 1.6290905e-003
 1.6270546e-003
 1.6240053e-003
 1.6202914e-003
 1.6162364e-003
 1.6121216e-003
 1.6081638e-003
 1.6045128e-003
 1.6012557e-003
 1.5984365e-003
 1.5960685e-003
 1.5941518e-003
 1.5926813e-003
 1.5916460e-003
 1.5910305e-003
 1.5908108e-003
 1.5909511e-003
 1.5914030e-003
 1.5921068e-003
 1.5929956e-003
 1.5939989e-003
 1.5950452e-003
 1.5960643e-003
 1.5969919e-003
 1.5977732e-003
 1.5983684e-003
 1.5987583e-003
 1.5989459e-003
 1.5989554e-003
 1.5988268e-003
 1.5986111e-003
 1.5983630e-003
 1.5981387e-003
 1.5979924e-003
 1.5979753e-003
 1.5981346e-003
 1.5984925e-003
 1.5988800e-003
 1.5991593e-003
 1.5988932e-003
 1.5977682e-003
 1.5954709e-003
 1.5916873e-003
 1.5861058e-003
 1.5784123e-003
 1.5682934e-003
 1.5554363e-003
 1.5395692e-003
 1.5208625e-003
 1.4997092e-003
 1.4765094e-003
 1.4516559e-003
 1.4255599e-003
 1.3986148e-003
 1.3712205e-003
 1.3437694e-003
 1.3166743e-003
 1.2903276e-003
 1.2651290e-003
 1.2414720e-003
 1.2197675e-003
 1.2003722e-003
 1.1833116e-003
 1.1684303e-003
 1.1555689e-003
 1.1445762e-003
 1.1352925e-003
 1.1275603e-003
 1.1212219e-003
 1.1161231e-003
 1.1121052e-003
 1.1090116e-003
 1.1066848e-003
 1.1049689e-003
 1.1037065e-003
 1.1027405e-003
 1.1019144e-003
 1.1010707e-003
 1.1000528e-003
 1.0987160e-003
 1.0970226e-003
 1.0949902e-003
 1.0926391e-003
 1.0899877e-003
 1.0870551e-003
 1.0838592e-003
 1.0804209e-003
 1.0767583e-003
 1.0728904e-003
 1.0688360e-003
 1.0646132e-003
 1.0602431e-003
 1.0557437e-003
 1.0511337e-003
 1.0464314e-003
 1.0416576e-003
 1.0368305e-003
 1.0319689e-003
 1.0270907e-003
 1.0222171e-003
 1.0173661e-003
 1.0125575e-003
 1.0078191e-003
 1.0031862e-003
 9.9869107e-004
 9.9436659e-004
 9.9024642e-004
 9.8636234e-004
 9.8274974e-004
 9.7944087e-004
 9.7646879e-004
 9.7386609e-004
 9.7166764e-004
 9.6990552e-004
 9.6861314e-004
 9.6782355e-004
 9.6757035e-004
 9.6788647e-004
 9.6880511e-004
 9.7035954e-004
 9.7258354e-004
 9.7550923e-004
 9.7917032e-004
 9.8360016e-004
 9.8883291e-004
 9.9489966e-004
 1.0018345e-003
 1.0096626e-003
 1.0183437e-003
 1.0277979e-003
 1.0379512e-003
 1.0487275e-003
 1.0600508e-003
 1.0718479e-003
 1.0840371e-003
 1.0965457e-003
 1.1092970e-003
 1.1222187e-003
 1.1352283e-003
 1.1482527e-003
 1.1612162e-003
 1.1740457e-003
 1.1866593e-003
 1.1989839e-003
 1.2109434e-003
 1.2224645e-003
 1.2334660e-003
 1.2438743e-003
 1.2536137e-003
 1.2626081e-003
 1.2707834e-003
 1.2780594e-003
 1.2843626e-003
 1.2896168e-003
 1.2937469e-003
 1.2966747e-003
 1.2983255e-003
 1.2986364e-003
 1.2976479e-003
 1.2954507e-003
 1.2921350e-003
