s07_ASD Record=3426:  error bars to preceding                
 1.3587427e-003
 1.3575010e-003
 1.3538189e-003
 1.3458126e-003
 1.3310603e-003
 1.3071029e-003
 1.2721438e-003
 1.2258086e-003
 1.1697648e-003
 1.1079252e-003
 1.0459145e-003
 9.9018193e-004
 9.4712159e-004
 9.2227518e-004
 9.1868202e-004
 9.3509362e-004
 9.6556364e-004
 1.0010685e-003
 1.0318484e-003
 1.0498577e-003
 1.0508728e-003
 1.0355457e-003
 1.0087431e-003
 9.7747683e-004
 9.4863144e-004
 9.2722016e-004
 9.1496680e-004
 9.1005903e-004
 9.0877997e-004
 9.0771308e-004
 9.0485899e-004
 8.9963496e-004
 8.9222874e-004
 8.8301412e-004
 8.7224547e-004
 8.5995300e-004
 8.4630144e-004
 8.3223096e-004
 8.1984740e-004
 8.1206375e-004
 8.1141217e-004
 8.1853254e-004
 8.3108735e-004
 8.4384927e-004
 8.5024955e-004
 8.4493292e-004
 8.2616002e-004
 7.9673791e-004
 7.6283596e-004
 7.3126779e-004
 7.0684537e-004
 6.9128547e-004
 6.8394066e-004
 6.8339478e-004
 6.8857509e-004
 6.9876068e-004
 7.1287481e-004
 7.2919228e-004
 7.4600626e-004
 7.6177105e-004
 7.7529543e-004
 7.8658405e-004
 7.9576101e-004
 8.0277974e-004
 8.0816384e-004
 8.1380724e-004
 8.2161778e-004
 8.3245564e-004
 8.4577355e-004
 8.5897354e-004
 8.6738559e-004
 8.6574053e-004
 8.5063564e-004
 8.2256558e-004
 7.8633794e-004
 7.4955419e-004
 7.1984727e-004
 7.0246897e-004
 6.9947483e-004
 7.1029906e-004
 7.3262479e-004
 7.6275092e-004
 7.9573249e-004
 8.2611066e-004
 8.4953243e-004
 8.6434174e-004
 8.7176909e-004
 8.7423145e-004
 8.7286189e-004
 8.6623954e-004
 8.5148978e-004
 8.2711218e-004
 7.9552556e-004
 7.6345215e-004
 7.3988753e-004
 7.3285575e-004
 7.4638380e-004
 7.7917730e-004
 8.2571787e-004
 8.7880826e-004
 9.3145308e-004
 9.7752200e-004
 1.0120906e-003
 1.0325701e-003
 1.0408937e-003
 1.0447447e-003
 1.0544152e-003
 1.0759997e-003
 1.1054869e-003
 1.1289581e-003
 1.1303682e-003
 1.1018661e-003
 1.0490234e-003
 9.8721148e-004
 9.3242538e-004
 8.9390168e-004
 8.7327661e-004
 8.6863228e-004
 8.7772758e-004
 8.9687266e-004
 9.1817864e-004
 9.3110674e-004
 9.2968275e-004
 9.1872003e-004
 9.1087655e-004
 9.1521099e-004
 9.2803978e-004
 9.3592965e-004
 9.2828920e-004
 9.0698630e-004
 8.8449725e-004
 8.7472406e-004
 8.8581187e-004
 9.1756182e-004
 9.6033665e-004
 9.9614705e-004
 1.0060919e-003
 9.8189653e-004
 9.3167531e-004
 8.7435934e-004
 8.2829286e-004
 8.0326112e-004
 7.9939305e-004
 8.1052579e-004
 8.2842394e-004
 8.4585603e-004
 8.5852860e-004
 8.6680817e-004
 8.7605137e-004
 8.9223572e-004
 9.1393251e-004
 9.2958158e-004
 9.2670688e-004
 9.0514019e-004
 8.7874581e-004
 8.6285005e-004
 8.6204568e-004
 8.7167666e-004
 8.8826520e-004
 9.1323932e-004
 9.4480719e-004
 9.7090821e-004
 9.7628811e-004
 9.5717952e-004
 9.2536287e-004
 8.9665072e-004
 8.7756442e-004
 8.6332060e-004
 8.4568071e-004
 8.2124630e-004
 7.9427083e-004
 7.7373709e-004
 7.6725369e-004
 7.7568274e-004
 7.9277315e-004
 8.1090734e-004
 8.2789088e-004
 8.4677065e-004
 8.6764176e-004
 8.8174950e-004
 8.7794359e-004
 8.5616007e-004
 8.3173055e-004
 8.2369975e-004
 8.3877984e-004
 8.6758652e-004
 8.9584978e-004
 9.1651001e-004
 9.2970108e-004
 9.3534507e-004
 9.3129935e-004
 9.1757940e-004
 8.9722115e-004
 8.7313057e-004
 8.4822264e-004
 8.2757481e-004
 8.1509131e-004
 8.0792449e-004
 7.9879462e-004
 7.8415195e-004
 7.6631765e-004
 7.4816123e-004
 7.3020777e-004
 7.1331841e-004
 7.0000056e-004
 6.9145049e-004
 6.8623095e-004
 6.8479747e-004
 6.9472200e-004
 7.2738749e-004
 7.8506587e-004
 8.5084804e-004
 8.9543511e-004
 8.9817453e-004
 8.6320762e-004
 8.1440818e-004
 7.7343924e-004
 7.4413925e-004
 7.1948097e-004
 6.9792866e-004
 6.8545470e-004
 6.8499456e-004
 6.9326122e-004
 7.0768083e-004
 7.3033856e-004
 7.6794694e-004
 8.3353970e-004
 9.3851780e-004
 1.0673222e-003
 1.1664145e-003
 1.1813940e-003
 1.1111881e-003
 1.0124670e-003
 9.4543450e-004
 9.2089805e-004
 9.0337143e-004
 8.6237816e-004
 8.0911379e-004
 7.7374373e-004
 7.6327292e-004
 7.6555082e-004
 7.8136456e-004
 8.2006358e-004
 8.6913852e-004
 9.0003543e-004
 9.0527785e-004
 9.0550748e-004
 9.1809215e-004
 9.3592849e-004
 9.4059395e-004
 9.2591788e-004
 9.0216106e-004
 8.8446465e-004
 8.8559277e-004
 9.1121276e-004
 9.4564375e-004
 9.5329987e-004
 9.1723498e-004
 8.6315838e-004
 8.2840357e-004
 8.2640600e-004
 8.4326725e-004
 8.4866810e-004
 8.2399667e-004
 7.9142966e-004
 7.8892522e-004
 8.1301876e-004
 8.1557699e-004
 7.6328113e-004
 6.8336976e-004
 6.3948368e-004
 6.6340604e-004
 7.2432816e-004
 7.7337975e-004
 7.9760537e-004
 8.1276044e-004
 8.2512293e-004
 8.2553306e-004
 8.1203884e-004
 7.9632713e-004
 7.8521390e-004
 7.6953374e-004
 7.3922443e-004
 7.0710923e-004
 7.0557074e-004
 7.5442164e-004
 8.3689654e-004
 9.0851123e-004
 9.3385467e-004
 9.1835664e-004
 8.9852739e-004
 8.9926232e-004
 9.1268047e-004
 9.2112250e-004
 9.2418626e-004
 9.3380158e-004
 9.4883912e-004
 9.4750512e-004
 9.2226185e-004
 9.1550587e-004
 9.7390154e-004
 1.0557092e-003
 1.0498805e-003
 9.1696641e-004
 7.4464898e-004
 6.3758960e-004
 6.1716937e-004
 6.4726523e-004
 6.9439370e-004
 7.3517306e-004
 7.4492744e-004
 7.1140419e-004
 6.5629132e-004
 6.3031400e-004
 6.7385490e-004
 7.7340362e-004
 8.7160262e-004
 9.2474947e-004
 9.3245634e-004
 9.1818033e-004
 8.9596363e-004
 8.7235443e-004
 8.6881267e-004
 9.1596850e-004
 1.0204747e-003
 1.1445569e-003
 1.2242305e-003
 1.2159731e-003
 1.1305801e-003
 1.0209281e-003
 9.3852199e-004
 9.0170605e-004
 8.9852925e-004
 9.1059686e-004
 9.3075103e-004
 9.6170139e-004
 1.0027519e-003
 1.0407642e-003
 1.0559798e-003
 1.0386604e-003
 1.0005726e-003
 9.6888031e-004
 9.6788217e-004
 1.0051241e-003
 1.0703485e-003
 1.1415280e-003
 1.1913081e-003
 1.1959890e-003
 1.1481006e-003
 1.0646078e-003
 9.8239828e-004
 9.4310840e-004
 9.7387139e-004
 1.0569589e-003
 1.1249912e-003
 1.1367870e-003
 1.1089796e-003
 1.0591125e-003
 9.6638501e-004
 8.3599176e-004
 7.3978119e-004
 7.2152895e-004
 7.2424288e-004
 6.8546296e-004
 6.3625589e-004
 6.3780148e-004
 6.8546290e-004
 7.2925416e-004
 7.3958840e-004
 7.1961462e-004
 6.8401929e-004
 6.4688310e-004
 6.2143960e-004
 6.2088086e-004
 6.4927677e-004
 6.8427832e-004
 6.8703620e-004
 6.5501779e-004
 6.3957262e-004
 6.7403656e-004
 7.2270160e-004
 7.4400718e-004
 7.5468235e-004
 7.8518235e-004
 8.2068087e-004
 8.2989066e-004
 8.1673299e-004
 8.1293809e-004
 8.3933678e-004
 8.8543672e-004
 9.1648416e-004
 9.0106629e-004
 8.4090390e-004
 7.7882654e-004
 7.6657359e-004
 7.9628907e-004
 7.9430087e-004
 7.1875792e-004
 6.0553296e-004
 5.5809162e-004
 6.1925355e-004
 7.0283032e-004
 7.3632528e-004
 7.2986656e-004
 7.1226596e-004
 6.9421262e-004
 6.7031611e-004
 6.3685008e-004
 6.1116414e-004
 6.3024106e-004
 7.1883021e-004
 8.4798090e-004
 9.3886378e-004
 9.2308421e-004
 8.1048271e-004
 6.8692362e-004
 6.3824549e-004
 6.7672814e-004
 7.4222067e-004
 7.7070971e-004
 7.5543200e-004
 7.4723485e-004
 7.9505489e-004
 8.8218000e-004
 9.3510782e-004
 8.9259306e-004
 7.5475062e-004
 5.9162965e-004
 5.1047909e-004
 5.5517949e-004
 6.8158854e-004
 8.0171274e-004
 8.4643712e-004
 8.2385191e-004
 7.7303621e-004
 7.3315069e-004
 7.3699001e-004
 7.7544944e-004
 8.2254561e-004
 8.5225009e-004
 8.4285869e-004
 8.0123189e-004
 7.4577268e-004
 6.9491181e-004
 6.6474197e-004
 6.5575802e-004
 6.6214119e-004
 6.7805633e-004
 6.9772487e-004
 7.1579067e-004
 7.2792143e-004
 7.2470499e-004
 7.0378109e-004
 6.6842308e-004
 6.3002494e-004
 6.0031586e-004
 5.9103977e-004
 6.1336299e-004
 6.6565524e-004
 7.3355512e-004
 8.0218277e-004
 8.5662818e-004
 8.8255777e-004
 8.7795005e-004
 8.5294963e-004
 8.1822224e-004
 7.8442105e-004
 7.6193537e-004
 7.5495499e-004
 7.6161191e-004
 7.7978324e-004
 8.0734037e-004
 8.4216095e-004
 8.8194327e-004
 9.2366128e-004
 9.6413604e-004
 1.0001693e-003
 1.0285808e-003
 1.0461753e-003
 1.0508921e-003
 1.0449911e-003
 1.0317726e-003
 1.0145413e-003
 9.9659467e-004
 9.8123844e-004
 9.7177114e-004
 9.7085524e-004
 9.7871700e-004
 9.9500350e-004
 1.0193569e-003
 1.0514284e-003
 1.0908562e-003
 1.1372949e-003
 1.1903794e-003
 1.2493880e-003
 1.3121405e-003
 1.3761481e-003
 1.4388921e-003
 1.4978833e-003
 1.5506047e-003
 1.5945599e-003
 1.6272492e-003
 1.6469918e-003
 1.6552175e-003
 1.6540706e-003
 1.6456973e-003
 1.6322461e-003
 1.6158600e-003
 1.5986901e-003
 1.5828783e-003
 1.5701328e-003
 1.5605259e-003
 1.5537589e-003
 1.5495301e-003
 1.5475389e-003
 1.5474847e-003
 1.5490676e-003
 1.5519859e-003
 1.5559401e-003
 1.5606286e-003
 1.5657517e-003
 1.5710078e-003
 1.5761404e-003
 1.5810466e-003
 1.5856610e-003
 1.5899157e-003
 1.5937459e-003
 1.5970840e-003
 1.5998639e-003
 1.6020196e-003
 1.6034838e-003
 1.6041908e-003
 1.6040736e-003
 1.6030659e-003
 1.6011725e-003
 1.5986511e-003
 1.5958167e-003
 1.5929831e-003
 1.5904660e-003
 1.5885790e-003
 1.5876370e-003
 1.5879546e-003
 1.5898463e-003
 1.5936263e-003
 1.5996101e-003
 1.6078015e-003
 1.6171215e-003
 1.6262479e-003
 1.6338632e-003
 1.6386459e-003
 1.6392774e-003
 1.6344377e-003
 1.6228060e-003
 1.6030654e-003
 1.5738914e-003
 1.5347501e-003
 1.4877969e-003
 1.4357680e-003
 1.3814189e-003
 1.3274795e-003
 1.2767062e-003
 1.2318296e-003
 1.1956036e-003
 1.1707629e-003
 1.1600562e-003
 1.1652074e-003
 1.1844665e-003
 1.2153467e-003
 1.2553497e-003
 1.3019936e-003
 1.3527764e-003
 1.4052126e-003
 1.4568175e-003
 1.5050877e-003
 1.5475437e-003
 1.5821389e-003
 1.6083798e-003
 1.6260808e-003
 1.6350674e-003
 1.6351582e-003
 1.6261743e-003
 1.6079387e-003
 1.5802684e-003
 1.5429906e-003
 1.4967191e-003
 1.4447120e-003
 1.3907981e-003
 1.3387809e-003
 1.2924885e-003
 1.2557270e-003
 1.2323209e-003
 1.2260808e-003
 1.2391421e-003
 1.2680977e-003
 1.3083909e-003
 1.3554811e-003
 1.4048070e-003
 1.4518304e-003
 1.4919903e-003
 1.5207432e-003
 1.5347174e-003
 1.5343707e-003
 1.5209448e-003
 1.4956846e-003
 1.4598257e-003
 1.4146183e-003
 1.3612936e-003
 1.3011058e-003
 1.2359997e-003
 1.1702616e-003
 1.1086124e-003
 1.0609862e-003
 1.0248524e-003
 1.0071971e-003
 1.0110547e-003
 1.0362981e-003
 1.0801625e-003
 1.1380542e-003
 1.2044950e-003
 1.2737829e-003
 1.3406896e-003
 1.4014490e-003
 1.4544332e-003
 1.4995848e-003
 1.5374665e-003
 1.5685731e-003
 1.5926549e-003
 1.6080256e-003
 1.6113016e-003
 1.5978592e-003
 1.5626713e-003
 1.5015126e-003
 1.4128370e-003
 1.2998788e-003
 1.1714031e-003
 1.0404396e-003
 9.2184101e-004
 8.2960760e-004
 7.7385386e-004
 7.5809995e-004
 7.7841204e-004
 8.2493859e-004
 8.8474865e-004
 9.4469957e-004
 9.9393062e-004
 1.0256564e-003
 1.0377372e-003
 1.0318621e-003
 1.0120348e-003
 9.8316220e-004
 9.5007312e-004
 9.2484331e-004
 9.1160508e-004
 8.9939055e-004
 8.8923512e-004
 8.8169787e-004
 8.7685441e-004
 8.7436277e-004
 8.7360363e-004
 8.7386428e-004
 8.7457430e-004
 8.7554805e-004
 8.7716756e-004
 8.8043482e-004
 8.8682276e-004
 8.9796755e-004
 9.1529993e-004
 9.3968696e-004
 9.7120908e-004
 1.0090589e-003
 1.0516261e-003
 1.0967454e-003
 1.1419378e-003
 1.1847278e-003
 1.2228352e-003
 1.2543130e-003
 1.2776426e-003
 1.2918232e-003
 1.2964507e-003
 1.2917182e-003
 1.2784437e-003
 1.2579863e-003
 1.2321511e-003
 1.2030692e-003
 1.1730756e-003
 1.1445107e-003
 1.1194811e-003
 1.0996286e-003
 1.0858815e-003
 1.0783353e-003
 1.0762396e-003
 1.0781502e-003
 1.0822032e-003
 1.0864463e-003
 1.0891572e-003
 1.0890685e-003
 1.0854696e-003
 1.0781790e-003
 1.0674285e-003
 1.0537126e-003
 1.0376838e-003
 1.0200946e-003
 1.0018277e-003
 9.8393403e-004
 9.6763641e-004
 9.5426803e-004
 9.4507652e-004
 9.4097271e-004
 9.4224588e-004
 9.4836461e-004
 9.5793052e-004
 9.6884347e-004
 9.7864890e-004
 9.8502263e-004
 9.8627293e-004
 9.8173262e-004
 9.7196054e-004
 9.5867494e-004
 9.4445073e-004
 9.3220751e-004
 9.2463248e-004
 9.2361757e-004
 9.2985429e-004
 9.4265875e-004
 9.6007640e-004
 9.7923179e-004
 9.9688163e-004
 1.0100503e-003
 1.0165924e-003
 1.0155998e-003
 1.0075230e-003
 9.9401013e-004
 9.7747787e-004
 9.6055487e-004
 9.4548671e-004
 9.3369652e-004
 9.2555000e-004
 9.2039315e-004
 9.1683376e-004
 9.1316737e-004
 9.0784737e-004
 8.9989003e-004
 8.8911719e-004
 8.7621913e-004
 8.6262356e-004
 8.5021899e-004
 8.4102136e-004
 8.3681825e-004
 8.3889841e-004
 8.4787520e-004
 8.6365256e-004
 8.8549306e-004
 9.1219635e-004
 9.4228325e-004
 9.7419001e-004
 1.0064173e-003
 1.0375684e-003
 1.0663798e-003
 1.0916601e-003
 1.1122709e-003
 1.1271401e-003
 1.1353128e-003
 1.1360837e-003
 1.1291332e-003
 1.1146597e-003
 1.0934339e-003
 1.0667816e-003
 1.0364569e-003
 1.0044281e-003
 9.7266684e-004
 9.4289257e-004
 9.1642514e-004
 8.9407474e-004
 8.7612035e-004
 8.6238130e-004
 8.5230090e-004
 8.4508257e-004
 8.3980989e-004
 8.3556637e-004
 8.3154894e-004
 8.2716014e-004
 8.2209252e-004
 8.1638258e-004
 8.1042311e-004
 8.0492784e-004
 8.0082286e-004
 7.9908816e-004
 8.0055208e-004
 8.0568559e-004
 8.1443269e-004
 8.2612183e-004
 8.3949877e-004
 8.5286918e-004
 8.6437579e-004
 8.7232742e-004
 8.7555882e-004
 8.7372464e-004
 8.6745992e-004
 8.5835258e-004
 8.4870774e-004
 8.4111380e-004
 8.3788490e-004
 8.4050221e-004
 8.4917177e-004
 8.6262921e-004
 8.7826443e-004
 8.9257536e-004
 9.0183772e-004
 9.0288190e-004
 8.9375232e-004
 8.7412441e-004
 8.4534695e-004
 8.1016100e-004
 7.7211123e-004
 7.3490280e-004
 7.0177845e-004
 6.7509292e-004
 6.5618282e-004
 6.4544124e-004
 6.4257433e-004
 6.4692041e-004
 6.5771560e-004
 6.7425589e-004
 6.9594284e-004
 7.2225579e-004
 7.5266068e-004
 7.8657805e-004
 8.2333956e-004
 8.6221163e-004
 9.0243132e-004
 9.4317034e-004
 9.8352972e-004
 1.0224351e-003
 1.0585878e-003
 1.0904707e-003
 1.1164097e-003
 1.1348028e-003
 1.1443790e-003
 1.1445127e-003
 1.1354537e-003
 1.1184213e-003
 1.0955121e-003
 1.0694058e-003
 1.0429675e-003
 1.0187601e-003
 9.9865429e-004
 9.8354742e-004
 9.7328343e-004
 9.6678943e-004
 9.6235587e-004
 9.5803331e-004
 9.5203699e-004
 9.4309193e-004
 9.3066349e-004
 9.1501657e-004
 8.9713221e-004
 8.7847485e-004
 8.6066645e-004
 8.4515812e-004
 8.3291117e-004
 8.2420628e-004
 8.1856956e-004
 8.1485626e-004
 8.1147574e-004
 8.0670655e-004
 7.9905323e-004
 7.8758382e-004
 7.7216845e-004
 7.5359817e-004
 7.3353131e-004
 7.1427337e-004
 6.9845462e-004
 6.8860478e-004
 6.8676344e-004
 6.9414527e-004
 7.1095931e-004
 7.3637941e-004
 7.6869718e-004
 8.0555998e-004
 8.4429083e-004
 8.8221137e-004
 9.1685873e-004
 9.4618642e-004
 9.6862100e-004
 9.8310621e-004
 9.8910520e-004
 9.8658702e-004
 9.7602978e-004
 9.5840945e-004
 9.3516044e-004
 9.0806920e-004
 8.7913405e-004
 8.5035025e-004
 8.2347030e-004
 7.9982250e-004
 7.8014738e-004
 7.6457520e-004
 7.5267674e-004
 7.4360846e-004
 7.3631998e-004
 7.2974979e-004
 7.2300277e-004
 7.1545743e-004
 7.0680346e-004
 6.9702679e-004
 6.8633683e-004
 6.7509199e-004
 6.6371617e-004
 6.5263174e-004
 6.4223062e-004
 6.3285104e-004
 6.2479480e-004
 6.1834761e-004
 6.1381230e-004
 6.1155093e-004
 6.1201269e-004
 6.1574951e-004
 6.2339992e-004
 6.3563854e-004
 6.5307179e-004
 6.7609973e-004
 7.0476771e-004
 7.3859532e-004
 7.7650097e-004
 8.1675668e-004
 8.5709040e-004
 8.9490891e-004
 9.2756719e-004
 9.5275679e-004
 9.6882234e-004
 9.7505044e-004
 9.7181159e-004
 9.6054055e-004
 9.4354793e-004
 9.2369673e-004
 9.0397394e-004
 8.8702957e-004
 8.7479054e-004
 8.6816680e-004
 8.6696038e-004
 8.6995750e-004
 8.7521924e-004
 8.8050292e-004
 8.8374282e-004
 8.8349247e-004
 8.7923463e-004
 8.7149942e-004
 8.6176570e-004
 8.5215783e-004
 8.4499602e-004
 8.4230298e-004
 8.4534159e-004
 8.5429836e-004
 8.6816557e-004
 8.8487263e-004
 9.0161944e-004
 9.1539696e-004
 9.2353963e-004
 9.2424266e-004
 9.1689749e-004
 9.0218429e-004
 8.8189030e-004
 8.5852336e-004
 8.3478936e-004
 8.1306975e-004
 7.9505425e-004
 7.8155322e-004
 7.7254436e-004
 7.6741492e-004
 7.6527667e-004
 7.6528173e-004
 7.6682860e-004
 7.6962565e-004
 7.7360880e-004
 7.7877054e-004
 7.8496325e-004
 7.9175975e-004
 7.9842040e-004
 8.0397364e-004
 8.0741191e-004
 8.0793357e-004
 8.0518879e-004
 7.9945294e-004
 7.9169148e-004
 7.8347814e-004
 7.7679259e-004
 7.7371154e-004
 7.7606685e-004
 7.8513991e-004
 8.0144982e-004
 8.2470081e-004
 8.5386221e-004
 8.8741514e-004
 9.2362525e-004
 9.6084224e-004
 9.9772844e-004
 1.0333200e-003
 1.0670229e-003
 1.0984434e-003
 1.1272184e-003
 1.1528640e-003
 1.1746699e-003
 1.1917496e-003
 1.2031484e-003
 1.2080549e-003
 1.2060173e-003
 1.1971211e-003
 1.1820840e-003
 1.1622461e-003
 1.1394416e-003
 1.1157673e-003
 1.0933290e-003
 1.0739452e-003
 1.0589393e-003
 1.0489924e-003
 1.0441173e-003
 1.0437496e-003
 1.0469095e-003
 1.0524129e-003
 1.0590665e-003
 1.0658209e-003
 1.0718430e-003
 1.0765302e-003
 1.0794823e-003
 1.0804650e-003
 1.0794073e-003
 1.0764318e-003
 1.0719175e-003
 1.0665461e-003
 1.0613061e-003
 1.0574022e-003
 1.0560849e-003
 1.0584104e-003
 1.0650055e-003
 1.0758955e-003
 1.0904670e-003
 1.1075715e-003
 1.1257677e-003
 1.1436365e-003
 1.1600552e-003
 1.1743882e-003
 1.1865224e-003
 1.1967281e-003
 1.2054341e-003
 1.2129497e-003
 1.2192571e-003
 1.2239225e-003
 1.2261490e-003
 1.2249670e-003
 1.2194893e-003
 1.2091722e-003
 1.1940018e-003
 1.1745861e-003
 1.1521076e-003
 1.1282054e-003
 1.1047787e-003
 1.0837666e-003
 1.0669742e-003
 1.0558936e-003
 1.0515985e-003
 1.0546508e-003
 1.0650515e-003
 1.0822155e-003
 1.1049964e-003
 1.1317390e-003
 1.1604024e-003
 1.1887471e-003
 1.2145300e-003
 1.2357483e-003
 1.2508610e-003
 1.2589355e-003
 1.2597472e-003
 1.2537614e-003
 1.2420429e-003
 1.2260790e-003
 1.2075783e-003
 1.1882378e-003
 1.1695637e-003
 1.1527246e-003
 1.1384727e-003
 1.1271560e-003
 1.1187637e-003
 1.1130340e-003
 1.1095582e-003
 1.1078764e-003
 1.1075430e-003
 1.1081460e-003
 1.1092984e-003
 1.1106110e-003
 1.1116730e-003
 1.1120538e-003
 1.1113363e-003
 1.1091686e-003
 1.1053181e-003
 1.0996968e-003
 1.0923515e-003
 1.0834024e-003
 1.0729517e-003
 1.0610054e-003
 1.0474203e-003
 1.0319427e-003
 1.0143172e-003
 9.9445845e-004
 9.7266864e-004
 9.4978628e-004
 9.2727994e-004
 9.0718339e-004
 8.9188822e-004
 8.8383717e-004
 8.8511879e-004
 8.9708401e-004
 9.2001911e-004
 9.5297722e-004
 9.9375797e-004
 1.0390972e-003
 1.0850457e-003
 1.1274122e-003
 1.1623402e-003
 1.1867805e-003
 1.1989132e-003
 1.1983773e-003
 1.1862883e-003
 1.1650518e-003
 1.1380081e-003
 1.1089487e-003
 1.0815825e-003
 1.0590773e-003
 1.0436652e-003
 1.0364553e-003
 1.0373989e-003
 1.0454538e-003
 1.0588848e-003
 1.0756610e-003
 1.0938512e-003
 1.1119724e-003
 1.1292218e-003
 1.1455283e-003
 1.1614719e-003
 1.1780343e-003
 1.1962830e-003
 1.2170363e-003
 1.2405600e-003
 1.2663888e-003
 1.2933009e-003
 1.3194152e-003
 1.3424743e-003
 1.3601698e-003
 1.3705285e-003
 1.3722372e-003
 1.3648489e-003
 1.3488374e-003
 1.3254890e-003
 1.2966555e-003
 1.2644144e-003
 1.2307692e-003
 1.1973670e-003
 1.1653935e-003
 1.1355620e-003
 1.1082176e-003
 1.0835360e-003
 1.0616700e-003
 1.0428859e-003
 1.0275749e-003
 1.0161735e-003
 1.0090283e-003
 1.0062166e-003
 1.0073829e-003
 1.0116409e-003
 1.0175850e-003
 1.0234306e-003
 1.0273037e-003
 1.0275961e-003
 1.0232491e-003
 1.0139379e-003
 1.0001273e-003
 9.8301319e-004
 9.6446747e-004
 9.4688125e-004
 9.3283324e-004
 9.2469284e-004
 9.2415296e-004
 9.3187782e-004
 9.4733608e-004
 9.6886855e-004
 9.9396706e-004
 1.0197505e-003
 1.0435530e-003
 1.0633667e-003
 1.0781145e-003
 1.0876949e-003
 1.0928921e-003
 1.0951558e-003
 1.0963338e-003
 1.0983788e-003
 1.1030104e-003
 1.1113993e-003
 1.1239350e-003
 1.1401068e-003
 1.1585469e-003
 1.1772382e-003
 1.1938264e-003
 1.2060312e-003
 1.2120155e-003
 1.2107025e-003
 1.2019089e-003
 1.1862530e-003
 1.1649298e-003
 1.1394436e-003
 1.1113296e-003
 1.0819209e-003
 1.0522457e-003
 1.0229399e-003
 9.9428138e-004
 9.6628279e-004
 9.3885971e-004
 9.1206038e-004
 8.8623527e-004
 8.6212193e-004
 8.4083638e-004
 8.2369667e-004
 8.1199280e-004
 8.0669048e-004
 8.0816325e-004
 8.1608933e-004
 8.2948303e-004
 8.4681396e-004
 8.6619321e-004
 8.8558631e-004
 9.0298639e-004
 9.1657031e-004
 9.2480035e-004
 9.2653872e-004
 9.2112395e-004
 9.0842141e-004
 8.8883832e-004
 8.6331886e-004
 8.3328690e-004
 8.0052065e-004
 7.6702324e-004
 7.3483418e-004
 7.0582918e-004
 6.8157347e-004
 6.6316436e-004
 6.5118651e-004
 6.4570451e-004
 6.4634084e-004
 6.5241370e-004
 6.6310313e-004
 6.7761366e-004
 6.9530780e-004
 7.1578985e-004
 7.3889433e-004
 7.6463801e-004
 7.9307897e-004
 8.2417228e-004
 8.5763889e-004
 8.9283666e-004
 9.2876016e-004
 9.6406578e-004
 9.9722401e-004
 1.0267341e-003
 1.0513312e-003
 1.0702276e-003
 1.0832419e-003
 1.0908557e-003
 1.0941315e-003
 1.0945032e-003
 1.0934814e-003
 1.0923125e-003
 1.0916662e-003
 1.0914193e-003
 1.0905941e-003
 1.0874826e-003
 1.0799518e-003
 1.0658936e-003
 1.0437274e-003
 1.0128869e-003
 9.7416167e-004
 9.2980388e-004
 8.8342192e-004
 8.3953823e-004
 8.0301933e-004
 7.7833940e-004
 7.6887803e-004
 7.7638420e-004
 8.0066553e-004
 8.3958736e-004
 8.8937621e-004
 9.4520330e-004
 1.0018549e-003
 1.0544759e-003
 1.0992115e-003
 1.1335842e-003
 1.1566887e-003
 1.1690500e-003
 1.1723178e-003
 1.1688068e-003
 1.1610083e-003
 1.1511603e-003
 1.1409569e-003
 1.1314164e-003
 1.1229159e-003
 1.1153807e-003
 1.1085497e-003
 1.1022751e-003
 1.0967562e-003
 1.0926471e-003
 1.0910117e-003
 1.0931294e-003
 1.1002182e-003
 1.1131252e-003
 1.1320662e-003
 1.1564359e-003
 1.1847609e-003
 1.2146719e-003
 1.2430584e-003
 1.2663886e-003
 1.2811298e-003
 1.2842787e-003
 1.2738814e-003
 1.2494689e-003
 1.2122634e-003
 1.1651601e-003
 1.1124288e-003
 1.0591707e-003
 1.0107075e-003
 9.7185996e-004
 9.4638363e-004
 9.3654764e-004
 9.4308384e-004
 9.6533418e-004
 1.0015307e-003
 1.0491064e-003
 1.1050103e-003
 1.1659971e-003
 1.2287787e-003
 1.2902023e-003
 1.3472972e-003
 1.3974010e-003
 1.4382724e-003
 1.4681566e-003
 1.4859050e-003
 1.4910597e-003
 1.4838923e-003
 1.4653979e-003
 1.4372073e-003
 1.4014422e-003
 1.3604971e-003
 1.3168470e-003
 1.2727885e-003
 1.2302881e-003
 1.1908370e-003
 1.1553810e-003
 1.1243683e-003
 1.0978009e-003
 1.0753947e-003
 1.0567246e-003
 1.0413779e-003
 1.0291009e-003
 1.0198689e-003
 1.0139247e-003
 1.0117344e-003
 1.0138894e-003
 1.0209634e-003
 1.0333358e-003
 1.0510274e-003
 1.0735488e-003
 1.0998365e-003
 1.1282412e-003
 1.1566353e-003
 1.1826216e-003
 1.2037816e-003
 1.2180167e-003
 1.2238441e-003
 1.2206725e-003
 1.2089623e-003
 1.1902623e-003
 1.1670804e-003
 1.1426363e-003
 1.1204829e-003
 1.1040639e-003
 1.0962974e-003
 1.0991930e-003
 1.1136113e-003
 1.1391620e-003
 1.1742953e-003
 1.2165095e-003
 1.2627305e-003
 1.3096893e-003
 1.3543464e-003
 1.3942606e-003
 1.4278032e-003
 1.4542912e-003
 1.4739656e-003
 1.4878203e-003
 1.4973765e-003
 1.5043768e-003
 1.5104965e-003
 1.5170919e-003
 1.5250143e-003
 1.5345308e-003
 1.5453267e-003
 1.5566031e-003
 1.5672385e-003
 1.5759702e-003
 1.5815959e-003
 1.5831323e-003
 1.5799387e-003
 1.5717720e-003
 1.5587888e-003
 1.5414794e-003
 1.5205805e-003
 1.4969546e-003
 1.4714603e-003
 1.4448703e-003
 1.4177944e-003
 1.3906438e-003
 1.3636710e-003
 1.3370023e-003
 1.3107479e-003
 1.2850955e-003
 1.2604001e-003
 1.2372837e-003
 1.2166512e-003
 1.1996978e-003
 1.1878143e-003
 1.1824282e-003
 1.1847885e-003
 1.1956937e-003
 1.2152184e-003
 1.2424807e-003
 1.2755203e-003
 1.3113621e-003
 1.3463261e-003
 1.3763638e-003
 1.3974988e-003
 1.4062548e-003
 1.4000111e-003
 1.3772740e-003
 1.3377485e-003
 1.2824368e-003
 1.2137706e-003
 1.1355915e-003
 1.0528995e-003
 9.7140967e-004
 8.9705054e-004
 8.3521690e-004
 7.9011021e-004
 7.6409994e-004
 7.5743429e-004
 7.6825585e-004
 7.8423735e-004
 8.2464225e-004
 8.6807529e-004
 9.0865931e-004
 9.4146014e-004
 9.6322998e-004
 9.7280642e-004
 9.7095955e-004
 9.5982425e-004
 9.4227202e-004
 9.2144054e-004
 9.0047170e-004
 8.8230520e-004
 8.6945813e-004
 8.6381141e-004
 8.6645450e-004
 8.7765587e-004
 8.9692965e-004
 9.2323491e-004
 9.5517735e-004
 9.9118589e-004
 1.0296423e-003
 1.0689242e-003
 1.1075066e-003
 1.1439971e-003
 1.1772140e-003
 1.2062261e-003
 1.2303032e-003
 1.2488882e-003
 1.2615138e-003
 1.2677778e-003
 1.2673443e-003
 1.2599993e-003
 1.2457649e-003
 1.2250579e-003
 1.1988266e-003
 1.1685935e-003
 1.1364190e-003
 1.1047524e-003
 1.0762583e-003
 1.0536958e-003
 1.0397501e-003
 1.0368578e-003
 1.0468994e-003
 1.0708362e-003
 1.1083670e-003
 1.1578158e-003
 1.2162382e-003
 1.2797629e-003
 1.3439971e-003
 1.4042911e-003
 1.4560547e-003
 1.4949876e-003
 1.5174944e-003
 1.5211623e-003
 1.5051672e-003
 1.4704462e-003
 1.4195358e-003
 1.3561535e-003
 1.2846907e-003
 1.2098794e-003
 1.1364380e-003
 1.0688595e-003
 1.0110390e-003
 9.6584653e-004
 9.3480694e-004
 9.1792661e-004
 9.1383996e-004
 9.2018029e-004
 9.3398185e-004
 9.5200678e-004
 9.7098149e-004
 9.8781369e-004
 9.9982694e-004
 1.0050699e-003
 1.0025644e-003
 9.9241780e-004
 9.7571133e-004
 9.5425220e-004
 9.3026698e-004
 9.0617966e-004
 8.8442897e-004
 8.6729700e-004
 8.5672224e-004
 8.5403997e-004
 8.5977901e-004
 8.7356661e-004
 8.9422439e-004
 9.1997260e-004
 9.4867515e-004
 9.7805203e-004
 1.0058078e-003
 1.0298098e-003
 1.0482603e-003
 1.0599460e-003
 1.0644489e-003
 1.0622218e-003
 1.0545094e-003
 1.0431390e-003
 1.0302847e-003
 1.0182651e-003
 1.0094033e-003
 1.0058638e-003
 1.0094622e-003
 1.0214164e-003
 1.0421415e-003
 1.0711512e-003
 1.1071635e-003
 1.1482914e-003
 1.1922921e-003
 1.2367833e-003
 1.2793518e-003
 1.3177333e-003
 1.3499506e-003
 1.3745410e-003
 1.3907461e-003
 1.3985678e-003
 1.3987074e-003
 1.3923780e-003
 1.3810991e-003
 1.3665246e-003
 1.3503323e-003
 1.3341188e-003
 1.3192721e-003
 1.3068436e-003
 1.2974112e-003
 1.2910392e-003
 1.2873235e-003
 1.2855143e-003
 1.2846595e-003
 1.2837176e-003
 1.2816489e-003
 1.2775057e-003
 1.2705487e-003
 1.2603957e-003
 1.2471417e-003
 1.2314175e-003
 1.2143361e-003
 1.1973582e-003
 1.1821594e-003
 1.1704998e-003
 1.1641186e-003
 1.1646257e-003
 1.1733334e-003
 1.1910570e-003
 1.2179326e-003
 1.2533586e-003
 1.2960434e-003
 1.3442168e-003
 1.3957970e-003
 1.4485677e-003
 1.5003139e-003
 1.5488813e-003
 1.5923473e-003
 1.6291240e-003
 1.6581063e-003
 1.6787292e-003
 1.6908956e-003
 1.6948704e-003
 1.6911279e-003
 1.6802548e-003
 1.6628903e-003
 1.6397258e-003
 1.6115321e-003
 1.5791914e-003
 1.5437640e-003
 1.5064754e-003
 1.4687272e-003
 1.4320414e-003
 1.3979946e-003
 1.3681980e-003
 1.3442076e-003
 1.3274595e-003
 1.3191116e-003
 1.3198596e-003
 1.3297789e-003
 1.3482580e-003
 1.3740595e-003
 1.4054845e-003
 1.4405737e-003
 1.4772326e-003
 1.5133768e-003
 1.5470134e-003
 1.5763930e-003
 1.6001868e-003
 1.6176108e-003
 1.6285075e-003
 1.6332703e-003
 1.6327063e-003
 1.6278671e-003
 1.6199192e-003
 1.6100558e-003
 1.5994253e-003
 1.5890691e-003
 1.5798315e-003
 1.5722989e-003
 1.5667678e-003
 1.5632708e-003
 1.5616497e-003
 1.5616297e-003
 1.5628814e-003
 1.5650595e-003
 1.5678260e-003
 1.5708746e-003
 1.5739539e-003
 1.5768837e-003
 1.5795680e-003
 1.5819835e-003
 1.5841622e-003
 1.5861667e-003
 1.5880757e-003
 1.5899696e-003
 1.5919186e-003
 1.5939707e-003
 1.5961358e-003
 1.5983690e-003
 1.6005689e-003
 1.6025809e-003
 1.6042121e-003
 1.6052460e-003
 1.6054602e-003
 1.6046393e-003
 1.6025990e-003
 1.5992186e-003
 1.5944827e-003
 1.5885251e-003
 1.5816367e-003
 1.5742524e-003
 1.5669191e-003
 1.5602402e-003
 1.5548412e-003
 1.5513276e-003
 1.5502302e-003
 1.5519119e-003
 1.5564640e-003
 1.5636006e-003
 1.5726265e-003
 1.5824753e-003
 1.5917991e-003
 1.5990980e-003
 1.6028105e-003
 1.6014091e-003
 1.5935254e-003
 1.5781325e-003
 1.5547664e-003
 1.5237551e-003
 1.4862681e-003
 1.4442424e-003
 1.4002151e-003
 1.3570280e-003
 1.3176595e-003
 1.2850828e-003
 1.2620096e-003
 1.2506524e-003
 1.2523695e-003
 1.2673549e-003
 1.2945164e-003
 1.3316112e-003
 1.3755135e-003
 1.4226174e-003
 1.4691029e-003
 1.5111279e-003
 1.5451317e-003
 1.5681045e-003
 1.5779836e-003
 1.5739873e-003
 1.5567666e-003
 1.5282467e-003
 1.4913217e-003
 1.4494290e-003
 1.4062499e-003
 1.3655149e-003
 1.3307203e-003
 1.3048954e-003
 1.2902613e-003
 1.2879521e-003
 1.2978767e-003
 1.3188589e-003
 1.3488990e-003
 1.3855295e-003
 1.4260703e-003
 1.4677771e-003
 1.5080571e-003
 1.5446208e-003
 1.5756700e-003
 1.6001369e-003
 1.6177241e-003
 1.6288400e-003
 1.6344041e-003
 1.6356537e-003
 1.6339625e-003
 1.6307274e-003
 1.6272648e-003
 1.6246927e-003
 1.6237954e-003
 1.6248977e-003
 1.6278195e-003
 1.6319245e-003
 1.6362375e-003
 1.6395870e-003
 1.6407180e-003
 1.6383851e-003
 1.6314574e-003
 1.6190527e-003
 1.6007246e-003
 1.5765964e-003
 1.5474266e-003
 1.5145732e-003
 1.4797992e-003
 1.4451246e-003
 1.4126681e-003
 1.3845590e-003
 1.3627602e-003
 1.3489232e-003
 1.3441743e-003
 1.3489033e-003
 1.3627058e-003
 1.3844410e-003
 1.4124429e-003
 1.4447252e-003
 1.4791678e-003
 1.5136112e-003
 1.5460218e-003
 1.5746068e-003
 1.5979641e-003
 1.6152721e-003
 1.6263225e-003
 1.6314585e-003
 1.6314441e-003
 1.6272847e-003
 1.6201051e-003
 1.6110571e-003
 1.6012609e-003
 1.5917415e-003
 1.5833692e-003
 1.5767884e-003
 1.5724014e-003
 1.5703938e-003
 1.5707858e-003
 1.5735006e-003
 1.5784068e-003
 1.5853406e-003
 1.5940949e-003
 1.6043894e-003
 1.6158113e-003
 1.6277869e-003
 1.6395571e-003
 1.6501863e-003
 1.6586245e-003
 1.6637499e-003
 1.6644187e-003
 1.6595325e-003
 1.6481213e-003
 1.6295055e-003
 1.6034679e-003
 1.5704286e-003
 1.5315034e-003
 1.4884728e-003
 1.4435579e-003
 1.3992536e-003
 1.3581999e-003
 1.3229817e-003
 1.2960123e-003
 1.2793305e-003
 1.2742936e-003
 1.2813702e-003
 1.3000414e-003
 1.3288782e-003
 1.3658027e-003
 1.4083525e-003
 1.4538569e-003
 1.4996562e-003
 1.5432135e-003
 1.5822545e-003
 1.6150348e-003
 1.6404804e-003
 1.6582495e-003
 1.6686962e-003
 1.6726664e-003
 1.6713034e-003
 1.6658923e-003
 1.6577526e-003
 1.6481611e-003
 1.6382860e-003
 1.6290890e-003
 1.6212593e-003
 1.6151904e-003
 1.6109974e-003
 1.6085963e-003
 1.6077829e-003
 1.6082951e-003
 1.6098500e-003
 1.6121683e-003
 1.6149866e-003
 1.6180767e-003
 1.6212561e-003
 1.6243904e-003
 1.6273931e-003
 1.6302103e-003
 1.6328096e-003
 1.6351662e-003
 1.6372619e-003
 1.6390805e-003
 1.6406068e-003
 1.6418303e-003
 1.6427450e-003
 1.6433493e-003
 1.6436466e-003
 1.6436436e-003
 1.6433491e-003
 1.6427733e-003
 1.6419276e-003
 1.6408265e-003
 1.6394902e-003
 1.6379477e-003
 1.6362404e-003
 1.6344240e-003
 1.6325661e-003
 1.6307428e-003
 1.6290373e-003
 1.6275328e-003
 1.6263115e-003
 1.6254485e-003
 1.6250054e-003
 1.6250191e-003
 1.6254946e-003
 1.6264004e-003
 1.6276732e-003
 1.6292258e-003
 1.6309560e-003
 1.6327562e-003
 1.6345191e-003
 1.6361412e-003
 1.6375339e-003
 1.6386299e-003
 1.6393923e-003
 1.6398171e-003
 1.6399306e-003
 1.6397813e-003
 1.6394309e-003
 1.6389469e-003
 1.6383984e-003
 1.6378516e-003
 1.6373656e-003
 1.6369871e-003
 1.6367466e-003
 1.6366560e-003
 1.6367108e-003
 1.6368945e-003
 1.6371827e-003
 1.6375482e-003
 1.6379631e-003
 1.6384004e-003
 1.6388375e-003
 1.6392580e-003
 1.6396540e-003
 1.6400276e-003
 1.6403894e-003
 1.6407572e-003
 1.6411525e-003
 1.6416027e-003
 1.6421452e-003
 1.6428409e-003
 1.6437990e-003
 1.6452092e-003
 1.6473677e-003
 1.6506921e-003
 1.6557075e-003
 1.6630208e-003
 1.6732812e-003
 1.6871647e-003
 1.7053551e-003
 1.7285144e-003
 1.7572929e-003
 1.7923055e-003
 1.8340864e-003
 1.8831327e-003
 1.9398934e-003
 2.0047333e-003
 2.0780270e-003
 2.1601035e-003
 2.2512453e-003
 2.3515050e-003
 2.4606693e-003
 2.5779868e-003
 2.7018802e-003
 2.8300341e-003
 2.9593955e-003
 3.0862731e-003
 3.2067504e-003
 3.3167538e-003
 3.4122756e-003
 3.4894925e-003
 3.5452046e-003
 3.5771173e-003
 3.5841714e-003
 3.5667235e-003
 3.5263631e-003
 3.4656364e-003
 3.3876174e-003
 3.2956239e-003
 3.1931070e-003
 3.0833806e-003
 2.9695702e-003
 2.8544120e-003
 2.7402316e-003
 2.6287246e-003
 2.5210949e-003
 2.4182587e-003
 2.3208347e-003
 2.2293332e-003
 2.1442708e-003
 2.0660451e-003
 1.9949947e-003
 1.9313124e-003
 1.8750574e-003
 1.8260471e-003
 1.7839291e-003
 1.7482499e-003
 1.7184466e-003
 1.6939250e-003
 1.6740970e-003
 1.6583630e-003
 1.6461523e-003
 1.6369311e-003
 1.6302250e-003
 1.6256117e-003
 1.6227243e-003
 1.6212369e-003
 1.6208452e-003
 1.6212584e-003
 1.6221931e-003
 1.6233748e-003
 1.6245445e-003
 1.6254677e-003
 1.6259443e-003
 1.6258117e-003
 1.6249409e-003
 1.6232288e-003
 1.6205871e-003
 1.6169370e-003
 1.6122123e-003
 1.6063643e-003
 1.5993809e-003
 1.5913171e-003
 1.5823075e-003
 1.5725811e-003
 1.5624497e-003
 1.5522962e-003
 1.5425340e-003
 1.5335932e-003
 1.5259070e-003
 1.5198758e-003
 1.5158419e-003
 1.5140481e-003
 1.5145938e-003
 1.5174232e-003
 1.5223407e-003
 1.5290568e-003
 1.5372274e-003
 1.5464863e-003
 1.5564560e-003
 1.5667728e-003
 1.5770905e-003
 1.5870823e-003
 1.5964638e-003
 1.6049891e-003
 1.6124423e-003
 1.6186435e-003
 1.6234301e-003
 1.6266514e-003
 1.6281611e-003
 1.6278189e-003
 1.6254871e-003
 1.6210341e-003
 1.6146394e-003
 1.6074619e-003
 1.5953578e-003
 1.5806321e-003
 1.5632397e-003
 1.5431393e-003
 1.5202828e-003
 1.4946396e-003
 1.4661623e-003
 1.4348091e-003
 1.4005381e-003
 1.3633359e-003
 1.3235625e-003
 1.2817426e-003
 1.2384107e-003
 1.1940908e-003
 1.1493386e-003
 1.1046783e-003
 1.0606443e-003
 1.0177614e-003
 9.7658462e-004
 9.3763828e-004
 9.0145692e-004
 8.6856756e-004
 8.3952083e-004
 8.1478956e-004
 7.9436629e-004
 7.7798171e-004
 7.6536130e-004
 7.5623917e-004
 7.5034006e-004
 7.4739201e-004
 7.4712350e-004
 7.4926275e-004
 7.5353740e-004
 7.5967552e-004
 7.6740759e-004
 7.7645760e-004
 7.8655558e-004
 7.9742959e-004
 8.0880785e-004
 8.2042109e-004
 8.3199196e-004
 8.4327161e-004
 8.5418823e-004
 8.6476642e-004
 8.7502465e-004
 8.8498858e-004
 8.9468138e-004
 9.0412860e-004
 9.1334892e-004
 9.2236773e-004
 9.3120837e-004
 9.3989394e-004
 9.4844995e-004
 9.5689518e-004
 9.6525520e-004
 9.7355293e-004
 9.8181388e-004
 9.9005701e-004
 9.9830783e-004
 1.0065893e-003
 1.0149268e-003
 1.0233393e-003
 1.0318524e-003
 1.0404864e-003
 1.0492393e-003
 1.0580915e-003
 1.0670292e-003
 1.0760359e-003
 1.0850962e-003
 1.0941956e-003
 1.1033142e-003
 1.1124382e-003
 1.1215513e-003
 1.1306397e-003
 1.1396833e-003
 1.1486681e-003
 1.1575782e-003
 1.1663997e-003
 1.1751122e-003
 1.1837019e-003
 1.1921531e-003
 1.2004492e-003
 1.2085765e-003
 1.2165151e-003
 1.2242510e-003
 1.2317679e-003
 1.2390520e-003
 1.2460834e-003
 1.2528482e-003
 1.2593317e-003
 1.2655362e-003
 1.2714665e-003
 1.2771323e-003
 1.2825408e-003
 1.2877005e-003
 1.2926200e-003
 1.2973050e-003
 1.3017645e-003
 1.3060062e-003
 1.3100393e-003
 1.3138694e-003
 1.3175054e-003
 1.3209552e-003
 1.3242274e-003
 1.3273285e-003
 1.3302669e-003
 1.3330508e-003
 1.3356882e-003
 1.3381860e-003
 1.3405526e-003
 1.3427958e-003
 1.3449237e-003
 1.3469446e-003
 1.3488652e-003
 1.3506940e-003
 1.3524387e-003
 1.3541079e-003
 1.3557082e-003
 1.3572483e-003
 1.3587356e-003
 1.3601776e-003
 1.3615799e-003
 1.3629494e-003
