s07_ASD Record=9779:  error bars to preceding                
 1.6540034e-003
 1.5599546e-003
 1.4541890e-003
 1.3410960e-003
 1.2257064e-003
 1.1129462e-003
 1.0070958e-003
 9.1169134e-004
 8.2935463e-004
 7.6147891e-004
 7.0805318e-004
 6.6773460e-004
 6.3817040e-004
 6.1625848e-004
 5.9847062e-004
 5.8169081e-004
 5.6404009e-004
 5.4507796e-004
 5.2548258e-004
 5.0658779e-004
 4.8999389e-004
 4.7728029e-004
 4.6977127e-004
 4.6832240e-004
 4.7311082e-004
 4.8335752e-004
 4.9705186e-004
 5.1129074e-004
 5.2337401e-004
 5.3180533e-004
 5.3659268e-004
 5.3883408e-004
 5.4000650e-004
 5.4153713e-004
 5.4441817e-004
 5.4866163e-004
 5.5338588e-004
 5.5741222e-004
 5.5992755e-004
 5.6092441e-004
 5.6111650e-004
 5.6137249e-004
 5.6207634e-004
 5.6290708e-004
 5.6324358e-004
 5.6287186e-004
 5.6234497e-004
 5.6254974e-004
 5.6367763e-004
 5.6439749e-004
 5.6208856e-004
 5.5436068e-004
 5.4117577e-004
 5.2622566e-004
 5.1635882e-004
 5.1922014e-004
 5.3943036e-004
 5.7485671e-004
 6.1793119e-004
 6.5585109e-004
 6.7327695e-004
 6.7098107e-004
 6.5346644e-004
 6.2442839e-004
 5.9189607e-004
 5.6476484e-004
 5.4567418e-004
 5.3296576e-004
 5.2335078e-004
 5.1316828e-004
 4.9994828e-004
 4.8352819e-004
 4.6595678e-004
 4.5037494e-004
 4.3944301e-004
 4.3392248e-004
 4.3218586e-004
 4.3111513e-004
 4.2800547e-004
 4.2227790e-004
 4.1580887e-004
 4.1157636e-004
 4.1152842e-004
 4.1519065e-004
 4.1995969e-004
 4.2277219e-004
 4.2192324e-004
 4.1793310e-004
 4.1324145e-004
 4.1127810e-004
 4.1551446e-004
 4.2862401e-004
 4.5157081e-004
 4.8272029e-004
 5.1752664e-004
 5.4948096e-004
 5.7268940e-004
 5.8536633e-004
 5.9184973e-004
 6.0064957e-004
 6.1903876e-004
 6.4760755e-004
 6.7912228e-004
 7.0274412e-004
 7.1134244e-004
 7.0732646e-004
 7.0054294e-004
 6.9947937e-004
 7.0408511e-004
 7.0669793e-004
 6.9999864e-004
 6.8401732e-004
 6.6566619e-004
 6.5210252e-004
 6.4484967e-004
 6.3968601e-004
 6.3100201e-004
 6.1590387e-004
 5.9531681e-004
 5.7296717e-004
 5.5417581e-004
 5.4483907e-004
 5.4986111e-004
 5.7091488e-004
 6.0451892e-004
 6.4168166e-004
 6.7010673e-004
 6.7906553e-004
 6.6488696e-004
 6.3291658e-004
 5.9371273e-004
 5.5672188e-004
 5.2740145e-004
 5.0920906e-004
 5.0558365e-004
 5.1742629e-004
 5.3875038e-004
 5.5748317e-004
 5.6327588e-004
 5.5522873e-004
 5.4137252e-004
 5.3073338e-004
 5.2662322e-004
 5.2699033e-004
 5.2911515e-004
 5.3264596e-004
 5.3886027e-004
 5.4845086e-004
 5.6040712e-004
 5.7235098e-004
 5.8132468e-004
 5.8452837e-004
 5.8039755e-004
 5.7007279e-004
 5.5782171e-004
 5.4872863e-004
 5.4480549e-004
 5.4363761e-004
 5.4162490e-004
 5.3802994e-004
 5.3488021e-004
 5.3395925e-004
 5.3632737e-004
 5.4499251e-004
 5.6494714e-004
 5.9739931e-004
 6.3408708e-004
 6.6043914e-004
 6.6710397e-004
 6.5806706e-004
 6.4581755e-004
 6.3928531e-004
 6.3829729e-004
 6.3841336e-004
 6.3746498e-004
 6.3648296e-004
 6.3667510e-004
 6.3693785e-004
 6.3365482e-004
 6.2301225e-004
 6.0482259e-004
 5.8404851e-004
 5.6714175e-004
 5.5672973e-004
 5.5108685e-004
 5.4853078e-004
 5.5056607e-004
 5.6007365e-004
 5.7724910e-004
 5.9768214e-004
 6.1429158e-004
 6.2199973e-004
 6.2170770e-004
 6.1908370e-004
 6.1776483e-004
 6.1388570e-004
 5.9918273e-004
 5.7007547e-004
 5.3274684e-004
 4.9932930e-004
 4.8011387e-004
 4.7910988e-004
 4.9473497e-004
 5.2161515e-004
 5.5072736e-004
 5.7097001e-004
 5.7531090e-004
 5.6647212e-004
 5.5423210e-004
 5.4594246e-004
 5.4071058e-004
 5.3332734e-004
 5.2276149e-004
 5.1520061e-004
 5.1797944e-004
 5.3164578e-004
 5.4931559e-004
 5.6232291e-004
 5.6448538e-004
 5.5319560e-004
 5.3131103e-004
 5.0915789e-004
 5.0093554e-004
 5.1470817e-004
 5.4387638e-004
 5.6967209e-004
 5.7530549e-004
 5.5979280e-004
 5.3832837e-004
 5.3018791e-004
 5.4585433e-004
 5.8049062e-004
 6.1492471e-004
 6.2668417e-004
 6.0846010e-004
 5.7623500e-004
 5.5276440e-004
 5.4301345e-004
 5.3223973e-004
 5.0842547e-004
 4.8040121e-004
 4.6982765e-004
 4.8539843e-004
 5.1033066e-004
 5.2210025e-004
 5.2093156e-004
 5.2881381e-004
 5.6198408e-004
 6.1189610e-004
 6.5211864e-004
 6.6040456e-004
 6.3655357e-004
 6.0324423e-004
 5.8731972e-004
 5.9752906e-004
 6.2329369e-004
 6.5084751e-004
 6.6866953e-004
 6.6739414e-004
 6.4935948e-004
 6.2890898e-004
 6.1364181e-004
 5.9605832e-004
 5.7079701e-004
 5.4936385e-004
 5.4975279e-004
 5.7944853e-004
 6.3050783e-004
 6.7993836e-004
 7.0227822e-004
 7.0036587e-004
 7.1079499e-004
 7.5370102e-004
 7.9000404e-004
 7.6427485e-004
 6.8466947e-004
 6.1669643e-004
 5.9997267e-004
 6.1279780e-004
 6.1644759e-004
 5.9803238e-004
 5.6822173e-004
 5.3987466e-004
 5.1879976e-004
 5.0867477e-004
 5.1337644e-004
 5.3165056e-004
 5.5306347e-004
 5.6521554e-004
 5.6623889e-004
 5.6360348e-004
 5.6014990e-004
 5.5240584e-004
 5.4430839e-004
 5.4711086e-004
 5.6287088e-004
 5.8795884e-004
 6.3407153e-004
 7.1251357e-004
 7.8978296e-004
 8.0409180e-004
 7.4575818e-004
 6.7616755e-004
 6.4768258e-004
 6.4959755e-004
 6.4778666e-004
 6.3428987e-004
 6.2516448e-004
 6.4762263e-004
 7.3787745e-004
 9.0652436e-004
 1.0879196e-003
 1.1745241e-003
 1.1288594e-003
 1.0171689e-003
 9.1589923e-004
 8.3830900e-004
 7.6849177e-004
 7.0682570e-004
 6.6187739e-004
 6.2405970e-004
 5.7894329e-004
 5.4055982e-004
 5.4560328e-004
 6.1203178e-004
 7.1228284e-004
 7.8890054e-004
 7.9959375e-004
 7.5034029e-004
 6.8545423e-004
 6.4877287e-004
 6.5488333e-004
 6.9045083e-004
 7.3348818e-004
 7.6852203e-004
 7.8947836e-004
 7.9609157e-004
 7.9099974e-004
 7.7937066e-004
 7.7000569e-004
 7.7490049e-004
 8.0283469e-004
 8.4735273e-004
 8.8045647e-004
 8.6591730e-004
 7.8897184e-004
 6.7589938e-004
 5.7914946e-004
 5.3996342e-004
 5.6245353e-004
 6.1697955e-004
 6.6239381e-004
 6.6751509e-004
 6.3004525e-004
 5.8392563e-004
 5.6687166e-004
 5.9346174e-004
 6.5149786e-004
 7.1248389e-004
 7.5086142e-004
 7.5483316e-004
 7.2299625e-004
 6.7071104e-004
 6.5246859e-004
 7.3192030e-004
 8.7224878e-004
 9.2545687e-004
 8.3672872e-004
 7.6314644e-004
 8.5656473e-004
 1.0428015e-003
 1.1314814e-003
 1.0361323e-003
 8.2200009e-004
 6.1893289e-004
 5.1477045e-004
 5.0521712e-004
 5.3234503e-004
 5.4857042e-004
 5.4152519e-004
 5.2572682e-004
 5.2299665e-004
 5.4384570e-004
 5.7809701e-004
 6.0283596e-004
 6.0718833e-004
 6.0434692e-004
 6.0997641e-004
 6.2005565e-004
 6.2116201e-004
 6.1508449e-004
 6.2691909e-004
 6.7986076e-004
 7.5055024e-004
 7.7683054e-004
 7.5207325e-004
 7.5563428e-004
 8.3120662e-004
 9.2285330e-004
 8.9874625e-004
 7.5178378e-004
 6.7716034e-004
 7.8090408e-004
 9.5649634e-004
 1.0696972e-003
 1.0737465e-003
 9.9792273e-004
 8.9071615e-004
 7.8199798e-004
 6.7929045e-004
 5.8488129e-004
 5.0751265e-004
 4.6235500e-004
 4.6077618e-004
 4.9696205e-004
 5.4835883e-004
 5.9060135e-004
 6.1045843e-004
 6.0663244e-004
 5.8383861e-004
 5.5186939e-004
 5.2485382e-004
 5.1608705e-004
 5.3139037e-004
 5.6845136e-004
 6.1914691e-004
 6.6778075e-004
 6.8930263e-004
 6.5486587e-004
 5.8018923e-004
 4.9449276e-004
 4.7843190e-004
 5.8435509e-004
 7.7381887e-004
 9.7190746e-004
 1.1036149e-003
 1.1067002e-003
 1.0030605e-003
 8.4847008e-004
 6.9878116e-004
 6.0292037e-004
 5.6376983e-004
 5.6563190e-004
 5.9276086e-004
 6.3027645e-004
 6.6911016e-004
 7.0254557e-004
 7.2387466e-004
 7.2768441e-004
 7.1721006e-004
 6.9593580e-004
 6.7766372e-004
 6.6632201e-004
 6.6396099e-004
 6.6811830e-004
 6.7613611e-004
 6.8535394e-004
 6.9315627e-004
 6.9787411e-004
 6.9877674e-004
 6.9517532e-004
 6.8638130e-004
 6.7174895e-004
 6.5165729e-004
 6.2748295e-004
 6.0065545e-004
 5.7259243e-004
 5.4471800e-004
 5.1830278e-004
 4.9449259e-004
 4.7441572e-004
 4.5921063e-004
 4.5000835e-004
 4.4758510e-004
 4.5132989e-004
 4.6029565e-004
 4.7353227e-004
 4.9009483e-004
 5.0903147e-004
 5.2934710e-004
 5.4983963e-004
 5.6926865e-004
 5.8638462e-004
 5.9994624e-004
 6.0870551e-004
 6.1141932e-004
 6.0797320e-004
 6.0256646e-004
 6.0042395e-004
 6.0677156e-004
 6.2683702e-004
 6.6584087e-004
 7.2901876e-004
 8.2158099e-004
 9.4606297e-004
 1.0947232e-003
 1.2574747e-003
 1.4241571e-003
 1.5846876e-003
 1.7289071e-003
 1.8467149e-003
 1.9279983e-003
 1.9658490e-003
 1.9654376e-003
 1.9347339e-003
 1.8817009e-003
 1.8143211e-003
 1.7405483e-003
 1.6683699e-003
 1.6057389e-003
 1.5588567e-003
 1.5273232e-003
 1.5092419e-003
 1.5027043e-003
 1.5058077e-003
 1.5166472e-003
 1.5333213e-003
 1.5539215e-003
 1.5765493e-003
 1.5992947e-003
 1.6202589e-003
 1.6375331e-003
 1.6496874e-003
 1.6569903e-003
 1.6601020e-003
 1.6596792e-003
 1.6563805e-003
 1.6508645e-003
 1.6437888e-003
 1.6358106e-003
 1.6275897e-003
 1.6197822e-003
 1.6130483e-003
 1.6080441e-003
 1.6052534e-003
 1.6045310e-003
 1.6055922e-003
 1.6081531e-003
 1.6119289e-003
 1.6166357e-003
 1.6219883e-003
 1.6277031e-003
 1.6334946e-003
 1.6390793e-003
 1.6441731e-003
 1.6484369e-003
 1.6513469e-003
 1.6523357e-003
 1.6508376e-003
 1.6462860e-003
 1.6381136e-003
 1.6257562e-003
 1.6086444e-003
 1.5862155e-003
 1.5578984e-003
 1.5235320e-003
 1.4843297e-003
 1.4418013e-003
 1.3974723e-003
 1.3528481e-003
 1.3094546e-003
 1.2687971e-003
 1.2324009e-003
 1.2017729e-003
 1.1784359e-003
 1.1633664e-003
 1.1557275e-003
 1.1542869e-003
 1.1578151e-003
 1.1650821e-003
 1.1748566e-003
 1.1859089e-003
 1.1970106e-003
 1.2069286e-003
 1.2144356e-003
 1.2186519e-003
 1.2198921e-003
 1.2187192e-003
 1.2156966e-003
 1.2113886e-003
 1.2063578e-003
 1.2011693e-003
 1.1963854e-003
 1.1925707e-003
 1.1900307e-003
 1.1882148e-003
 1.1863942e-003
 1.1838396e-003
 1.1798225e-003
 1.1736130e-003
 1.1644834e-003
 1.1517025e-003
 1.1348242e-003
 1.1143178e-003
 1.0908503e-003
 1.0650790e-003
 1.0376726e-003
 1.0092874e-003
 9.8059268e-004
 9.5224770e-004
 9.2527701e-004
 9.0190500e-004
 8.8458677e-004
 8.7578653e-004
 8.7796245e-004
 8.9357450e-004
 9.2508679e-004
 9.7495114e-004
 1.0435072e-003
 1.1241909e-003
 1.2090894e-003
 1.2833055e-003
 1.3488720e-003
 1.3941075e-003
 1.4139552e-003
 1.4085481e-003
 1.3825030e-003
 1.3434789e-003
 1.3005742e-003
 1.2630329e-003
 1.2384393e-003
 1.2298707e-003
 1.2341661e-003
 1.2436699e-003
 1.2490336e-003
 1.2413724e-003
 1.2146365e-003
 1.1681706e-003
 1.1075482e-003
 1.0430047e-003
 9.8682847e-004
 9.5084560e-004
 9.4360550e-004
 9.6763560e-004
 1.0184449e-003
 1.0860969e-003
 1.1580241e-003
 1.2217095e-003
 1.2671342e-003
 1.2887425e-003
 1.2860567e-003
 1.2626755e-003
 1.2244816e-003
 1.1780576e-003
 1.1295977e-003
 1.0842856e-003
 1.0460801e-003
 1.0178782e-003
 1.0017296e-003
 9.9881657e-004
 1.0091020e-003
 1.0704849e-003
 1.0783459e-003
 1.0876317e-003
 1.0965291e-003
 1.1033346e-003
 1.1066658e-003
 1.1056337e-003
 1.0999418e-003
 1.0899695e-003
 1.0767714e-003
 1.0620030e-003
 1.0477552e-003
 1.0363100e-003
 1.0298343e-003
 1.0300890e-003
 1.0382150e-003
 1.0545853e-003
 1.0787505e-003
 1.1094535e-003
 1.1447478e-003
 1.1822199e-003
 1.2191928e-003
 1.2530013e-003
 1.2811893e-003
 1.3016665e-003
 1.3128578e-003
 1.3138880e-003
 1.3047230e-003
 1.2862134e-003
 1.2600549e-003
 1.2285302e-003
 1.1942018e-003
 1.1595715e-003
 1.1268290e-003
 1.0976356e-003
 1.0730021e-003
 1.0532856e-003
 1.0382374e-003
 1.0271692e-003
 1.0191406e-003
 1.0131702e-003
 1.0084335e-003
 1.0044036e-003
 1.0009315e-003
 9.9826022e-004
 9.9696347e-004
 9.9783065e-004
 1.0017039e-003
 1.0092992e-003
 1.0210241e-003
 1.0368433e-003
 1.0561879e-003
 1.0779598e-003
 1.1006345e-003
 1.1224234e-003
 1.1415358e-003
 1.1564206e-003
 1.1660060e-003
 1.1698507e-003
 1.1681716e-003
 1.1617593e-003
 1.1517844e-003
 1.1395506e-003
 1.1262391e-003
 1.1127301e-003
 1.0995088e-003
 1.0866796e-003
 1.0740882e-003
 1.0614694e-003
 1.0486195e-003
 1.0355085e-003
 1.0223237e-003
 1.0094546e-003
 9.9739467e-004
 9.8663883e-004
 9.7756495e-004
 9.7034790e-004
 9.6492539e-004
 9.6099899e-004
 9.5808826e-004
 9.5560763e-004
 9.5296232e-004
 9.4965071e-004
 9.4535423e-004
 9.4001612e-004
 9.3389198e-004
 9.2756434e-004
 9.2192483e-004
 9.1810350e-004
 9.1735524e-004
 9.2091103e-004
 9.2980207e-004
 9.4467908e-004
 9.6565305e-004
 9.9219789e-004
 1.0230943e-003
 1.0565058e-003
 1.0900965e-003
 1.1212653e-003
 1.1474397e-003
 1.1663518e-003
 1.1763406e-003
 1.1765410e-003
 1.1669967e-003
 1.1486277e-003
 1.1230964e-003
 1.0925566e-003
 1.0593971e-003
 1.0259708e-003
 9.9437684e-004
 9.6636784e-004
 9.4327994e-004
 9.2607085e-004
 9.1533340e-004
 9.1129990e-004
 9.1381482e-004
 9.2226267e-004
 9.3551457e-004
 9.5191103e-004
 9.6935831e-004
 9.8551007e-004
 9.9806418e-004
 1.0051018e-003
 1.0053917e-003
 9.9861424e-004
 9.8543311e-004
 9.6740614e-004
 9.4673864e-004
 9.2596374e-004
 9.0755703e-004
 8.9361763e-004
 8.8560383e-004
 8.8418508e-004
 8.8921253e-004
 8.9978462e-004
 9.1439293e-004
 9.3112839e-004
 9.4793405e-004
 9.6285268e-004
 9.7428769e-004
 9.8122424e-004
 9.8337152e-004
 9.8122086e-004
 9.7596989e-004
 9.6932688e-004
 9.6320233e-004
 9.5935445e-004
 9.5903786e-004
 9.6274843e-004
 9.7010954e-004
 9.7994471e-004
 9.9050545e-004
 9.9983264e-004
 1.0061410e-003
 1.0081728e-003
 1.0054318e-003
 9.9825941e-004
 9.8774664e-004
 9.7551924e-004
 9.6343434e-004
 9.5325458e-004
 9.4637758e-004
 9.4363216e-004
 9.4520213e-004
 9.5065386e-004
 9.5907348e-004
 9.6926378e-004
 9.7997591e-004
 9.9013012e-004
 9.9897140e-004
 1.0061641e-003
 1.0117792e-003
 1.0162060e-003
 1.0199981e-003
 1.0236835e-003
 1.0275939e-003
 1.0317389e-003
 1.0357720e-003
 1.0390547e-003
 1.0408115e-003
 1.0403487e-003
 1.0372730e-003
 1.0316551e-003
 1.0240722e-003
 1.0155130e-003
 1.0071374e-003
 9.9996699e-004
 9.9457044e-004
 9.9084922e-004
 9.8800450e-004
 9.8470179e-004
 9.7941293e-004
 9.7085675e-004
 9.5840869e-004
 9.4238675e-004
 9.2411315e-004
 9.0572721e-004
 8.8981679e-004
 8.7890052e-004
 8.7493571e-004
 8.7890640e-004
 8.9060963e-004
 9.0865151e-004
 9.3066902e-004
 9.5368922e-004
 9.7459555e-004
 9.9060161e-004
 9.9963055e-004
 1.0005941e-003
 9.9348673e-004
 9.7932573e-004
 9.5992855e-004
 9.3760504e-004
 9.1478869e-004
 8.9367479e-004
 8.7595329e-004
 8.6261024e-004
 8.5388822e-004
 8.4934646e-004
 8.4803102e-004
 8.4871281e-004
 8.5013959e-004
 8.5126341e-004
 8.5140124e-004
 8.5030438e-004
 8.4813009e-004
 8.4533007e-004
 8.4249029e-004
 8.4015867e-004
 8.3870295e-004
 8.3823159e-004
 8.3858566e-004
 8.3940150e-004
 8.4022025e-004
 8.4061548e-004
 8.4030587e-004
 8.3922845e-004
 8.3755713e-004
 8.3566515e-004
 8.3404145e-004
 8.3318527e-004
 8.3350023e-004
 8.3521742e-004
 8.3836395e-004
 8.4278890e-004
 8.4823504e-004
 8.5444422e-004
 8.6126779e-004
 8.6874160e-004
 8.7712164e-004
 8.8684534e-004
 8.9844520e-004
 9.1243035e-004
 9.2914869e-004
 9.4869768e-004
 9.7085536e-004
 9.9508173e-004
 1.0205709e-003
 1.0463003e-003
 1.0711321e-003
 1.0938632e-003
 1.1132951e-003
 1.1282974e-003
 1.1378555e-003
 1.1411590e-003
 1.1376915e-003
 1.1273227e-003
 1.1103705e-003
 1.0876238e-003
 1.0602839e-003
 1.0298211e-003
 9.9781144e-004
 9.6570462e-004
 9.3467592e-004
 9.0550998e-004
 8.7857974e-004
 8.5394975e-004
 8.3149067e-004
 8.1105757e-004
 7.9260662e-004
 7.7625108e-004
 7.6226081e-004
 7.5096783e-004
 7.4266677e-004
 7.3750305e-004
 7.3540612e-004
 7.3608395e-004
 7.3906715e-004
 7.4379268e-004
 7.4969692e-004
 7.5629557e-004
 7.6322025e-004
 7.7021978e-004
 7.7712751e-004
 7.8380201e-004
 7.9008320e-004
 7.9575775e-004
 8.0056750e-004
 8.0425292e-004
 8.0661825e-004
 8.0761366e-004
 8.0739480e-004
 8.0634613e-004
 8.0504402e-004
 8.0416008e-004
 8.0431515e-004
 8.0591859e-004
 8.0903148e-004
 8.1329921e-004
 8.1797596e-004
 8.2205719e-004
 8.2448375e-004
 8.2438468e-004
 8.2129112e-004
 8.1526971e-004
 8.0694217e-004
 7.9737738e-004
 7.8790035e-004
 7.7983830e-004
 7.7429495e-004
 7.7197346e-004
 7.7309943e-004
 7.7744498e-004
 7.8443688e-004
 7.9331116e-004
 8.0328080e-004
 8.1367954e-004
 8.2403852e-004
 8.3411566e-004
 8.4384449e-004
 8.5325277e-004
 8.6236431e-004
 8.7110326e-004
 8.7925600e-004
 8.8647392e-004
 8.9234597e-004
 8.9651451e-004
 8.9880329e-004
 8.9933607e-004
 8.9860184e-004
 8.9744711e-004
 8.9698535e-004
 8.9843466e-004
 9.0290676e-004
 9.1119134e-004
 9.2356838e-004
 9.3970937e-004
 9.5866586e-004
 9.7898883e-004
 9.9896092e-004
 1.0168785e-003
 1.0313926e-003
 1.0417766e-003
 1.0481214e-003
 1.0513777e-003
 1.0532382e-003
 1.0558845e-003
 1.0616358e-003
 1.0725691e-003
 1.0901896e-003
 1.1151843e-003
 1.1473412e-003
 1.1855731e-003
 1.2280862e-003
 1.2726459e-003
 1.3168252e-003
 1.3582916e-003
 1.3950464e-003
 1.4255475e-003
 1.4488208e-003
 1.4644314e-003
 1.4724302e-003
 1.4732343e-003
 1.4674764e-003
 1.4558600e-003
 1.4390436e-003
 1.4175754e-003
 1.3918878e-003
 1.3623949e-003
 1.3296067e-003
 1.2943159e-003
 1.2577258e-003
 1.2214932e-003
 1.1876915e-003
 1.1585689e-003
 1.1362513e-003
 1.1223468e-003
 1.1176022e-003
 1.1217028e-003
 1.1332604e-003
 1.1500431e-003
 1.1693732e-003
 1.1886426e-003
 1.2057668e-003
 1.2195146e-003
 1.2296104e-003
 1.2365845e-003
 1.2414599e-003
 1.2453356e-003
 1.2490099e-003
 1.2527276e-003
 1.2561047e-003
 1.2582402e-003
 1.2579596e-003
 1.2541264e-003
 1.2459338e-003
 1.2331315e-003
 1.2161291e-003
 1.1960042e-003
 1.1743972e-003
 1.1533243e-003
 1.1349671e-003
 1.1213991e-003
 1.1143400e-003
 1.1149002e-003
 1.1233845e-003
 1.1391731e-003
 1.1607149e-003
 1.1856782e-003
 1.2112126e-003
 1.2343653e-003
 1.2525003e-003
 1.2637121e-003
 1.2671005e-003
 1.2628452e-003
 1.2520789e-003
 1.2365782e-003
 1.2183611e-003
 1.1992805e-003
 1.1807538e-003
 1.1636275e-003
 1.1482524e-003
 1.1346674e-003
 1.1228336e-003
 1.1128433e-003
 1.1050053e-003
 1.0998275e-003
 1.0978935e-003
 1.0997120e-003
 1.1056018e-003
 1.1156510e-003
 1.1297739e-003
 1.1478059e-003
 1.1696180e-003
 1.1951406e-003
 1.2243073e-003
 1.2569133e-003
 1.2923897e-003
 1.3296611e-003
 1.3670464e-003
 1.4023529e-003
 1.4331333e-003
 1.4570208e-003
 1.4721651e-003
 1.4775697e-003
 1.4733312e-003
 1.4606722e-003
 1.4417871e-003
 1.4195017e-003
 1.3968532e-003
 1.3766248e-003
 1.3609409e-003
 1.3510141e-003
 1.3470402e-003
 1.3482840e-003
 1.3533182e-003
 1.3603515e-003
 1.3675693e-003
 1.3734194e-003
 1.3767836e-003
 1.3770099e-003
 1.3738405e-003
 1.3672790e-003
 1.3574730e-003
 1.3446588e-003
 1.3292173e-003
 1.3117865e-003
 1.2934188e-003
 1.2756669e-003
 1.2605418e-003
 1.2503329e-003
 1.2472568e-003
 1.2530510e-003
 1.2685701e-003
 1.2935224e-003
 1.3263803e-003
 1.3645582e-003
 1.4047459e-003
 1.4434084e-003
 1.4773262e-003
 1.5040217e-003
 1.5220882e-003
 1.5313082e-003
 1.5325596e-003
 1.5275737e-003
 1.5185676e-003
 1.5078388e-003
 1.4973808e-003
 1.4886014e-003
 1.4821588e-003
 1.4779635e-003
 1.4753138e-003
 1.4731432e-003
 1.4703301e-003
 1.4659968e-003
 1.4597541e-003
 1.4518289e-003
 1.4430475e-003
 1.4346823e-003
 1.4281585e-003
 1.4247092e-003
 1.4250249e-003
 1.4289963e-003
 1.4356037e-003
 1.4429901e-003
 1.4487103e-003
 1.4501360e-003
 1.4449599e-003
 1.4316837e-003
 1.4100090e-003
 1.3808656e-003
 1.3462098e-003
 1.3086430e-003
 1.2710259e-003
 1.2361313e-003
 1.2063426e-003
 1.1833425e-003
 1.1678218e-003
 1.1593736e-003
 1.1565484e-003
 1.1571692e-003
 1.1588115e-003
 1.1593528e-003
 1.1574862e-003
 1.1530652e-003
 1.1471108e-003
 1.1414563e-003
 1.1381909e-003
 1.1390806e-003
 1.1450977e-003
 1.1561890e-003
 1.1712578e-003
 1.1883411e-003
 1.2050122e-003
 1.2188836e-003
 1.2281359e-003
 1.2318910e-003
 1.2303726e-003
 1.2247773e-003
 1.2169026e-003
 1.2086092e-003
 1.2012785e-003
 1.1953886e-003
 1.1903591e-003
 1.1847197e-003
 1.1764860e-003
 1.1636403e-003
 1.1445890e-003
 1.1184753e-003
 1.0853973e-003
 1.0465224e-003
 1.0040482e-003
 9.6093130e-004
 9.2045334e-004
 8.8574190e-004
 8.5925468e-004
 8.4242679e-004
 8.3554356e-004
 8.3779707e-004
 8.4754225e-004
 8.6264225e-004
 8.8084582e-004
 9.0010598e-004
 9.1877248e-004
 9.3562627e-004
 9.4985845e-004
 9.6100575e-004
 9.6885825e-004
 9.7338937e-004
 9.7470329e-004
 9.7300892e-004
 9.6859713e-004
 9.6183241e-004
 9.5314533e-004
 9.4303553e-004
 9.3206693e-004
 9.2085259e-004
 9.1004866e-004
 9.0033159e-004
 8.9237123e-004
 8.8681246e-004
 8.8423869e-004
 8.8514743e-004
 8.8991341e-004
 8.9875795e-004
 9.1170939e-004
 9.2858117e-004
 9.4893971e-004
 9.7209826e-004
 9.9713833e-004
 1.0229237e-003
 1.0481819e-003
 1.0715595e-003
 1.0917238e-003
 1.1074636e-003
 1.1177667e-003
 1.1219161e-003
 1.1195500e-003
 1.1107225e-003
 1.0959347e-003
 1.0761583e-003
 1.0528107e-003
 1.0277198e-003
 1.0030187e-003
 9.8098489e-004
 9.6385530e-004
 9.5357612e-004
 9.5155515e-004
 9.5845078e-004
 9.7402290e-004
 9.9708629e-004
 1.0255891e-003
 1.0568311e-003
 1.0877403e-003
 1.1152595e-003
 1.1366800e-003
 1.1499642e-003
 1.1539597e-003
 1.1484855e-003
 1.1343084e-003
 1.1130149e-003
 1.0868098e-003
 1.0582634e-003
 1.0300883e-003
 1.0048860e-003
 9.8497199e-004
 9.7219815e-004
 9.6782035e-004
 9.7241544e-004
 9.8582357e-004
 1.0071646e-003
 1.0348985e-003
 1.0669969e-003
 1.1011409e-003
 1.1349962e-003
 1.1665089e-003
 1.1941311e-003
 1.2170303e-003
 1.2351355e-003
 1.2490995e-003
 1.2601253e-003
 1.2696696e-003
 1.2791117e-003
 1.2894082e-003
 1.3008363e-003
 1.3128808e-003
 1.3242991e-003
 1.3333660e-003
 1.3381935e-003
 1.3371002e-003
 1.3289361e-003
 1.3133234e-003
 1.2907560e-003
 1.2626830e-003
 1.2314410e-003
 1.2000250e-003
 1.1717699e-003
 1.1499211e-003
 1.1371912e-003
 1.1353887e-003
 1.1451702e-003
 1.1659864e-003
 1.1961976e-003
 1.2333661e-003
 1.2745968e-003
 1.3169587e-003
 1.3577987e-003
 1.3950152e-003
 1.4271723e-003
 1.4534574e-003
 1.4736311e-003
 1.4878981e-003
 1.4968144e-003
 1.5011950e-003
 1.5020286e-003
 1.5004268e-003
 1.4975767e-003
 1.4946809e-003
 1.4928866e-003
 1.4932140e-003
 1.4964807e-003
 1.5032379e-003
 1.5137187e-003
 1.5278234e-003
 1.5451221e-003
 1.5648919e-003
 1.5861775e-003
 1.6078352e-003
 1.6286140e-003
 1.6471967e-003
 1.6622635e-003
 1.6725524e-003
 1.6769124e-003
 1.6743912e-003
 1.6643223e-003
 1.6464352e-003
 1.6209470e-003
 1.5886601e-003
 1.5509755e-003
 1.5098888e-003
 1.4678730e-003
 1.4276761e-003
 1.3921016e-003
 1.3637050e-003
 1.3445001e-003
 1.3357393e-003
 1.3377391e-003
 1.3498440e-003
 1.3704973e-003
 1.3974454e-003
 1.4280021e-003
 1.4593998e-003
 1.4890940e-003
 1.5150554e-003
 1.5359760e-003
 1.5513365e-003
 1.5614020e-003
 1.5670808e-003
 1.5697312e-003
 1.5709192e-003
 1.5721756e-003
 1.5747893e-003
 1.5796556e-003
 1.5871996e-003
 1.5973784e-003
 1.6097376e-003
 1.6235327e-003
 1.6378553e-003
 1.6517759e-003
 1.6644697e-003
 1.6752954e-003
 1.6838526e-003
 1.6899958e-003
 1.6938082e-003
 1.6955661e-003
 1.6956796e-003
 1.6946391e-003
 1.6929631e-003
 1.6911539e-003
 1.6896612e-003
 1.6888503e-003
 1.6889701e-003
 1.6901203e-003
 1.6922163e-003
 1.6949576e-003
 1.6978061e-003
 1.6999861e-003
 1.7005173e-003
 1.6982863e-003
 1.6921619e-003
 1.6811489e-003
 1.6645639e-003
 1.6421989e-003
 1.6144736e-003
 1.5825089e-003
 1.5480963e-003
 1.5136030e-003
 1.4817212e-003
 1.4551963e-003
 1.4364698e-003
 1.4273381e-003
 1.4286814e-003
 1.4402835e-003
 1.4607752e-003
 1.4877049e-003
 1.5177869e-003
 1.5472384e-003
 1.5722468e-003
 1.5893971e-003
 1.5960892e-003
 1.5908576e-003
 1.5734829e-003
 1.5448366e-003
 1.5066474e-003
 1.4611993e-003
 1.4110031e-003
 1.3585642e-003
 1.3061225e-003
 1.2555716e-003
 1.2083888e-003
 1.1655568e-003
 1.1275742e-003
 1.0944770e-003
 1.0659257e-003
 1.0413736e-003
 1.0202068e-003
 1.0019259e-003
 9.8626828e-004
 9.7328320e-004
 9.6334895e-004
 9.5122791e-004
 9.4849296e-004
 9.5128594e-004
 9.6040359e-004
 9.7622065e-004
 9.9843123e-004
 1.0258943e-003
 1.0567233e-003
 1.0885252e-003
 1.1186297e-003
 1.1443190e-003
 1.1629632e-003
 1.1722319e-003
 1.1703733e-003
 1.1565263e-003
 1.1309423e-003
 1.0950415e-003
 1.0513444e-003
 1.0031664e-003
 9.5433480e-004
 9.0890011e-004
 8.7088725e-004
 8.4407005e-004
 8.3157490e-004
 8.3544885e-004
 8.5621176e-004
 8.9269021e-004
 9.4216742e-004
 1.0008258e-003
 1.0641725e-003
 1.1274357e-003
 1.1858868e-003
 1.2350958e-003
 1.2713930e-003
 1.2923193e-003
 1.2970798e-003
 1.2867100e-003
 1.2638962e-003
 1.2325495e-003
 1.1972920e-003
 1.1630725e-003
 1.1348120e-003
 1.1170966e-003
 1.1137136e-003
 1.1271115e-003
 1.1579137e-003
 1.2047363e-003
 1.2643615e-003
 1.3322248e-003
 1.4029919e-003
 1.4709566e-003
 1.5304558e-003
 1.5761744e-003
 1.6036552e-003
 1.6098834e-003
 1.5937828e-003
 1.5564286e-003
 1.5008468e-003
 1.4315039e-003
 1.3536918e-003
 1.2731128e-003
 1.1954536e-003
 1.1261125e-003
 1.0697393e-003
 1.0297060e-003
 1.0076953e-003
 1.0034897e-003
 1.0151602e-003
 1.0395175e-003
 1.0726310e-003
 1.1102275e-003
 1.1480008e-003
 1.1819050e-003
 1.2084658e-003
 1.2252181e-003
 1.2310401e-003
 1.2263133e-003
 1.2127706e-003
 1.1931449e-003
 1.1707534e-003
 1.1491787e-003
 1.1320100e-003
 1.1225912e-003
 1.1237164e-003
 1.1372396e-003
 1.1637410e-003
 1.2023831e-003
 1.2510682e-003
 1.3067472e-003
 1.3658107e-003
 1.4244266e-003
 1.4787258e-003
 1.5250873e-003
 1.5603834e-003
 1.5823599e-003
 1.5899483e-003
 1.5833781e-003
 1.5640578e-003
 1.5342663e-003
 1.4968055e-003
 1.4546982e-003
 1.4110208e-003
 1.3686947e-003
 1.3303234e-003
 1.2979404e-003
 1.2727953e-003
 1.2552957e-003
 1.2450664e-003
 1.2411689e-003
 1.2423212e-003
 1.2470812e-003
 1.2539618e-003
 1.2615168e-003
 1.2684133e-003
 1.2735197e-003
 1.2759811e-003
 1.2752444e-003
 1.2710326e-003
 1.2632699e-003
 1.2520073e-003
 1.2373574e-003
 1.2194816e-003
 1.1986013e-003
 1.1750367e-003
 1.1492918e-003
 1.1220932e-003
 1.0944366e-003
 1.0675517e-003
 1.0428299e-003
 1.0217734e-003
 1.0059024e-003
 9.9669769e-004
 9.9547382e-004
 1.0032015e-003
 1.0202767e-003
 1.0463236e-003
 1.0800996e-003
 1.1195813e-003
 1.1621874e-003
 1.2049866e-003
 1.2449122e-003
 1.2789484e-003
 1.3043009e-003
 1.3187147e-003
 1.3208071e-003
 1.3103981e-003
 1.2886284e-003
 1.2578432e-003
 1.2212562e-003
 1.1826132e-003
 1.1458846e-003
 1.1150173e-003
 1.0937207e-003
 1.0851158e-003
 1.0913628e-003
 1.1132972e-003
 1.1503050e-003
 1.2004419e-003
 1.2608132e-003
 1.3279301e-003
 1.3980409e-003
 1.4673923e-003
 1.5323873e-003
 1.5898665e-003
 1.6374281e-003
 1.6736486e-003
 1.6982350e-003
 1.7118839e-003
 1.7160360e-003
 1.7125744e-003
 1.7035853e-003
 1.6911946e-003
 1.6774461e-003
 1.6641605e-003
 1.6527704e-003
 1.6441927e-003
 1.6387623e-003
 1.6362960e-003
 1.6362249e-003
 1.6377498e-003
 1.6399639e-003
 1.6419336e-003
 1.6427547e-003
 1.6416118e-003
 1.6378418e-003
 1.6309898e-003
 1.6208286e-003
 1.6073408e-003
 1.5906638e-003
 1.5710220e-003
 1.5486933e-003
 1.5239832e-003
 1.4972138e-003
 1.4687615e-003
 1.4390573e-003
 1.4086338e-003
 1.3781245e-003
 1.3482433e-003
 1.3197855e-003
 1.2935707e-003
 1.2704440e-003
 1.2512214e-003
 1.2366802e-003
 1.2274659e-003
 1.2240337e-003
 1.2265739e-003
 1.2349801e-003
 1.2488810e-003
 1.2677148e-003
 1.2907881e-003
 1.3173640e-003
 1.3466919e-003
 1.3780051e-003
 1.4105851e-003
 1.4437613e-003
 1.4769024e-003
 1.5094723e-003
 1.5409904e-003
 1.5710308e-003
 1.5991757e-003
 1.6250472e-003
 1.6482823e-003
 1.6685352e-003
 1.6855395e-003
 1.6991304e-003
 1.7092741e-003
 1.7161035e-003
 1.7198891e-003
 1.7210030e-003
 1.7198820e-003
 1.7169897e-003
 1.7127924e-003
 1.7077422e-003
 1.7022464e-003
 1.6966397e-003
 1.6911636e-003
 1.6859476e-003
 1.6810239e-003
 1.6763562e-003
 1.6718616e-003
 1.6674383e-003
 1.6629779e-003
 1.6583799e-003
 1.6535555e-003
 1.6484413e-003
 1.6430119e-003
 1.6372777e-003
 1.6312827e-003
 1.6251020e-003
 1.6188211e-003
 1.6125336e-003
 1.6063416e-003
 1.6003455e-003
 1.5946515e-003
 1.5893718e-003
 1.5846313e-003
 1.5805614e-003
 1.5773033e-003
 1.5750073e-003
 1.5738246e-003
 1.5739064e-003
 1.5753969e-003
 1.5784194e-003
 1.5830557e-003
 1.5893200e-003
 1.5971274e-003
 1.6062929e-003
 1.6165387e-003
 1.6275099e-003
 1.6388181e-003
 1.6500576e-003
 1.6608157e-003
 1.6707079e-003
 1.6793939e-003
 1.6866126e-003
 1.6922039e-003
 1.6961307e-003
 1.6984600e-003
 1.6993355e-003
 1.6989497e-003
 1.6975162e-003
 1.6952560e-003
 1.6923853e-003
 1.6891065e-003
 1.6856008e-003
 1.6820156e-003
 1.6784634e-003
 1.6750243e-003
 1.6717571e-003
 1.6687040e-003
 1.6659001e-003
 1.6633790e-003
 1.6611693e-003
 1.6592954e-003
 1.6577760e-003
 1.6566190e-003
 1.6558226e-003
 1.6553754e-003
 1.6552591e-003
 1.6554514e-003
 1.6559274e-003
 1.6566614e-003
 1.6576262e-003
 1.6587931e-003
 1.6601291e-003
 1.6615979e-003
 1.6631583e-003
 1.6647638e-003
 1.6663655e-003
 1.6679128e-003
 1.6693543e-003
 1.6706389e-003
 1.6717196e-003
 1.6725552e-003
 1.6731153e-003
 1.6733842e-003
 1.6733623e-003
 1.6730645e-003
 1.6725165e-003
 1.6717502e-003
 1.6708008e-003
 1.6697054e-003
 1.6685000e-003
 1.6672211e-003
 1.6659049e-003
 1.6645859e-003
 1.6632979e-003
 1.6620744e-003
 1.6609473e-003
 1.6599484e-003
 1.6591087e-003
 1.6584564e-003
 1.6580140e-003
 1.6577927e-003
 1.6577839e-003
 1.6579526e-003
 1.6582346e-003
 1.6585398e-003
 1.6587581e-003
 1.6587686e-003
 1.6584460e-003
 1.6576682e-003
 1.6563243e-003
 1.6543285e-003
 1.6516392e-003
 1.6482708e-003
 1.6443010e-003
 1.6398680e-003
 1.6351497e-003
 1.6303487e-003
 1.6256827e-003
 1.6213662e-003
 1.6176052e-003
 1.6145868e-003
 1.6124593e-003
 1.6113226e-003
 1.6112225e-003
 1.6121550e-003
 1.6140803e-003
 1.6169371e-003
 1.6206509e-003
 1.6251440e-003
 1.6303348e-003
 1.6361316e-003
 1.6424368e-003
 1.6491381e-003
 1.6561102e-003
 1.6632094e-003
 1.6702875e-003
 1.6771905e-003
 1.6837585e-003
 1.6898392e-003
 1.6952915e-003
 1.6999930e-003
 1.7038640e-003
 1.7068752e-003
 1.7090533e-003
 1.7104790e-003
 1.7112704e-003
 1.7115680e-003
 1.7115227e-003
 1.7112861e-003
 1.7110017e-003
 1.7107942e-003
 1.7107561e-003
 1.7109364e-003
 1.7113360e-003
 1.7119120e-003
 1.7125896e-003
 1.7132751e-003
 1.7138660e-003
 1.7142603e-003
 1.7143636e-003
 1.7140994e-003
 1.7134228e-003
 1.7123300e-003
 1.7108644e-003
 1.7091105e-003
 1.7071838e-003
 1.7052179e-003
 1.7033552e-003
 1.7017365e-003
 1.7004937e-003
 1.6997394e-003
 1.6995505e-003
 1.6999581e-003
 1.7009409e-003
 1.7024316e-003
 1.7043285e-003
 1.7065083e-003
 1.7088399e-003
 1.7111906e-003
 1.7134344e-003
 1.7154585e-003
 1.7171777e-003
 1.7185404e-003
 1.7195329e-003
 1.7201764e-003
 1.7205178e-003
 1.7206186e-003
 1.7205478e-003
 1.7203753e-003
 1.7201680e-003
 1.7199842e-003
 1.7198679e-003
 1.7198430e-003
 1.7199122e-003
 1.7200579e-003
 1.7202487e-003
 1.7204442e-003
 1.7206003e-003
 1.7206733e-003
 1.7206236e-003
 1.7204209e-003
 1.7200513e-003
 1.7195219e-003
 1.7188647e-003
 1.7181325e-003
 1.7173945e-003
 1.7167291e-003
 1.7162177e-003
 1.7159387e-003
 1.7159587e-003
 1.7163195e-003
 1.7170212e-003
 1.7180080e-003
 1.7191602e-003
 1.7203030e-003
 1.7212200e-003
 1.7216705e-003
 1.7214085e-003
 1.7201999e-003
 1.7178552e-003
 1.7142755e-003
 1.7095120e-003
 1.7038264e-003
 1.6977050e-003
 1.6918414e-003
 1.6870797e-003
 1.6843565e-003
 1.6846423e-003
 1.6889038e-003
 1.6980501e-003
 1.7128709e-003
 1.7339574e-003
 1.7616077e-003
 1.7958272e-003
 1.8363401e-003
 1.8826782e-003
 1.9342175e-003
 1.9903104e-003
 2.0503036e-003
 2.1135281e-003
 2.1794257e-003
 2.2475594e-003
 2.3176020e-003
 2.3894543e-003
 2.4631782e-003
 2.5389006e-003
 2.6168693e-003
 2.6973411e-003
 2.7805795e-003
 2.8667219e-003
 2.9558244e-003
 3.0477105e-003
 3.1418186e-003
 3.2372980e-003
 3.3329790e-003
 3.4273879e-003
 3.5189802e-003
 3.6061264e-003
 3.6872101e-003
 3.7606033e-003
 3.8248501e-003
 3.8786749e-003
 3.9210231e-003
 3.9511644e-003
 3.9686142e-003
 3.9730687e-003
 3.9643543e-003
 3.9423504e-003
 3.9070053e-003
 3.8583335e-003
 3.7965006e-003
 3.7219001e-003
 3.6353115e-003
 3.5378290e-003
 3.4308690e-003
 3.3161698e-003
 3.1955400e-003
 3.0708483e-003
 2.9440629e-003
 2.8170263e-003
 2.6915169e-003
 2.5691248e-003
 2.4513106e-003
 2.3392078e-003
 2.2337385e-003
 2.1357404e-003
 2.0458752e-003
 1.9647551e-003
 1.8930007e-003
 1.8310929e-003
 1.7793784e-003
 1.7379416e-003
 1.7065525e-003
 1.6845702e-003
 1.6710197e-003
 1.6646812e-003
 1.6641740e-003
 1.6680567e-003
 1.6748805e-003
 1.6832562e-003
 1.6919295e-003
 1.6998650e-003
 1.7063406e-003
 1.7109718e-003
 1.7136812e-003
 1.7146148e-003
 1.7140558e-003
 1.7123499e-003
 1.7098645e-003
 1.7069579e-003
 1.7039574e-003
 1.7011381e-003
 1.6986992e-003
 1.6967588e-003
 1.6953609e-003
 1.6944950e-003
 1.6941163e-003
 1.6941638e-003
 1.6945701e-003
 1.6952661e-003
 1.6961837e-003
 1.6972555e-003
 1.6984183e-003
 1.6996113e-003
 1.7007770e-003
 1.7018607e-003
 1.7028097e-003
 1.7035730e-003
 1.7041020e-003
 1.7043538e-003
 1.7042945e-003
 1.7039047e-003
 1.7031844e-003
 1.7021548e-003
 1.7008574e-003
 1.6993488e-003
 1.6976951e-003
 1.6959666e-003
 1.6942354e-003
 1.6925710e-003
 1.6910407e-003
 1.6897097e-003
 1.6886680e-003
 1.6880707e-003
 1.6874019e-003
 1.6867035e-003
 1.6858348e-003
 1.6846557e-003
 1.6830254e-003
 1.6808040e-003
 1.6778511e-003
 1.6740266e-003
 1.6691897e-003
 1.6632054e-003
 1.6560050e-003
 1.6475499e-003
 1.6378025e-003
 1.6267229e-003
 1.6142791e-003
 1.6004313e-003
 1.5851425e-003
 1.5683708e-003
 1.5500876e-003
 1.5302513e-003
 1.5088249e-003
 1.4857653e-003
 1.4610465e-003
 1.4346455e-003
 1.4067251e-003
 1.3775445e-003
 1.3473568e-003
 1.3164366e-003
 1.2850373e-003
 1.2534189e-003
 1.2218346e-003
 1.1905595e-003
 1.1598461e-003
 1.1299552e-003
 1.1011400e-003
 1.0736746e-003
 1.0478125e-003
 1.0238137e-003
 1.0019388e-003
 9.8244345e-004
 9.6559740e-004
 9.5162838e-004
 9.4052451e-004
 9.3214324e-004
 9.2634751e-004
 9.2299329e-004
 9.2193892e-004
 9.2304352e-004
 9.2616503e-004
 9.3116175e-004
 9.3789247e-004
 9.4621524e-004
 9.5599133e-004
 9.6707436e-004
 9.7932515e-004
 9.9260197e-004
 1.0067668e-003
 1.0216713e-003
 1.0371775e-003
 1.0531436e-003
 1.0694319e-003
 1.0858933e-003
 1.1023900e-003
 1.1187883e-003
 1.1350258e-003
 1.1510632e-003
 1.1668728e-003
 1.1824231e-003
 1.1976826e-003
 1.2126233e-003
 1.2272066e-003
 1.2414044e-003
 1.2551858e-003
 1.2685219e-003
 1.2813749e-003
 1.2937168e-003
 1.3055159e-003
 1.3167433e-003
 1.3273623e-003
 1.3373439e-003
 1.3466568e-003
 1.3552696e-003
 1.3631523e-003
 1.3702699e-003
 1.3765928e-003
 1.3820895e-003
 1.3867295e-003
 1.3904792e-003
 1.3933080e-003
 1.3951906e-003
 1.3961499e-003
 1.3962322e-003
 1.3954850e-003
 1.3939552e-003
 1.3916898e-003
 1.3887349e-003
 1.3851393e-003
 1.3809492e-003
 1.3762111e-003
 1.3709714e-003
 1.3652794e-003
 1.3591807e-003
 1.3527224e-003
 1.3459501e-003
 1.3389136e-003
 1.3316587e-003
 1.3242321e-003
 1.3166792e-003
 1.3090506e-003
 1.3013913e-003
 1.2937485e-003
 1.2861692e-003
 1.2786987e-003
 1.2713872e-003
 1.2642803e-003
 1.2574249e-003
 1.2508663e-003
 1.2446549e-003
 1.2388359e-003
 1.2334527e-003
 1.2285181e-003
 1.2240347e-003
 1.2200011e-003
