s07_ASD Record=12216:  error bars to preceding                
 1.3262288e-003
 1.2926664e-003
 1.2649423e-003
 1.2471523e-003
 1.2400514e-003
 1.2402410e-003
 1.2417198e-003
 1.2385155e-003
 1.2268540e-003
 1.2060460e-003
 1.1778969e-003
 1.1454759e-003
 1.1119775e-003
 1.0800265e-003
 1.0511569e-003
 1.0257241e-003
 1.0036227e-003
 9.8532822e-004
 9.7249635e-004
 9.6778967e-004
 9.7384799e-004
 9.9168101e-004
 1.0193370e-003
 1.0517691e-003
 1.0819371e-003
 1.1026590e-003
 1.1093434e-003
 1.1021029e-003
 1.0847431e-003
 1.0615530e-003
 1.0353982e-003
 1.0076368e-003
 9.7894738e-004
 9.5005514e-004
 9.2219294e-004
 8.9688733e-004
 8.7532139e-004
 8.5813447e-004
 8.4569509e-004
 8.3856651e-004
 8.3762634e-004
 8.4350765e-004
 8.5557072e-004
 8.7109598e-004
 8.8543934e-004
 8.9341740e-004
 8.9132815e-004
 8.7839476e-004
 8.5665064e-004
 8.2942791e-004
 7.9973508e-004
 7.6979946e-004
 7.4178952e-004
 7.1851810e-004
 7.0300489e-004
 6.9722335e-004
 7.0097594e-004
 7.1229180e-004
 7.2960992e-004
 7.5359264e-004
 7.8492920e-004
 8.1868219e-004
 8.4988651e-004
 8.7235920e-004
 8.7580096e-004
 8.5666426e-004
 8.2174427e-004
 7.8112358e-004
 7.4405817e-004
 7.1703026e-004
 7.0243940e-004
 6.9961284e-004
 7.0704106e-004
 7.2340068e-004
 7.4701454e-004
 7.7478366e-004
 8.0202881e-004
 8.2396576e-004
 8.3808607e-004
 8.4565947e-004
 8.5083005e-004
 8.5742353e-004
 8.6554728e-004
 8.7065122e-004
 8.6617179e-004
 8.4820070e-004
 8.1898464e-004
 7.8674516e-004
 7.6180574e-004
 7.5130846e-004
 7.5555459e-004
 7.6797680e-004
 7.7882566e-004
 7.8057498e-004
 7.7203265e-004
 7.5903139e-004
 7.5135083e-004
 7.5726828e-004
 7.7908230e-004
 8.1253104e-004
 8.4953749e-004
 8.8208687e-004
 9.0527354e-004
 9.1878662e-004
 9.2711480e-004
 9.3778927e-004
 9.5718924e-004
 9.8598469e-004
 1.0169328e-003
 1.0372470e-003
 1.0352329e-003
 1.0073613e-003
 9.6110220e-004
 9.1146084e-004
 8.7341858e-004
 8.5529068e-004
 8.5713278e-004
 8.7430869e-004
 9.0192951e-004
 9.3534659e-004
 9.6696016e-004
 9.8528038e-004
 9.8058139e-004
 9.5308939e-004
 9.1476145e-004
 8.8161329e-004
 8.6341746e-004
 8.5967645e-004
 8.6357869e-004
 8.6857326e-004
 8.7190024e-004
 8.7385345e-004
 8.7498582e-004
 8.7392546e-004
 8.6749141e-004
 8.5341500e-004
 8.3375612e-004
 8.1538182e-004
 8.0587796e-004
 8.0843497e-004
 8.2135911e-004
 8.4266474e-004
 8.7308843e-004
 9.1177691e-004
 9.4899558e-004
 9.6718303e-004
 9.5390220e-004
 9.1453950e-004
 8.6993113e-004
 8.4041792e-004
 8.3259726e-004
 8.3964167e-004
 8.5027987e-004
 8.5593772e-004
 8.5265853e-004
 8.4090815e-004
 8.2530774e-004
 8.1319950e-004
 8.1168732e-004
 8.2532992e-004
 8.5553213e-004
 8.9920202e-004
 9.4593153e-004
 9.7902643e-004
 9.8476431e-004
 9.6328364e-004
 9.2916837e-004
 8.9997565e-004
 8.8398234e-004
 8.7770144e-004
 8.7280036e-004
 8.6460443e-004
 8.5531292e-004
 8.5020438e-004
 8.5105974e-004
 8.5405092e-004
 8.5485016e-004
 8.5464760e-004
 8.5908681e-004
 8.7157573e-004
 8.8980386e-004
 9.0909604e-004
 9.2702970e-004
 9.4347826e-004
 9.5742696e-004
 9.6598384e-004
 9.6694333e-004
 9.6040103e-004
 9.4673975e-004
 9.2573976e-004
 9.0058433e-004
 8.7993825e-004
 8.7066623e-004
 8.6919859e-004
 8.6534023e-004
 8.5490994e-004
 8.4378343e-004
 8.3832059e-004
 8.3597854e-004
 8.2832942e-004
 8.1190438e-004
 7.9271675e-004
 7.7890733e-004
 7.7216991e-004
 7.7031914e-004
 7.7633007e-004
 7.9849130e-004
 8.3879969e-004
 8.8411651e-004
 9.1347948e-004
 9.1714942e-004
 9.0757950e-004
 9.0816303e-004
 9.2955632e-004
 9.5823559e-004
 9.6926431e-004
 9.5016073e-004
 9.1153197e-004
 8.7427453e-004
 8.4989454e-004
 8.3673111e-004
 8.3104096e-004
 8.3387300e-004
 8.4711646e-004
 8.6890953e-004
 8.9496362e-004
 9.2226412e-004
 9.5180050e-004
 9.8945212e-004
 1.0416197e-003
 1.1054996e-003
 1.1656749e-003
 1.2060879e-003
 1.2239740e-003
 1.2273486e-003
 1.2246043e-003
 1.2251488e-003
 1.2407856e-003
 1.2687824e-003
 1.2778142e-003
 1.2314186e-003
 1.1294637e-003
 1.0142274e-003
 9.3348947e-004
 9.0403325e-004
 9.0834702e-004
 9.1890799e-004
 9.2237856e-004
 9.2394074e-004
 9.3561760e-004
 9.6379354e-004
 1.0019516e-003
 1.0314257e-003
 1.0367960e-003
 1.0231917e-003
 1.0070332e-003
 9.9308218e-004
 9.7735459e-004
 9.5903582e-004
 9.3462004e-004
 8.9997886e-004
 8.6435868e-004
 8.4289734e-004
 8.3946239e-004
 8.4825139e-004
 8.6006528e-004
 8.6273468e-004
 8.4794097e-004
 8.2015322e-004
 7.9461455e-004
 7.8564149e-004
 7.9504284e-004
 8.1485970e-004
 8.4301032e-004
 8.8358350e-004
 9.3253300e-004
 9.8275347e-004
 1.0312202e-003
 1.0634152e-003
 1.0624084e-003
 1.0401257e-003
 1.0214620e-003
 1.0069222e-003
 9.9348975e-004
 1.0016160e-003
 1.0361753e-003
 1.0595467e-003
 1.0335679e-003
 9.6421817e-004
 8.9087751e-004
 8.5357222e-004
 8.7645446e-004
 9.5853215e-004
 1.0659053e-003
 1.1469376e-003
 1.1692167e-003
 1.1384420e-003
 1.0818138e-003
 1.0256830e-003
 9.8936656e-004
 9.8288385e-004
 1.0000829e-003
 1.0212878e-003
 1.0335799e-003
 1.0516800e-003
 1.1108206e-003
 1.2192030e-003
 1.3163481e-003
 1.3188185e-003
 1.2242137e-003
 1.1217025e-003
 1.0812252e-003
 1.0887200e-003
 1.1068014e-003
 1.1377739e-003
 1.1995835e-003
 1.2755479e-003
 1.3143999e-003
 1.2699807e-003
 1.1498824e-003
 1.0273108e-003
 9.7879418e-004
 1.0093738e-003
 1.0577698e-003
 1.0650378e-003
 1.0224117e-003
 9.6431881e-004
 9.2900440e-004
 9.2792005e-004
 9.4656821e-004
 9.6494838e-004
 9.7359734e-004
 9.7551307e-004
 9.8025496e-004
 9.9816418e-004
 1.0351647e-003
 1.0863175e-003
 1.1327706e-003
 1.1499973e-003
 1.1253380e-003
 1.0698523e-003
 1.0116445e-003
 9.7647042e-004
 9.7360695e-004
 9.9698734e-004
 1.0354968e-003
 1.0803852e-003
 1.1242946e-003
 1.1552310e-003
 1.1541824e-003
 1.1042189e-003
 1.0101123e-003
 9.1592572e-004
 9.0268534e-004
 1.0194019e-003
 1.2013555e-003
 1.3029171e-003
 1.2469158e-003
 1.1209596e-003
 1.0454858e-003
 1.0350239e-003
 1.0650703e-003
 1.1606121e-003
 1.3188227e-003
 1.4309292e-003
 1.3798854e-003
 1.1716692e-003
 9.2778332e-004
 7.8310660e-004
 7.8558264e-004
 8.6985767e-004
 9.3525171e-004
 9.3413721e-004
 8.8103209e-004
 8.1484450e-004
 7.6685182e-004
 7.4811256e-004
 7.5486331e-004
 7.8114524e-004
 8.2699466e-004
 8.9290011e-004
 9.6138718e-004
 9.9566684e-004
 9.7350421e-004
 9.1151876e-004
 8.4197178e-004
 7.8394549e-004
 7.4957899e-004
 7.5149821e-004
 7.8209623e-004
 8.1273349e-004
 8.4396981e-004
 9.1895624e-004
 1.0427961e-003
 1.1384300e-003
 1.1427235e-003
 1.0947532e-003
 1.0564547e-003
 1.0408417e-003
 1.0064163e-003
 9.3709660e-004
 8.9269632e-004
 9.2028471e-004
 1.0096411e-003
 1.1284921e-003
 1.2309365e-003
 1.2600025e-003
 1.1743956e-003
 9.9551270e-004
 8.0649374e-004
 6.8941113e-004
 6.6566584e-004
 6.9647958e-004
 7.3227845e-004
 7.5072789e-004
 7.5836270e-004
 7.6758873e-004
 7.7940285e-004
 7.8368973e-004
 7.7586639e-004
 7.7684136e-004
 8.3068811e-004
 9.6570107e-004
 1.1419349e-003
 1.2638750e-003
 1.2535498e-003
 1.1028728e-003
 8.8189216e-004
 7.0337579e-004
 6.4634811e-004
 6.5838173e-004
 7.0335757e-004
 7.3804200e-004
 7.5469457e-004
 7.5982598e-004
 7.5998571e-004
 7.6113117e-004
 7.6532859e-004
 7.7307550e-004
 7.8486704e-004
 8.0101890e-004
 8.2069932e-004
 8.4260938e-004
 8.6545182e-004
 8.8767306e-004
 9.0608734e-004
 9.1684127e-004
 9.1607834e-004
 9.0084522e-004
 8.7417301e-004
 8.3588430e-004
 8.0316555e-004
 7.7623950e-004
 7.5788016e-004
 7.4828346e-004
 7.4752670e-004
 7.5568951e-004
 7.7275652e-004
 7.9657335e-004
 8.2285161e-004
 8.4722234e-004
 8.6530560e-004
 8.7292620e-004
 8.7028748e-004
 8.6191820e-004
 8.5253274e-004
 8.4684161e-004
 8.4941316e-004
 8.6158584e-004
 8.8152930e-004
 9.0728764e-004
 9.3689474e-004
 9.6839311e-004
 9.9973602e-004
 1.0285141e-003
 1.0522470e-003
 1.0684424e-003
 1.0746164e-003
 1.0682814e-003
 1.0483459e-003
 1.0191054e-003
 9.8613754e-004
 9.5503411e-004
 9.3137223e-004
 9.2074188e-004
 9.2872279e-004
 9.5916115e-004
 1.0092504e-003
 1.0746204e-003
 1.1508749e-003
 1.2336497e-003
 1.3185441e-003
 1.4011968e-003
 1.4772068e-003
 1.5431333e-003
 1.5989830e-003
 1.6456109e-003
 1.6838480e-003
 1.7145451e-003
 1.7385372e-003
 1.7566700e-003
 1.7697866e-003
 1.7786743e-003
 1.7839355e-003
 1.7861235e-003
 1.7857940e-003
 1.7835022e-003
 1.7798027e-003
 1.7752516e-003
 1.7704028e-003
 1.7657070e-003
 1.7612251e-003
 1.7569297e-003
 1.7527927e-003
 1.7487857e-003
 1.7448814e-003
 1.7410512e-003
 1.7372679e-003
 1.7335027e-003
 1.7297285e-003
 1.7259165e-003
 1.7220397e-003
 1.7181048e-003
 1.7142491e-003
 1.7106381e-003
 1.7074378e-003
 1.7048137e-003
 1.7029324e-003
 1.7019588e-003
 1.7020594e-003
 1.7033996e-003
 1.7061457e-003
 1.7104632e-003
 1.7165183e-003
 1.7243052e-003
 1.7332112e-003
 1.7424843e-003
 1.7513762e-003
 1.7591352e-003
 1.7650123e-003
 1.7682565e-003
 1.7681184e-003
 1.7638481e-003
 1.7546954e-003
 1.7399086e-003
 1.7191722e-003
 1.6936797e-003
 1.6649676e-003
 1.6345599e-003
 1.6039948e-003
 1.5747957e-003
 1.5485000e-003
 1.5266330e-003
 1.5107300e-003
 1.5023183e-003
 1.5023497e-003
 1.5097605e-003
 1.5230539e-003
 1.5407286e-003
 1.5612898e-003
 1.5832345e-003
 1.6050690e-003
 1.6252900e-003
 1.6424032e-003
 1.6549064e-003
 1.6617663e-003
 1.6635259e-003
 1.6610679e-003
 1.6552748e-003
 1.6470273e-003
 1.6372098e-003
 1.6267033e-003
 1.6163888e-003
 1.6071504e-003
 1.5998686e-003
 1.5949936e-003
 1.5915120e-003
 1.5881044e-003
 1.5834499e-003
 1.5762296e-003
 1.5651213e-003
 1.5488081e-003
 1.5259656e-003
 1.4952793e-003
 1.4564439e-003
 1.4125379e-003
 1.3673599e-003
 1.3246883e-003
 1.2883217e-003
 1.2620406e-003
 1.2496397e-003
 1.2549043e-003
 1.2795347e-003
 1.3183582e-003
 1.3647741e-003
 1.4122002e-003
 1.4540332e-003
 1.4836905e-003
 1.4945725e-003
 1.4800937e-003
 1.4369261e-003
 1.3724199e-003
 1.2960699e-003
 1.2174034e-003
 1.1459116e-003
 1.0911204e-003
 1.0625271e-003
 1.0696460e-003
 1.1176214e-003
 1.1975056e-003
 1.2975474e-003
 1.3980282e-003
 1.4988031e-003
 1.5826387e-003
 1.6411212e-003
 1.6715098e-003
 1.6758486e-003
 1.6593427e-003
 1.6286769e-003
 1.5908264e-003
 1.5518308e-003
 1.5150594e-003
 1.4801539e-003
 1.4440230e-003
 1.4025323e-003
 1.3518125e-003
 1.2897125e-003
 1.2173393e-003
 1.1395868e-003
 1.0641769e-003
 1.0000161e-003
 9.5545541e-004
 9.3609339e-004
 9.4254641e-004
 9.6963480e-004
 1.0077091e-003
 1.0450764e-003
 1.0705460e-003
 1.0760669e-003
 1.0590012e-003
 1.0228439e-003
 9.7592163e-004
 9.2895766e-004
 8.9243345e-004
 8.7408081e-004
 8.7695528e-004
 8.9884695e-004
 9.3328621e-004
 9.7153435e-004
 1.0047889e-003
 1.0262112e-003
 9.7602193e-004
 9.7583875e-004
 9.7301247e-004
 9.6830702e-004
 9.6288492e-004
 9.5808459e-004
 9.5518929e-004
 9.5523987e-004
 9.5887767e-004
 9.6624141e-004
 9.7693852e-004
 9.9009799e-004
 1.0044996e-003
 1.0187586e-003
 1.0315536e-003
 1.0418153e-003
 1.0488568e-003
 1.0524689e-003
 1.0529382e-003
 1.0510125e-003
 1.0477939e-003
 1.0446003e-003
 1.0428077e-003
 1.0436961e-003
 1.0483311e-003
 1.0574537e-003
 1.0713353e-003
 1.0896977e-003
 1.1116822e-003
 1.1359247e-003
 1.1607730e-003
 1.1845238e-003
 1.2056848e-003
 1.2231478e-003
 1.2363058e-003
 1.2450761e-003
 1.2498279e-003
 1.2512532e-003
 1.2501857e-003
 1.2474306e-003
 1.2436258e-003
 1.2391707e-003
 1.2342199e-003
 1.2287315e-003
 1.2225556e-003
 1.2155182e-003
 1.2074989e-003
 1.1984680e-003
 1.1884817e-003
 1.1776577e-003
 1.1661176e-003
 1.1539541e-003
 1.1412153e-003
 1.1279314e-003
 1.1141996e-003
 1.1002760e-003
 1.0866870e-003
 1.0742833e-003
 1.0642160e-003
 1.0578296e-003
 1.0564434e-003
 1.0610946e-003
 1.0722710e-003
 1.0897284e-003
 1.1124196e-003
 1.1385903e-003
 1.1660326e-003
 1.1924045e-003
 1.2156225e-003
 1.2341541e-003
 1.2472256e-003
 1.2548640e-003
 1.2577733e-003
 1.2571047e-003
 1.2541548e-003
 1.2500710e-003
 1.2456153e-003
 1.2410430e-003
 1.2360989e-003
 1.2301435e-003
 1.2223641e-003
 1.2120298e-003
 1.1987459e-003
 1.1826281e-003
 1.1643933e-003
 1.1453151e-003
 1.1270578e-003
 1.1114441e-003
 1.1001594e-003
 1.0944703e-003
 1.0950116e-003
 1.1016522e-003
 1.1134762e-003
 1.1288712e-003
 1.1457173e-003
 1.1616218e-003
 1.1742145e-003
 1.1814127e-003
 1.1816734e-003
 1.1741703e-003
 1.1588892e-003
 1.1366112e-003
 1.1088091e-003
 1.0774353e-003
 1.0446280e-003
 1.0124309e-003
 9.8247884e-004
 9.5581700e-004
 9.3280053e-004
 9.1314217e-004
 8.9611608e-004
 8.8081491e-004
 8.6646387e-004
 8.5266237e-004
 8.3951437e-004
 8.2762627e-004
 8.1795052e-004
 8.1153685e-004
 8.0926693e-004
 8.1162207e-004
 8.1855722e-004
 8.2949072e-004
 8.4341055e-004
 8.5903390e-004
 8.7500893e-004
 8.9006842e-004
 9.0315560e-004
 9.1349980e-004
 9.2064281e-004
 9.2446868e-004
 9.2520827e-004
 9.2344126e-004
 9.2005747e-004
 9.1616501e-004
 9.1292494e-004
 9.1133360e-004
 9.1198186e-004
 9.1486174e-004
 9.1928069e-004
 9.2393201e-004
 9.2713226e-004
 9.2717749e-004
 9.2274678e-004
 9.1324432e-004
 8.9899421e-004
 8.8122004e-004
 8.6184265e-004
 8.4310275e-004
 8.2716311e-004
 8.1573613e-004
 8.0984709e-004
 8.0977468e-004
 8.1513199e-004
 8.2505838e-004
 8.3844003e-004
 8.5411133e-004
 8.7096920e-004
 8.8803936e-004
 9.0446224e-004
 9.1948005e-004
 9.3243783e-004
 9.4279961e-004
 9.5021812e-004
 9.5459324e-004
 9.5612946e-004
 9.5534738e-004
 9.5304701e-004
 9.5023029e-004
 9.4799470e-004
 9.4742858e-004
 9.4951811e-004
 9.5508178e-004
 9.6472417e-004
 9.7881001e-004
 9.9742564e-004
 1.0203611e-003
 1.0470683e-003
 1.0766542e-003
 1.1079194e-003
 1.1394053e-003
 1.1695458e-003
 1.1967963e-003
 1.2198074e-003
 1.2375632e-003
 1.2494366e-003
 1.2552105e-003
 1.2550046e-003
 1.2491874e-003
 1.2382737e-003
 1.2228620e-003
 1.2036195e-003
 1.1812988e-003
 1.1568023e-003
 1.1311918e-003
 1.1056922e-003
 1.0816024e-003
 1.0601550e-003
 1.0423829e-003
 1.0289683e-003
 1.0201897e-003
 1.0159258e-003
 1.0157427e-003
 1.0190235e-003
 1.0250892e-003
 1.0332695e-003
 1.0429040e-003
 1.0532861e-003
 1.0635684e-003
 1.0727115e-003
 1.0794897e-003
 1.0826092e-003
 1.0809097e-003
 1.0736095e-003
 1.0605319e-003
 1.0422347e-003
 1.0200180e-003
 9.9575624e-004
 9.7163953e-004
 9.4982481e-004
 9.3209581e-004
 9.1962487e-004
 9.1282837e-004
 9.1139530e-004
 9.1442838e-004
 9.2068862e-004
 9.2886906e-004
 9.3785318e-004
 9.4688742e-004
 9.5565309e-004
 9.6422108e-004
 9.7289495e-004
 9.8201004e-004
 9.9171267e-004
 1.0018031e-003
 1.0116771e-003
 1.0203739e-003
 1.0267495e-003
 1.0297031e-003
 1.0284281e-003
 1.0226121e-003
 1.0125448e-003
 9.9911180e-004
 9.8366733e-004
 9.6784299e-004
 9.5329230e-004
 9.4146974e-004
 9.3343924e-004
 9.2976255e-004
 9.3047862e-004
 9.3515107e-004
 9.4297779e-004
 9.5293054e-004
 9.6390658e-004
 9.7484695e-004
 9.8483823e-004
 9.9315227e-004
 9.9925941e-004
 1.0028100e-003
 1.0035953e-003
 1.0015197e-003
 9.9658209e-004
 9.8888204e-004
 9.7863853e-004
 9.6622779e-004
 9.5221010e-004
 9.3733304e-004
 9.2252088e-004
 9.0879988e-004
 8.9721219e-004
 8.8868511e-004
 8.8389718e-004
 8.8317168e-004
 8.8640401e-004
 8.9306198e-004
 9.0225693e-004
 9.1289054e-004
 9.2383171e-004
 9.3411736e-004
 9.4309868e-004
 9.5052877e-004
 9.5655583e-004
 9.6161751e-004
 9.6628012e-004
 9.7103987e-004
 9.7614940e-004
 9.8150421e-004
 9.8661031e-004
 9.9065644e-004
 9.9265832e-004
 9.9166355e-004
 9.8696188e-004
 9.7826624e-004
 9.6582226e-004
 9.5041178e-004
 9.3326904e-004
 9.1587886e-004
 8.9974451e-004
 8.8612275e-004
 8.7580219e-004
 8.6898037e-004
 8.6523278e-004
 8.6361461e-004
 8.6284819e-004
 8.6157327e-004
 8.5860793e-004
 8.5317128e-004
 8.4503856e-004
 8.3460211e-004
 8.2282984e-004
 8.1115164e-004
 8.0126058e-004
 7.9489528e-004
 7.9359737e-004
 7.9849444e-004
 8.1012788e-004
 8.2834088e-004
 8.5226120e-004
 8.8034535e-004
 9.1054488e-004
 9.4049971e-004
 9.6780638e-004
 9.9029520e-004
 1.0062457e-003
 1.0145779e-003
 1.0149160e-003
 1.0075800e-003
 9.9347217e-004
 9.7392208e-004
 9.5048867e-004
 9.2480704e-004
 8.9845597e-004
 8.7287230e-004
 8.4934110e-004
 8.2896568e-004
 8.1268459e-004
 8.0124469e-004
 7.9516642e-004
 7.9471088e-004
 7.9983997e-004
 8.1021577e-004
 8.2522654e-004
 8.4406557e-004
 8.6581369e-004
 8.8954053e-004
 9.1439375e-004
 9.3962625e-004
 9.6463133e-004
 9.8890730e-004
 1.0120433e-003
 1.0337110e-003
 1.0536494e-003
 1.0717086e-003
 1.0878652e-003
 1.1022566e-003
 1.1151863e-003
 1.1270827e-003
 1.1384508e-003
 1.1497858e-003
 1.1615044e-003
 1.1739009e-003
 1.1871224e-003
 1.2012005e-003
 1.2160800e-003
 1.2316633e-003
 1.2478356e-003
 1.2644433e-003
 1.2812573e-003
 1.2979242e-003
 1.3139041e-003
 1.3284687e-003
 1.3407171e-003
 1.3496608e-003
 1.3543393e-003
 1.3539433e-003
 1.3479373e-003
 1.3361457e-003
 1.3188001e-003
 1.2965316e-003
 1.2703522e-003
 1.2415757e-003
 1.2117679e-003
 1.1826545e-003
 1.1560172e-003
 1.1336061e-003
 1.1169859e-003
 1.1074098e-003
 1.1056606e-003
 1.1119257e-003
 1.1257182e-003
 1.1458604e-003
 1.1705684e-003
 1.1975908e-003
 1.2244566e-003
 1.2487175e-003
 1.2682276e-003
 1.2813829e-003
 1.2872763e-003
 1.2857927e-003
 1.2775894e-003
 1.2639967e-003
 1.2468280e-003
 1.2281558e-003
 1.2100362e-003
 1.1942708e-003
 1.1821818e-003
 1.1744554e-003
 1.1710777e-003
 1.1713434e-003
 1.1739641e-003
 1.1772455e-003
 1.1793229e-003
 1.1784154e-003
 1.1730744e-003
 1.1623875e-003
 1.1461159e-003
 1.1247300e-003
 1.0993734e-003
 1.0717257e-003
 1.0437905e-003
 1.0176847e-003
 9.9537580e-004
 9.7849872e-004
 9.6819544e-004
 9.6504221e-004
 9.6906128e-004
 9.7979035e-004
 9.9639758e-004
 1.0178093e-003
 1.0428341e-003
 1.0702208e-003
 1.0987157e-003
 1.1270449e-003
 1.1539231e-003
 1.1780849e-003
 1.1983298e-003
 1.2136615e-003
 1.2234170e-003
 1.2274222e-003
 1.2260855e-003
 1.2204021e-003
 1.2118557e-003
 1.2022088e-003
 1.1932381e-003
 1.1864394e-003
 1.1827960e-003
 1.1826305e-003
 1.1855897e-003
 1.1907548e-003
 1.1968570e-003
 1.2025426e-003
 1.2066454e-003
 1.2084049e-003
 1.2075842e-003
 1.2044761e-003
 1.1997933e-003
 1.1944714e-003
 1.1894304e-003
 1.1853601e-003
 1.1825674e-003
 1.1809363e-003
 1.1799935e-003
 1.1790636e-003
 1.1774610e-003
 1.1746606e-003
 1.1703948e-003
 1.1646606e-003
 1.1576351e-003
 1.1495581e-003
 1.1406190e-003
 1.1309074e-003
 1.1204600e-003
 1.1093670e-003
 1.0979240e-003
 1.0867366e-003
 1.0767314e-003
 1.0690572e-003
 1.0648594e-003
 1.0650151e-003
 1.0698788e-003
 1.0791406e-003
 1.0918292e-003
 1.1064952e-003
 1.1215024e-003
 1.1353892e-003
 1.1471997e-003
 1.1566887e-003
 1.1643948e-003
 1.1715288e-003
 1.1797381e-003
 1.1907876e-003
 1.2062159e-003
 1.2270389e-003
 1.2535537e-003
 1.2852274e-003
 1.3207518e-003
 1.3581566e-003
 1.3950418e-003
 1.4288656e-003
 1.4572013e-003
 1.4780323e-003
 1.4899317e-003
 1.4921993e-003
 1.4848788e-003
 1.4686786e-003
 1.4447963e-003
 1.4147056e-003
 1.3799121e-003
 1.3417280e-003
 1.3011692e-003
 1.2588921e-003
 1.2153124e-003
 1.1707674e-003
 1.1257203e-003
 1.0809996e-003
 1.0379250e-003
 9.9832751e-004
 9.6447841e-004
 9.3880569e-004
 9.2355593e-004
 9.2029932e-004
 9.2962413e-004
 9.5100218e-004
 9.8280411e-004
 1.0224457e-003
 1.0666299e-003
 1.1115151e-003
 1.1530021e-003
 1.1872317e-003
 1.2110553e-003
 1.2225491e-003
 1.2213126e-003
 1.2085096e-003
 1.1866607e-003
 1.1592128e-003
 1.1299405e-003
 1.1022701e-003
 1.0788174e-003
 1.0611481e-003
 1.0497897e-003
 1.0443621e-003
 1.0438212e-003
 1.0467155e-003
 1.0514222e-003
 1.0564100e-003
 1.0604613e-003
 1.0628391e-003
 1.0633600e-003
 1.0623717e-003
 1.0606276e-003
 1.0590876e-003
 1.0586740e-003
 1.0600375e-003
 1.0633713e-003
 1.0683335e-003
 1.0740936e-003
 1.0794693e-003
 1.0831006e-003
 1.0836419e-003
 1.0799094e-003
 1.0709886e-003
 1.0563567e-003
 1.0359692e-003
 1.0102896e-003
 9.8025543e-004
 9.4723131e-004
 9.1289106e-004
 8.7906903e-004
 8.4765197e-004
 8.2041469e-004
 7.9892110e-004
 7.8439392e-004
 7.7759143e-004
 7.7878166e-004
 7.8774180e-004
 8.0378028e-004
 8.2577422e-004
 8.5224217e-004
 8.8140543e-004
 9.1130659e-004
 9.3988248e-004
 9.6511928e-004
 9.8523218e-004
 9.9882332e-004
 1.0050588e-003
 1.0037675e-003
 9.9549349e-004
 9.8142726e-004
 9.6326321e-004
 9.4298430e-004
 9.2260179e-004
 9.0392615e-004
 8.8834652e-004
 8.7672006e-004
 8.6932612e-004
 8.6591870e-004
 8.6585927e-004
 8.6828734e-004
 8.7230676e-004
 8.7714847e-004
 8.8228780e-004
 8.8749162e-004
 8.9281006e-004
 8.9850451e-004
 9.0494758e-004
 9.1251225e-004
 9.2146412e-004
 9.3189423e-004
 9.4367622e-004
 9.5647149e-004
 9.6977066e-004
 9.8294113e-004
 9.9530665e-004
 1.0061996e-003
 1.0150183e-003
 1.0212616e-003
 1.0245381e-003
 1.0245707e-003
 1.0211868e-003
 1.0143091e-003
 1.0039475e-003
 9.9020905e-004
 9.7331638e-004
 9.5363043e-004
 9.3170314e-004
 9.0829469e-004
 8.8441273e-004
 8.6129748e-004
 8.4036629e-004
 8.2313799e-004
 8.1107457e-004
 8.0542604e-004
 8.0704223e-004
 8.1622263e-004
 8.3261664e-004
 8.5522368e-004
 8.8247494e-004
 9.1243151e-004
 9.4306970e-004
 9.7256614e-004
 9.9959539e-004
 1.0235492e-003
 1.0446010e-003
 1.0636619e-003
 1.0821517e-003
 1.1016811e-003
 1.1236808e-003
 1.1490221e-003
 1.1777687e-003
 1.2090317e-003
 1.2410223e-003
 1.2712933e-003
 1.2970945e-003
 1.3158703e-003
 1.3257067e-003
 1.3257260e-003
 1.3163011e-003
 1.2989806e-003
 1.2761998e-003
 1.2508882e-003
 1.2260096e-003
 1.2041285e-003
 1.1871083e-003
 1.1759208e-003
 1.1705686e-003
 1.1701072e-003
 1.1728421e-003
 1.1766567e-003
 1.1794263e-003
 1.1794530e-003
 1.1758369e-003
 1.1686995e-003
 1.1592153e-003
 1.1494416e-003
 1.1419755e-003
 1.1395204e-003
 1.1444236e-003
 1.1582749e-003
 1.1816628e-003
 1.2141884e-003
 1.2545941e-003
 1.3010458e-003
 1.3513947e-003
 1.4034692e-003
 1.4553207e-003
 1.5053243e-003
 1.5522887e-003
 1.5954209e-003
 1.6342957e-003
 1.6687697e-003
 1.6988318e-003
 1.7244939e-003
 1.7456934e-003
 1.7622061e-003
 1.7736510e-003
 1.7795131e-003
 1.7792459e-003
 1.7724053e-003
 1.7588125e-003
 1.7387046e-003
 1.7128718e-003
 1.6827175e-003
 1.6502216e-003
 1.6178428e-003
 1.5882615e-003
 1.5640954e-003
 1.5475269e-003
 1.5399439e-003
 1.5416561e-003
 1.5517150e-003
 1.5679058e-003
 1.5869272e-003
 1.6047657e-003
 1.6171912e-003
 1.6203576e-003
 1.6113890e-003
 1.5888750e-003
 1.5531785e-003
 1.5065324e-003
 1.4528546e-003
 1.3972948e-003
 1.3456593e-003
 1.3036360e-003
 1.2761132e-003
 1.2665334e-003
 1.2764741e-003
 1.3054829e-003
 1.3511936e-003
 1.4096650e-003
 1.4759292e-003
 1.5446664e-003
 1.6107941e-003
 1.6700875e-003
 1.7195200e-003
 1.7574891e-003
 1.7838129e-003
 1.7995086e-003
 1.8064913e-003
 1.8071636e-003
 1.8040267e-003
 1.7993315e-003
 1.7948294e-003
 1.7916332e-003
 1.7901919e-003
 1.7903666e-003
 1.7915725e-003
 1.7929588e-003
 1.7935921e-003
 1.7926181e-003
 1.7893792e-003
 1.7834833e-003
 1.7748248e-003
 1.7635621e-003
 1.7500609e-003
 1.7348377e-003
 1.7184782e-003
 1.7015890e-003
 1.6847447e-003
 1.6684503e-003
 1.6531368e-003
 1.6391383e-003
 1.6267048e-003
 1.6159968e-003
 1.6070850e-003
 1.5999603e-003
 1.5945297e-003
 1.5906205e-003
 1.5879886e-003
 1.5863237e-003
 1.5852600e-003
 1.5843846e-003
 1.5832469e-003
 1.5813699e-003
 1.5782596e-003
 1.5734200e-003
 1.5663774e-003
 1.5567092e-003
 1.5440944e-003
 1.5283528e-003
 1.5095058e-003
 1.4878147e-003
 1.4637959e-003
 1.4382110e-003
 1.4119688e-003
 1.3860570e-003
 1.3614295e-003
 1.3388969e-003
 1.3190593e-003
 1.3022225e-003
 1.2883965e-003
 1.2772658e-003
 1.2681596e-003
 1.2600851e-003
 1.2517968e-003
 1.2419169e-003
 1.2291132e-003
 1.2122918e-003
 1.1908254e-003
 1.1647298e-003
 1.1347350e-003
 1.1022947e-003
 1.0658746e-003
 1.0319665e-003
 1.0029187e-003
 9.8129676e-004
 9.6904673e-004
 9.6704677e-004
 9.7487355e-004
 9.9091872e-004
 1.0127501e-003
 1.0374918e-003
 1.0621422e-003
 1.0837606e-003
 1.0996832e-003
 1.1077960e-003
 1.1068220e-003
 1.0965337e-003
 1.0778055e-003
 1.0525322e-003
 1.0233563e-003
 9.9339255e-004
 9.6596568e-004
 9.4439043e-004
 9.3176420e-004
 9.3063695e-004
 9.4263302e-004
 9.6807367e-004
 1.0058379e-003
 1.0534839e-003
 1.1076330e-003
 1.1643289e-003
 1.2193794e-003
 1.2686347e-003
 1.3082128e-003
 1.3349057e-003
 1.3465827e-003
 1.3425924e-003
 1.3239060e-003
 1.2929649e-003
 1.2532996e-003
 1.2090696e-003
 1.1647359e-003
 1.1247443e-003
 1.0932889e-003
 1.0739373e-003
 1.0691986e-003
 1.0801549e-003
 1.1063028e-003
 1.1457023e-003
 1.1953515e-003
 1.2516390e-003
 1.3106472e-003
 1.3684508e-003
 1.4212888e-003
 1.4658526e-003
 1.4996126e-003
 1.5210574e-003
 1.5298361e-003
 1.5266261e-003
 1.5128744e-003
 1.4904792e-003
 1.4615601e-003
 1.4282747e-003
 1.3927186e-003
 1.3567891e-003
 1.3220281e-003
 1.2895245e-003
 1.2598494e-003
 1.2330973e-003
 1.2090316e-003
 1.1871987e-003
 1.1670580e-003
 1.1480458e-003
 1.1296250e-003
 1.1113592e-003
 1.0929598e-003
 1.0743587e-003
 1.0557243e-003
 1.0374321e-003
 1.0200238e-003
 1.0041259e-003
 9.9041173e-004
 9.7955251e-004
 9.7217469e-004
 9.6881273e-004
 9.6983707e-004
 9.7540015e-004
 9.8540925e-004
 9.9955581e-004
 1.0173663e-003
 1.0382680e-003
 1.0616487e-003
 1.0868683e-003
 1.1132974e-003
 1.1403060e-003
 1.1672806e-003
 1.1936402e-003
 1.2188170e-003
 1.2422784e-003
 1.2635007e-003
 1.2819730e-003
 1.2972042e-003
 1.3087215e-003
 1.3161200e-003
 1.3191151e-003
 1.3176295e-003
 1.3118653e-003
 1.3023348e-003
 1.2898266e-003
 1.2753374e-003
 1.2599860e-003
 1.2449339e-003
 1.2313370e-003
 1.2202581e-003
 1.2125769e-003
 1.2088547e-003
 1.2092219e-003
 1.2133344e-003
 1.2204169e-003
 1.2293806e-003
 1.2389472e-003
 1.2477669e-003
 1.2545041e-003
 1.2579495e-003
 1.2571729e-003
 1.2517089e-003
 1.2417235e-003
 1.2280841e-003
 1.2122918e-003
 1.1963068e-003
 1.1823690e-003
 1.1728186e-003
 1.1699620e-003
 1.1758839e-003
 1.1921958e-003
 1.2197054e-003
 1.2581483e-003
 1.3060521e-003
 1.3608572e-003
 1.4192271e-003
 1.4773364e-003
 1.5311651e-003
 1.5767447e-003
 1.6103694e-003
 1.6289883e-003
 1.6306075e-003
 1.6146938e-003
 1.5823151e-003
 1.5360032e-003
 1.4793411e-003
 1.4165633e-003
 1.3521893e-003
 1.2907367e-003
 1.2365285e-003
 1.1933325e-003
 1.1640427e-003
 1.1503324e-003
 1.1525262e-003
 1.1697370e-003
 1.2001866e-003
 1.2415550e-003
 1.2912629e-003
 1.3466775e-003
 1.4051985e-003
 1.4643874e-003
 1.5221111e-003
 1.5765965e-003
 1.6265273e-003
 1.6709553e-003
 1.7092222e-003
 1.7408580e-003
 1.7654726e-003
 1.7827590e-003
 1.7925005e-003
 1.7946683e-003
 1.7895347e-003
 1.7777811e-003
 1.7605358e-003
 1.7393389e-003
 1.7160313e-003
 1.6926202e-003
 1.6711873e-003
 1.6537647e-003
 1.6422165e-003
 1.6380238e-003
 1.6420314e-003
 1.6542224e-003
 1.6736293e-003
 1.6984190e-003
 1.7261218e-003
 1.7539043e-003
 1.7787670e-003
 1.7977355e-003
 1.8080652e-003
 1.8075025e-003
 1.7946305e-003
 1.7691675e-003
 1.7320926e-003
 1.6855061e-003
 1.6323627e-003
 1.5760893e-003
 1.5203509e-003
 1.4687764e-003
 1.4248118e-003
 1.3913474e-003
 1.3704099e-003
 1.3628536e-003
 1.3682032e-003
 1.3848040e-003
 1.4101352e-003
 1.4411375e-003
 1.4745395e-003
 1.5070559e-003
 1.5355630e-003
 1.5573988e-003
 1.5706347e-003
 1.5743379e-003
 1.5686995e-003
 1.5549102e-003
 1.5348959e-003
 1.5110383e-003
 1.4859026e-003
 1.4620750e-003
 1.4420230e-003
 1.4278690e-003
 1.4211866e-003
 1.4227997e-003
 1.4326918e-003
 1.4501002e-003
 1.4736929e-003
 1.5018185e-003
 1.5326688e-003
 1.5644125e-003
 1.5952601e-003
 1.6236155e-003
 1.6481720e-003
 1.6680030e-003
 1.6826395e-003
 1.6920047e-003
 1.6963090e-003
 1.6959457e-003
 1.6913924e-003
 1.6831573e-003
 1.6717644e-003
 1.6577304e-003
 1.6415623e-003
 1.6237685e-003
 1.6048341e-003
 1.5852330e-003
 1.5654449e-003
 1.5459303e-003
 1.5271456e-003
 1.5095543e-003
 1.4935908e-003
 1.4796639e-003
 1.4681305e-003
 1.4592876e-003
 1.4533489e-003
 1.4504633e-003
 1.4507311e-003
 1.4542191e-003
 1.4609788e-003
 1.4710376e-003
 1.4843957e-003
 1.5009881e-003
 1.5206516e-003
 1.5430677e-003
 1.5677762e-003
 1.5941778e-003
 1.6215510e-003
 1.6491325e-003
 1.6761341e-003
 1.7017542e-003
 1.7252518e-003
 1.7459708e-003
 1.7634117e-003
 1.7772702e-003
 1.7874850e-003
 1.7941988e-003
 1.7977030e-003
 1.7983862e-003
 1.7966783e-003
 1.7930253e-003
 1.7878689e-003
 1.7816321e-003
 1.7747125e-003
 1.7674611e-003
 1.7601841e-003
 1.7531442e-003
 1.7465779e-003
 1.7406977e-003
 1.7357045e-003
 1.7317913e-003
 1.7291260e-003
 1.7278361e-003
 1.7279820e-003
 1.7295302e-003
 1.7323457e-003
 1.7362019e-003
 1.7408015e-003
 1.7458093e-003
 1.7508739e-003
 1.7556403e-003
 1.7597773e-003
 1.7629979e-003
 1.7650883e-003
 1.7659393e-003
 1.7655537e-003
 1.7640378e-003
 1.7615722e-003
 1.7583836e-003
 1.7547188e-003
 1.7508338e-003
 1.7469791e-003
 1.7433929e-003
 1.7402959e-003
 1.7378777e-003
 1.7362975e-003
 1.7356871e-003
 1.7361561e-003
 1.7378003e-003
 1.7407041e-003
 1.7449287e-003
 1.7504895e-003
 1.7573080e-003
 1.7651425e-003
 1.7735420e-003
 1.7818188e-003
 1.7890651e-003
 1.7942220e-003
 1.7961381e-003
 1.7936287e-003
 1.7855390e-003
 1.7708228e-003
 1.7486619e-003
 1.7186451e-003
 1.6808774e-003
 1.6360442e-003
 1.5853940e-003
 1.5305345e-003
 1.4733016e-003
 1.4156769e-003
 1.3596120e-003
 1.3069962e-003
 1.2595297e-003
 1.2186433e-003
 1.1853214e-003
 1.1600994e-003
 1.1431184e-003
 1.1341956e-003
 1.1329724e-003
 1.1389962e-003
 1.1517644e-003
 1.1707376e-003
 1.1952952e-003
 1.2247235e-003
 1.2581619e-003
 1.2945997e-003
 1.3328571e-003
 1.3716749e-003
 1.4097354e-003
 1.4456781e-003
 1.4782043e-003
 1.5061254e-003
 1.5284717e-003
 1.5446919e-003
 1.5547667e-003
 1.5592740e-003
 1.5593285e-003
 1.5564447e-003
 1.5523679e-003
 1.5489432e-003
 1.5479923e-003
 1.5511892e-003
 1.5598707e-003
 1.5748141e-003
 1.5960408e-003
 1.6227127e-003
 1.6532454e-003
 1.6854897e-003
 1.7169736e-003
 1.7450653e-003
 1.7671810e-003
 1.7809346e-003
 1.7843856e-003
 1.7763677e-003
 1.7567393e-003
 1.7265219e-003
 1.6877590e-003
 1.6432600e-003
 1.5962750e-003
 1.5502826e-003
 1.5087231e-003
 1.4748342e-003
 1.4514035e-003
 1.4403936e-003
 1.4426936e-003
 1.4579879e-003
 1.4848763e-003
 1.5211602e-003
 1.5641766e-003
 1.6110144e-003
 1.6587620e-003
 1.7046380e-003
 1.7461458e-003
 1.7813618e-003
 1.8090904e-003
 1.8289288e-003
 1.8412292e-003
 1.8468772e-003
 1.8470793e-003
 1.8431970e-003
 1.8366274e-003
 1.8287185e-003
 1.8206923e-003
 1.8135377e-003
 1.8079340e-003
 1.8042211e-003
 1.8024246e-003
 1.8023429e-003
 1.8036379e-003
 1.8059062e-003
 1.8087266e-003
 1.8116921e-003
 1.8144372e-003
 1.8166739e-003
 1.8182171e-003
 1.8189943e-003
 1.8190379e-003
 1.8184552e-003
 1.8173995e-003
 1.8160453e-003
 1.8145712e-003
 1.8131504e-003
 1.8119354e-003
 1.8110458e-003
 1.8105553e-003
 1.8104881e-003
 1.8108217e-003
 1.8115010e-003
 1.8124501e-003
 1.8135845e-003
 1.8148177e-003
 1.8160664e-003
 1.8172587e-003
 1.8183393e-003
 1.8192779e-003
 1.8200693e-003
 1.8207333e-003
 1.8213071e-003
 1.8218379e-003
 1.8223770e-003
 1.8229745e-003
 1.8236717e-003
 1.8244920e-003
 1.8254282e-003
 1.8264309e-003
 1.8274054e-003
 1.8282153e-003
 1.8286939e-003
 1.8286572e-003
 1.8279176e-003
 1.8262989e-003
 1.8236643e-003
 1.8199554e-003
 1.8152458e-003
 1.8097925e-003
 1.8040485e-003
 1.7986479e-003
 1.7943563e-003
 1.7920205e-003
 1.7925183e-003
 1.7967282e-003
 1.8054886e-003
 1.8195546e-003
 1.8395429e-003
 1.8658602e-003
 1.8987108e-003
 1.9381106e-003
 1.9839013e-003
 2.0358637e-003
 2.0937205e-003
 2.1571696e-003
 2.2257990e-003
 2.2991216e-003
 2.3764581e-003
 2.4568082e-003
 2.5389309e-003
 2.6213205e-003
 2.7022162e-003
 2.7798023e-003
 2.8521975e-003
 2.9175489e-003
 2.9740415e-003
 3.0200952e-003
 3.0544333e-003
 3.0761794e-003
 3.0849529e-003
 3.0807862e-003
 3.0640292e-003
 3.0352203e-003
 2.9949872e-003
 2.9440469e-003
 2.8831568e-003
 2.8132002e-003
 2.7352332e-003
 2.6506258e-003
 2.5609783e-003
 2.4681443e-003
 2.3742337e-003
 2.2814001e-003
 2.1918353e-003
 2.1077632e-003
 2.0312120e-003
 1.9639533e-003
 1.9072810e-003
 1.8618950e-003
 1.8277535e-003
 1.8041931e-003
 1.7901001e-003
 1.7840635e-003
 1.7845469e-003
 1.7899721e-003
 1.7987792e-003
 1.8094791e-003
 1.8207076e-003
 1.8312598e-003
 1.8401247e-003
 1.8464570e-003
 1.8495317e-003
 1.8487058e-003
 1.8433795e-003
 1.8330034e-003
 1.8171094e-003
 1.7953874e-003
 1.7678131e-003
 1.7347136e-003
 1.6968248e-003
 1.6552371e-003
 1.6113380e-003
 1.5666437e-003
 1.5227360e-003
 1.4812257e-003
 1.4436179e-003
 1.4112546e-003
 1.3852202e-003
 1.3661959e-003
 1.3544539e-003
 1.3498866e-003
 1.3521048e-003
 1.3605423e-003
 1.3745530e-003
 1.3934459e-003
 1.4165292e-003
 1.4431146e-003
 1.4724996e-003
 1.5040076e-003
 1.5369725e-003
 1.5707172e-003
 1.6046012e-003
 1.6379874e-003
 1.6702579e-003
 1.7007892e-003
 1.7290147e-003
 1.7544219e-003
 1.7765674e-003
 1.7951394e-003
 1.8099489e-003
 1.8209155e-003
 1.8280623e-003
 1.8314682e-003
 1.8312418e-003
 1.8275041e-003
 1.8203800e-003
 1.8099924e-003
 1.7964750e-003
 1.7806311e-003
 1.7657360e-003
 1.7438310e-003
 1.7202165e-003
 1.6953942e-003
 1.6698722e-003
 1.6441513e-003
 1.6187509e-003
 1.5941723e-003
 1.5709226e-003
 1.5495091e-003
 1.5303871e-003
 1.5135787e-003
 1.4988489e-003
 1.4859647e-003
 1.4746912e-003
 1.4648006e-003
 1.4560574e-003
 1.4482288e-003
 1.4410804e-003
 1.4343827e-003
 1.4279014e-003
 1.4214035e-003
 1.4146549e-003
 1.4074255e-003
 1.3995012e-003
 1.3908528e-003
 1.3815488e-003
 1.3716565e-003
 1.3612506e-003
 1.3503985e-003
 1.3391696e-003
 1.3276313e-003
 1.3158587e-003
 1.3039188e-003
 1.2918811e-003
 1.2798129e-003
 1.2677894e-003
 1.2558775e-003
 1.2441471e-003
 1.2326679e-003
 1.2215067e-003
 1.2107391e-003
 1.2004280e-003
 1.1906070e-003
 1.1812899e-003
 1.1724973e-003
 1.1642427e-003
 1.1565423e-003
 1.1494104e-003
 1.1428664e-003
 1.1369246e-003
 1.1316009e-003
 1.1269113e-003
 1.1228709e-003
 1.1194977e-003
 1.1168068e-003
 1.1148138e-003
 1.1135350e-003
 1.1129865e-003
 1.1131840e-003
 1.1141439e-003
 1.1158824e-003
 1.1184146e-003
 1.1217570e-003
 1.1259185e-003
 1.1308492e-003
 1.1364652e-003
 1.1426858e-003
 1.1494287e-003
 1.1566121e-003
 1.1641557e-003
 1.1719742e-003
 1.1799873e-003
 1.1881131e-003
 1.1962714e-003
 1.2043766e-003
 1.2123486e-003
 1.2201052e-003
 1.2275665e-003
 1.2346470e-003
 1.2412663e-003
 1.2473426e-003
 1.2527939e-003
 1.2575393e-003
 1.2614946e-003
 1.2645790e-003
 1.2667106e-003
 1.2678076e-003
 1.2677875e-003
 1.2665687e-003
 1.2640819e-003
 1.2603629e-003
 1.2555019e-003
 1.2495876e-003
 1.2427088e-003
 1.2349546e-003
 1.2264118e-003
 1.2171739e-003
 1.2073279e-003
 1.1969627e-003
 1.1861650e-003
 1.1750289e-003
 1.1636409e-003
 1.1520900e-003
 1.1404627e-003
 1.1288538e-003
 1.1173491e-003
 1.1060380e-003
 1.0950071e-003
 1.0843503e-003
 1.0741544e-003
 1.0645082e-003
 1.0555012e-003
 1.0472200e-003
 1.0397581e-003
 1.0332023e-003
 1.0276416e-003
 1.0231645e-003
 1.0198617e-003
 1.0178216e-003
 1.0171212e-003
 1.0177460e-003
 1.0196368e-003
 1.0227343e-003
