s07_ASD Record=8447:  error bars to preceding                
 1.6347559e-003
 1.5414034e-003
 1.4468560e-003
 1.3619118e-003
 1.2963022e-003
 1.2552853e-003
 1.2380651e-003
 1.2386093e-003
 1.2480313e-003
 1.2576596e-003
 1.2615889e-003
 1.2577211e-003
 1.2475285e-003
 1.2353454e-003
 1.2270238e-003
 1.2273077e-003
 1.2373128e-003
 1.2540406e-003
 1.2717375e-003
 1.2842037e-003
 1.2872290e-003
 1.2802740e-003
 1.2666045e-003
 1.2520081e-003
 1.2431437e-003
 1.2461552e-003
 1.2649324e-003
 1.2991582e-003
 1.3435985e-003
 1.3896757e-003
 1.4282010e-003
 1.4522095e-003
 1.4579426e-003
 1.4444189e-003
 1.4143103e-003
 1.3739119e-003
 1.3307161e-003
 1.2916748e-003
 1.2623396e-003
 1.2462816e-003
 1.2448359e-003
 1.2570805e-003
 1.2797985e-003
 1.3074079e-003
 1.3321528e-003
 1.3451809e-003
 1.3388257e-003
 1.3094654e-003
 1.2593839e-003
 1.1962012e-003
 1.1298725e-003
 1.0689519e-003
 1.0182339e-003
 9.7893039e-004
 9.5085608e-004
 9.3495176e-004
 9.3423616e-004
 9.5177698e-004
 9.8855887e-004
 1.0426504e-003
 1.1005191e-003
 1.1486710e-003
 1.1833631e-003
 1.2020017e-003
 1.2064970e-003
 1.2061084e-003
 1.2063037e-003
 1.2065613e-003
 1.2033283e-003
 1.1922872e-003
 1.1700555e-003
 1.1349202e-003
 1.0871028e-003
 1.0296754e-003
 9.6958713e-004
 9.1730710e-004
 8.8405597e-004
 8.7723410e-004
 8.9638663e-004
 9.3220372e-004
 9.6983556e-004
 9.9540618e-004
 1.0025043e-003
 9.9491980e-004
 9.8391215e-004
 9.8148861e-004
 9.9350908e-004
 1.0163685e-003
 1.0388411e-003
 1.0479251e-003
 1.0356617e-003
 1.0035903e-003
 9.6269167e-004
 9.2911586e-004
 9.1842649e-004
 9.4126310e-004
 1.0012147e-003
 1.0942821e-003
 1.2089080e-003
 1.3271538e-003
 1.4286607e-003
 1.4978625e-003
 1.5305640e-003
 1.5354620e-003
 1.5294472e-003
 1.5273386e-003
 1.5328664e-003
 1.5388136e-003
 1.5347329e-003
 1.5149955e-003
 1.4812632e-003
 1.4398076e-003
 1.3979698e-003
 1.3617435e-003
 1.3331854e-003
 1.3078259e-003
 1.2756754e-003
 1.2283529e-003
 1.1685627e-003
 1.1132746e-003
 1.0850509e-003
 1.0958371e-003
 1.1364598e-003
 1.1829992e-003
 1.2166555e-003
 1.2390024e-003
 1.2670532e-003
 1.3125605e-003
 1.3665200e-003
 1.4040857e-003
 1.4042900e-003
 1.3659436e-003
 1.3071049e-003
 1.2512064e-003
 1.2127401e-003
 1.1928623e-003
 1.1854256e-003
 1.1856334e-003
 1.1932019e-003
 1.2087420e-003
 1.2294576e-003
 1.2506185e-003
 1.2717071e-003
 1.2986659e-003
 1.3364147e-003
 1.3778518e-003
 1.4032413e-003
 1.3954091e-003
 1.3579291e-003
 1.3164374e-003
 1.2989634e-003
 1.3141984e-003
 1.3487752e-003
 1.3826119e-003
 1.4043759e-003
 1.4160940e-003
 1.4291813e-003
 1.4550263e-003
 1.4923576e-003
 1.5223307e-003
 1.5227214e-003
 1.4919817e-003
 1.4567249e-003
 1.4506517e-003
 1.4846586e-003
 1.5385856e-003
 1.5814815e-003
 1.5969966e-003
 1.5887679e-003
 1.5677278e-003
 1.5424559e-003
 1.5219311e-003
 1.5192439e-003
 1.5450354e-003
 1.5959063e-003
 1.6512272e-003
 1.6836410e-003
 1.6757844e-003
 1.6315138e-003
 1.5749478e-003
 1.5373402e-003
 1.5369762e-003
 1.5648254e-003
 1.5914593e-003
 1.5929051e-003
 1.5672764e-003
 1.5225669e-003
 1.4582032e-003
 1.3727903e-003
 1.2844471e-003
 1.2247378e-003
 1.2093881e-003
 1.2269758e-003
 1.2576641e-003
 1.2912839e-003
 1.3242357e-003
 1.3487216e-003
 1.3520434e-003
 1.3256337e-003
 1.2744853e-003
 1.2196691e-003
 1.1888793e-003
 1.1966504e-003
 1.2287156e-003
 1.2481392e-003
 1.2235811e-003
 1.1580626e-003
 1.0921278e-003
 1.0741664e-003
 1.1192167e-003
 1.1913609e-003
 1.2286872e-003
 1.1938569e-003
 1.1064333e-003
 1.0255438e-003
 9.9943427e-004
 1.0313911e-003
 1.0914649e-003
 1.1555009e-003
 1.2258558e-003
 1.3126966e-003
 1.4080969e-003
 1.4929529e-003
 1.5603770e-003
 1.6134623e-003
 1.6470000e-003
 1.6544029e-003
 1.6504053e-003
 1.6641213e-003
 1.7053545e-003
 1.7525001e-003
 1.7778591e-003
 1.7764290e-003
 1.7661311e-003
 1.7629502e-003
 1.7598879e-003
 1.7323946e-003
 1.6625882e-003
 1.5570695e-003
 1.4467505e-003
 1.3728014e-003
 1.3619569e-003
 1.4004046e-003
 1.4350845e-003
 1.4191362e-003
 1.3619561e-003
 1.3245305e-003
 1.3634310e-003
 1.4788833e-003
 1.6059595e-003
 1.6567380e-003
 1.5899183e-003
 1.4560856e-003
 1.3654790e-003
 1.3895256e-003
 1.4927672e-003
 1.5838981e-003
 1.6168000e-003
 1.6151794e-003
 1.6121481e-003
 1.6080983e-003
 1.5912568e-003
 1.5630835e-003
 1.5291073e-003
 1.4801122e-003
 1.4018965e-003
 1.3153222e-003
 1.2832367e-003
 1.3414528e-003
 1.4506606e-003
 1.5527460e-003
 1.6227765e-003
 1.6363747e-003
 1.5635099e-003
 1.4371972e-003
 1.3640944e-003
 1.4108754e-003
 1.5130443e-003
 1.5416642e-003
 1.4392742e-003
 1.2644456e-003
 1.1410965e-003
 1.1587552e-003
 1.2838094e-003
 1.3918139e-003
 1.4082886e-003
 1.3772827e-003
 1.3866592e-003
 1.4631620e-003
 1.5567804e-003
 1.6081954e-003
 1.6166584e-003
 1.6322448e-003
 1.6848012e-003
 1.7470280e-003
 1.7744421e-003
 1.7567521e-003
 1.7214972e-003
 1.7032688e-003
 1.7160501e-003
 1.7487912e-003
 1.7808839e-003
 1.7989182e-003
 1.8020562e-003
 1.7978803e-003
 1.7953054e-003
 1.7989316e-003
 1.8071439e-003
 1.8147111e-003
 1.8177137e-003
 1.8162415e-003
 1.8132989e-003
 1.8125972e-003
 1.8160724e-003
 1.8188508e-003
 1.8045114e-003
 1.7506616e-003
 1.6432561e-003
 1.4875800e-003
 1.3119899e-003
 1.1580188e-003
 1.0569468e-003
 1.0099650e-003
 9.9294249e-004
 9.7880687e-004
 9.5359207e-004
 9.1917778e-004
 8.9012005e-004
 8.8870781e-004
 9.3375676e-004
 1.0224524e-003
 1.1205119e-003
 1.1792403e-003
 1.1737836e-003
 1.1281499e-003
 1.0972366e-003
 1.1180174e-003
 1.1759182e-003
 1.2190319e-003
 1.2049134e-003
 1.1344141e-003
 1.0446176e-003
 9.7592326e-004
 9.4764365e-004
 9.5862726e-004
 1.0026069e-003
 1.0783074e-003
 1.1832700e-003
 1.2968987e-003
 1.3732644e-003
 1.3634432e-003
 1.2605584e-003
 1.1243970e-003
 1.0401182e-003
 1.0280536e-003
 1.0642034e-003
 1.1349792e-003
 1.2142285e-003
 1.2459797e-003
 1.2037635e-003
 1.1331306e-003
 1.0921557e-003
 1.0843546e-003
 1.0826136e-003
 1.0803216e-003
 1.0913276e-003
 1.1265768e-003
 1.1889571e-003
 1.2736626e-003
 1.3571589e-003
 1.3975725e-003
 1.3670470e-003
 1.2843542e-003
 1.2103246e-003
 1.2068338e-003
 1.2798647e-003
 1.3605737e-003
 1.3637182e-003
 1.2713730e-003
 1.1679439e-003
 1.1759939e-003
 1.3073900e-003
 1.4254765e-003
 1.4366723e-003
 1.4232013e-003
 1.4800188e-003
 1.5482799e-003
 1.5287950e-003
 1.4423518e-003
 1.3758130e-003
 1.3563235e-003
 1.3472114e-003
 1.3261531e-003
 1.3342862e-003
 1.4285174e-003
 1.5517991e-003
 1.5663123e-003
 1.4897126e-003
 1.5722923e-003
 2.1594099e-003
 3.0509424e-003
 3.3791785e-003
 2.7708930e-003
 1.7980980e-003
 1.1233772e-003
 9.5028523e-004
 1.0857942e-003
 1.2500657e-003
 1.3036506e-003
 1.2676578e-003
 1.2052275e-003
 1.1476005e-003
 1.0902182e-003
 1.0253920e-003
 9.7097579e-004
 9.6898654e-004
 1.0498316e-003
 1.1879938e-003
 1.3057106e-003
 1.3324943e-003
 1.2660517e-003
 1.1720848e-003
 1.1208605e-003
 1.1232538e-003
 1.1347129e-003
 1.1101043e-003
 1.0386800e-003
 9.4921235e-004
 8.9152751e-004
 8.9270703e-004
 9.3184336e-004
 9.7947638e-004
 1.0091198e-003
 1.0173015e-003
 1.0097835e-003
 9.9235086e-004
 9.7117847e-004
 9.5494359e-004
 9.5333735e-004
 9.7605831e-004
 1.0317167e-003
 1.1218217e-003
 1.2450070e-003
 1.3999187e-003
 1.5810711e-003
 1.7561050e-003
 1.8817181e-003
 1.9145736e-003
 1.8209303e-003
 1.6307745e-003
 1.3614891e-003
 1.1539826e-003
 1.0255763e-003
 9.8930066e-004
 1.0170488e-003
 1.0789232e-003
 1.1450090e-003
 1.1863993e-003
 1.1964900e-003
 1.1908137e-003
 1.1858555e-003
 1.1981000e-003
 1.2432694e-003
 1.3198560e-003
 1.4094015e-003
 1.4926904e-003
 1.5505465e-003
 1.5645768e-003
 1.5344970e-003
 1.4777615e-003
 1.4125501e-003
 1.3570697e-003
 1.3295010e-003
 1.3401759e-003
 1.3689166e-003
 1.3881540e-003
 1.3703116e-003
 1.2878089e-003
 1.1130940e-003
 8.3656446e-004
 5.1804387e-004
 2.3389712e-004
 6.0620659e-005
 7.4613781e-005
 3.5230198e-004
 9.7009481e-004
 1.9700807e-003
 3.2625669e-003
 4.7270851e-003
 6.2425323e-003
 7.6884958e-003
 8.9438735e-003
 9.8881917e-003
 1.0400469e-002
 1.0399386e-002
 9.9517619e-003
 9.1592576e-003
 8.1238113e-003
 6.9469456e-003
 5.7306900e-003
 4.5766514e-003
 3.5864660e-003
 2.8375261e-003
 2.3151108e-003
 1.9834321e-003
 1.8064976e-003
 1.7484389e-003
 1.7733272e-003
 1.8452471e-003
 1.9283006e-003
 1.9935120e-003
 2.0375848e-003
 2.0631056e-003
 2.0726779e-003
 2.0688979e-003
 2.0543640e-003
 2.0316704e-003
 2.0034197e-003
 1.9722034e-003
 1.9406262e-003
 1.9112780e-003
 1.8867635e-003
 1.8690367e-003
 1.8577467e-003
 1.8520119e-003
 1.8509540e-003
 1.8536940e-003
 1.8593519e-003
 1.8670486e-003
 1.8759061e-003
 1.8850435e-003
 1.8935831e-003
 1.9006443e-003
 1.9053491e-003
 1.9070731e-003
 1.9061057e-003
 1.9029394e-003
 1.8980661e-003
 1.8919796e-003
 1.8851706e-003
 1.8781332e-003
 1.8713579e-003
 1.8653395e-003
 1.8605688e-003
 1.8575384e-003
 1.8565782e-003
 1.8574470e-003
 1.8597769e-003
 1.8632015e-003
 1.8673525e-003
 1.8718641e-003
 1.8763678e-003
 1.8804977e-003
 1.8838854e-003
 1.8861647e-003
 1.8870790e-003
 1.8867598e-003
 1.8854212e-003
 1.8832778e-003
 1.8805434e-003
 1.8774336e-003
 1.8741615e-003
 1.8709427e-003
 1.8679905e-003
 1.8655203e-003
 1.8636679e-003
 1.8623054e-003
 1.8612463e-003
 1.8603057e-003
 1.8592974e-003
 1.8580363e-003
 1.8563365e-003
 1.8540125e-003
 1.8508788e-003
 1.8467493e-003
 1.8415466e-003
 1.8355540e-003
 1.8291326e-003
 1.8226411e-003
 1.8164418e-003
 1.8108932e-003
 1.8063571e-003
 1.8031923e-003
 1.8017602e-003
 1.8022629e-003
 1.8043799e-003
 1.8076802e-003
 1.8117349e-003
 1.8161123e-003
 1.8203839e-003
 1.8241180e-003
 1.8268856e-003
 1.8283556e-003
 1.8285253e-003
 1.8274602e-003
 1.8252254e-003
 1.8218859e-003
 1.8175064e-003
 1.8121528e-003
 1.8058897e-003
 1.7988586e-003
 1.7914544e-003
 1.7841202e-003
 1.7773025e-003
 1.7714440e-003
 1.7669913e-003
 1.7643878e-003
 1.7640786e-003
 1.7663323e-003
 1.7708493e-003
 1.7772173e-003
 1.7845908e-003
 1.7933780e-003
 1.8026767e-003
 1.8120814e-003
 1.8212112e-003
 1.8296705e-003
 1.8370425e-003
 1.8428992e-003
 1.8468299e-003
 1.8485370e-003
 1.8480150e-003
 1.8456606e-003
 1.8421523e-003
 1.8382716e-003
 1.8347584e-003
 1.8321396e-003
 1.8305368e-003
 1.8296047e-003
 1.8286499e-003
 1.8268237e-003
 1.8233091e-003
 1.8175219e-003
 1.8093085e-003
 1.7990173e-003
 1.7873890e-003
 1.7753647e-003
 1.7639269e-003
 1.7539853e-003
 1.7462996e-003
 1.7414570e-003
 1.7398936e-003
 1.7419184e-003
 1.7476695e-003
 1.7569887e-003
 1.7692831e-003
 1.7834874e-003
 1.7981656e-003
 1.8117293e-003
 1.8227197e-003
 1.8301241e-003
 1.8177771e-003
 1.8210139e-003
 1.8231010e-003
 1.8242112e-003
 1.8245521e-003
 1.8243159e-003
 1.8236450e-003
 1.8226163e-003
 1.8212502e-003
 1.8195355e-003
 1.8174738e-003
 1.8151222e-003
 1.8126214e-003
 1.8101945e-003
 1.8081081e-003
 1.8066166e-003
 1.8059086e-003
 1.8060677e-003
 1.8070578e-003
 1.8087374e-003
 1.8108967e-003
 1.8132981e-003
 1.8157189e-003
 1.8179779e-003
 1.8199489e-003
 1.8215638e-003
 1.8228077e-003
 1.8237052e-003
 1.8242989e-003
 1.8246319e-003
 1.8247351e-003
 1.8246274e-003
 1.8243260e-003
 1.8238587e-003
 1.8232717e-003
 1.8226299e-003
 1.8220094e-003
 1.8214819e-003
 1.8210992e-003
 1.8208801e-003
 1.8208028e-003
 1.8208027e-003
 1.8207720e-003
 1.8205571e-003
 1.8199537e-003
 1.8187000e-003
 1.8164794e-003
 1.8129391e-003
 1.8077331e-003
 1.8005979e-003
 1.7914361e-003
 1.7804109e-003
 1.7680035e-003
 1.7550141e-003
 1.7425074e-003
 1.7316670e-003
 1.7236223e-003
 1.7192501e-003
 1.7190138e-003
 1.7228789e-003
 1.7303209e-003
 1.7404226e-003
 1.7520401e-003
 1.7639992e-003
 1.7752571e-003
 1.7850227e-003
 1.7928059e-003
 1.7983913e-003
 1.8017847e-003
 1.8031343e-003
 1.8026724e-003
 1.8006789e-003
 1.7974752e-003
 1.7934276e-003
 1.7889565e-003
 1.7845236e-003
 1.7806008e-003
 1.7776249e-003
 1.7759429e-003
 1.7757693e-003
 1.7771596e-003
 1.7800067e-003
 1.7840497e-003
 1.7888958e-003
 1.7940353e-003
 1.7988593e-003
 1.8026839e-003
 1.8047853e-003
 1.8044735e-003
 1.8011939e-003
 1.7946592e-003
 1.7849716e-003
 1.7727173e-003
 1.7589774e-003
 1.7452330e-003
 1.7331847e-003
 1.7244756e-003
 1.7204140e-003
 1.7217222e-003
 1.7283969e-003
 1.7397016e-003
 1.7543056e-003
 1.7705174e-003
 1.7865788e-003
 1.8009477e-003
 1.8124920e-003
 1.8206061e-003
 1.8251971e-003
 1.8266023e-003
 1.8254479e-003
 1.8224989e-003
 1.8185297e-003
 1.8142360e-003
 1.8101871e-003
 1.8068106e-003
 1.8044021e-003
 1.8031355e-003
 1.8030709e-003
 1.8041547e-003
 1.8062139e-003
 1.8089509e-003
 1.8119522e-003
 1.8147145e-003
 1.8166923e-003
 1.8173689e-003
 1.8163353e-003
 1.8133662e-003
 1.8084717e-003
 1.8019145e-003
 1.7941738e-003
 1.7858740e-003
 1.7776776e-003
 1.7701701e-003
 1.7637769e-003
 1.7587086e-003
 1.7549733e-003
 1.7524293e-003
 1.7508725e-003
 1.7501289e-003
 1.7501219e-003
 1.7508977e-003
 1.7526024e-003
 1.7554213e-003
 1.7594965e-003
 1.7648538e-003
 1.7713587e-003
 1.7787073e-003
 1.7864711e-003
 1.7941596e-003
 1.8013042e-003
 1.8075317e-003
 1.8126019e-003
 1.8164145e-003
 1.8189655e-003
 1.8202781e-003
 1.8203213e-003
 1.8189427e-003
 1.8158447e-003
 1.8106210e-003
 1.8028574e-003
 1.7922762e-003
 1.7789066e-003
 1.7632070e-003
 1.7461319e-003
 1.7290777e-003
 1.7137120e-003
 1.7017361e-003
 1.6945885e-003
 1.6931837e-003
 1.6977455e-003
 1.7077634e-003
 1.7220845e-003
 1.7391207e-003
 1.7571255e-003
 1.7744488e-003
 1.7897657e-003
 1.8021822e-003
 1.8112590e-003
 1.8169379e-003
 1.8194012e-003
 1.8189248e-003
 1.8157437e-003
 1.8099729e-003
 1.8015874e-003
 1.7904789e-003
 1.7765480e-003
 1.7598395e-003
 1.7406598e-003
 1.7196523e-003
 1.6978303e-003
 1.6765130e-003
 1.6571846e-003
 1.6413167e-003
 1.6301270e-003
 1.6243773e-003
 1.6242024e-003
 1.6290375e-003
 1.6376602e-003
 1.6483588e-003
 1.6591987e-003
 1.6683604e-003
 1.6744824e-003
 1.6769234e-003
 1.6759053e-003
 1.6724748e-003
 1.6682927e-003
 1.6652839e-003
 1.6652296e-003
 1.6693838e-003
 1.6782108e-003
 1.6912911e-003
 1.7074276e-003
 1.7248937e-003
 1.7417863e-003
 1.7563900e-003
 1.7674520e-003
 1.7743568e-003
 1.7771306e-003
 1.7763255e-003
 1.7728012e-003
 1.7674738e-003
 1.7610833e-003
 1.7540430e-003
 1.7463912e-003
 1.7378513e-003
 1.7279956e-003
 1.7164403e-003
 1.7030473e-003
 1.6880535e-003
 1.6720943e-003
 1.6561354e-003
 1.6412879e-003
 1.6286118e-003
 1.6189171e-003
 1.6126423e-003
 1.6098417e-003
 1.6102538e-003
 1.6134368e-003
 1.6189032e-003
 1.6262120e-003
 1.6349774e-003
 1.6448072e-003
 1.6552061e-003
 1.6654800e-003
 1.6747237e-003
 1.6818884e-003
 1.6859536e-003
 1.6861492e-003
 1.6821661e-003
 1.6742967e-003
 1.6634581e-003
 1.6510806e-003
 1.6388810e-003
 1.6285937e-003
 1.6216871e-003
 1.6191644e-003
 1.6214502e-003
 1.6283974e-003
 1.6393808e-003
 1.6534622e-003
 1.6695583e-003
 1.6866060e-003
 1.7036904e-003
 1.7201024e-003
 1.7353637e-003
 1.7492076e-003
 1.7615114e-003
 1.7722362e-003
 1.7813379e-003
 1.7887023e-003
 1.7940990e-003
 1.7971615e-003
 1.7974235e-003
 1.7943934e-003
 1.7876779e-003
 1.7771184e-003
 1.7629333e-003
 1.7457977e-003
 1.7268696e-003
 1.7077039e-003
 1.6900676e-003
 1.6757082e-003
 1.6660651e-003
 1.6620402e-003
 1.6638289e-003
 1.6708770e-003
 1.6819580e-003
 1.6953616e-003
 1.7091347e-003
 1.7213476e-003
 1.7303297e-003
 1.7348226e-003
 1.7340671e-003
 1.7278008e-003
 1.7161984e-003
 1.6997675e-003
 1.6792471e-003
 1.6555060e-003
 1.6294563e-003
 1.6020245e-003
 1.5741030e-003
 1.5465611e-003
 1.5202296e-003
 1.4958789e-003
 1.4742179e-003
 1.4558388e-003
 1.4412027e-003
 1.4306050e-003
 1.4241697e-003
 1.4218807e-003
 1.4236233e-003
 1.4292495e-003
 1.4386324e-003
 1.4517021e-003
 1.4684299e-003
 1.4887732e-003
 1.5125907e-003
 1.5395179e-003
 1.5688967e-003
 1.5997092e-003
 1.6306113e-003
 1.6600452e-003
 1.6863851e-003
 1.7081751e-003
 1.7243258e-003
 1.7343102e-003
 1.7382766e-003
 1.7370562e-003
 1.7320730e-003
 1.7251506e-003
 1.7182485e-003
 1.7131686e-003
 1.7112966e-003
 1.7134105e-003
 1.7196053e-003
 1.7293395e-003
 1.7415974e-003
 1.7551127e-003
 1.7686196e-003
 1.7810751e-003
 1.7917857e-003
 1.8004640e-003
 1.8071719e-003
 1.8122122e-003
 1.8159888e-003
 1.8188702e-003
 1.8211025e-003
 1.8227710e-003
 1.8238241e-003
 1.8241387e-003
 1.8236077e-003
 1.8222247e-003
 1.8201421e-003
 1.8176868e-003
 1.8153264e-003
 1.8135958e-003
 1.8129947e-003
 1.8138853e-003
 1.8164092e-003
 1.8204497e-003
 1.8256435e-003
 1.8314484e-003
 1.8372415e-003
 1.8424361e-003
 1.8465895e-003
 1.8494711e-003
 1.8510922e-003
 1.8516850e-003
 1.8516396e-003
 1.8514182e-003
 1.8514619e-003
 1.8521093e-003
 1.8535426e-003
 1.8557666e-003
 1.8586267e-003
 1.8618535e-003
 1.8651292e-003
 1.8681582e-003
 1.8707243e-003
 1.8727303e-003
 1.8742052e-003
 1.8752852e-003
 1.8761730e-003
 1.8770851e-003
 1.8782032e-003
 1.8796358e-003
 1.8814011e-003
 1.8834309e-003
 1.8855921e-003
 1.8877195e-003
 1.8896521e-003
 1.8912603e-003
 1.8924654e-003
 1.8932392e-003
 1.8935926e-003
 1.8935533e-003
 1.8931400e-003
 1.8923446e-003
 1.8911249e-003
 1.8894161e-003
 1.8871548e-003
 1.8843152e-003
 1.8809406e-003
 1.8771670e-003
 1.8732226e-003
 1.8694025e-003
 1.8660255e-003
 1.8633736e-003
 1.8616375e-003
 1.8608738e-003
 1.8609876e-003
 1.8617455e-003
 1.8628137e-003
 1.8638143e-003
 1.8643884e-003
 1.8642517e-003
 1.8632356e-003
 1.8613058e-003
 1.8585586e-003
 1.8551992e-003
 1.8515034e-003
 1.8477777e-003
 1.8443172e-003
 1.8413700e-003
 1.8391181e-003
 1.8376634e-003
 1.8370320e-003
 1.8371830e-003
 1.8380247e-003
 1.8394314e-003
 1.8412600e-003
 1.8433629e-003
 1.8456000e-003
 1.8478486e-003
 1.8500116e-003
 1.8520266e-003
 1.8538699e-003
 1.8555596e-003
 1.8571509e-003
 1.8587231e-003
 1.8603618e-003
 1.8621390e-003
 1.8640929e-003
 1.8662174e-003
 1.8684604e-003
 1.8707357e-003
 1.8729431e-003
 1.8749911e-003
 1.8768173e-003
 1.8783967e-003
 1.8797390e-003
 1.8808739e-003
 1.8818298e-003
 1.8826147e-003
 1.8832056e-003
 1.8835519e-003
 1.8835927e-003
 1.8832814e-003
 1.8826135e-003
 1.8816461e-003
 1.8805022e-003
 1.8793574e-003
 1.8784121e-003
 1.8778511e-003
 1.8778024e-003
 1.8783045e-003
 1.8792886e-003
 1.8805818e-003
 1.8819324e-003
 1.8830525e-003
 1.8836717e-003
 1.8835888e-003
 1.8827131e-003
 1.8810841e-003
 1.8788653e-003
 1.8763146e-003
 1.8737350e-003
 1.8714230e-003
 1.8696242e-003
 1.8685068e-003
 1.8681613e-003
 1.8686207e-003
 1.8698929e-003
 1.8719911e-003
 1.8749523e-003
 1.8788310e-003
 1.8836746e-003
 1.8894812e-003
 1.8961563e-003
 1.9034870e-003
 1.9111306e-003
 1.9186396e-003
 1.9255127e-003
 1.9312541e-003
 1.9354483e-003
 1.9378139e-003
 1.9382453e-003
 1.9368223e-003
 1.9337957e-003
 1.9295459e-003
 1.9245290e-003
 1.9192145e-003
 1.9140248e-003
 1.9092917e-003
 1.9052241e-003
 1.9019041e-003
 1.8992989e-003
 1.8972913e-003
 1.8957254e-003
 1.8944502e-003
 1.8933634e-003
 1.8924376e-003
 1.8917279e-003
 1.8913599e-003
 1.8914965e-003
 1.8922922e-003
 1.8938399e-003
 1.8961255e-003
 1.8989983e-003
 1.9021742e-003
 1.9052816e-003
 1.9079188e-003
 1.9097173e-003
 1.9103877e-003
 1.9097419e-003
 1.9077179e-003
 1.9043974e-003
 1.8999954e-003
 1.8948322e-003
 1.8892850e-003
 1.8837267e-003
 1.8784839e-003
 1.8738046e-003
 1.8698560e-003
 1.8667312e-003
 1.8644659e-003
 1.8630626e-003
 1.8624994e-003
 1.8627315e-003
 1.8636893e-003
 1.8652785e-003
 1.8673819e-003
 1.8698639e-003
 1.8725847e-003
 1.8754137e-003
 1.8782486e-003
 1.8810248e-003
 1.8837202e-003
 1.8863514e-003
 1.8889583e-003
 1.8915862e-003
 1.8942640e-003
 1.8969858e-003
 1.8997027e-003
 1.9023208e-003
 1.9047116e-003
 1.9067243e-003
 1.9082009e-003
 1.9089895e-003
 1.9089513e-003
 1.9079752e-003
 1.9059882e-003
 1.9029636e-003
 1.8989231e-003
 1.8939417e-003
 1.8881457e-003
 1.8817051e-003
 1.8748342e-003
 1.8677783e-003
 1.8608136e-003
 1.8542338e-003
 1.8483315e-003
 1.8433860e-003
 1.8396406e-003
 1.8372900e-003
 1.8364600e-003
 1.8371925e-003
 1.8394350e-003
 1.8430366e-003
 1.8477363e-003
 1.8531583e-003
 1.8588175e-003
 1.8641258e-003
 1.8684168e-003
 1.8709728e-003
 1.8710793e-003
 1.8680888e-003
 1.8614997e-003
 1.8510454e-003
 1.8367720e-003
 1.8191128e-003
 1.7989025e-003
 1.7773669e-003
 1.7560340e-003
 1.7365853e-003
 1.7206842e-003
 1.7097525e-003
 1.7047892e-003
 1.7062156e-003
 1.7138062e-003
 1.7267083e-003
 1.7435608e-003
 1.7626716e-003
 1.7822505e-003
 1.8006503e-003
 1.8165503e-003
 1.8291089e-003
 1.8380043e-003
 1.8434155e-003
 1.8459278e-003
 1.8463893e-003
 1.8457586e-003
 1.8449589e-003
 1.8447618e-003
 1.8457151e-003
 1.8481128e-003
 1.8520013e-003
 1.8572174e-003
 1.8634353e-003
 1.8702272e-003
 1.8771136e-003
 1.8836146e-003
 1.8892931e-003
 1.8937851e-003
 1.8968316e-003
 1.8982929e-003
 1.8981616e-003
 1.8965584e-003
 1.8937197e-003
 1.8899700e-003
 1.8856906e-003
 1.8812792e-003
 1.8771103e-003
 1.8735066e-003
 1.8707127e-003
 1.8688893e-003
 1.8681134e-003
 1.8683913e-003
 1.8696784e-003
 1.8718992e-003
 1.8749683e-003
 1.8788007e-003
 1.8833218e-003
 1.8884635e-003
 1.8941574e-003
 1.9003260e-003
 1.9068655e-003
 1.9136399e-003
 1.9204672e-003
 1.9271170e-003
 1.9333137e-003
 1.9387366e-003
 1.9430367e-003
 1.9458467e-003
 1.9468055e-003
 1.9455901e-003
 1.9419430e-003
 1.9356989e-003
 1.9268162e-003
 1.9154010e-003
 1.9017175e-003
 1.8862009e-003
 1.8694340e-003
 1.8521548e-003
 1.8352193e-003
 1.8195403e-003
 1.8060275e-003
 1.7954996e-003
 1.7885983e-003
 1.7857248e-003
 1.7869952e-003
 1.7922403e-003
 1.8010329e-003
 1.8127550e-003
 1.8266684e-003
 1.8420068e-003
 1.8580373e-003
 1.8741207e-003
 1.8897457e-003
 1.9045160e-003
 1.9181519e-003
 1.9304588e-003
 1.9413154e-003
 1.9506608e-003
 1.9584715e-003
 1.9647614e-003
 1.9695719e-003
 1.9729722e-003
 1.9750560e-003
 1.9759373e-003
 1.9757492e-003
 1.9746420e-003
 1.9727820e-003
 1.9703456e-003
 1.9675146e-003
 1.9644699e-003
 1.9613784e-003
 1.9583872e-003
 1.9556088e-003
 1.9531160e-003
 1.9509349e-003
 1.9490435e-003
 1.9473787e-003
 1.9458437e-003
 1.9443230e-003
 1.9426980e-003
 1.9408620e-003
 1.9387355e-003
 1.9362742e-003
 1.9334760e-003
 1.9303805e-003
 1.9270637e-003
 1.9236333e-003
 1.9202185e-003
 1.9169608e-003
 1.9140084e-003
 1.9115069e-003
 1.9095965e-003
 1.9084067e-003
 1.9080521e-003
 1.9086291e-003
 1.9102112e-003
 1.9128446e-003
 1.9165438e-003
 1.9212895e-003
 1.9270236e-003
 1.9336531e-003
 1.9410459e-003
 1.9490324e-003
 1.9574114e-003
 1.9659433e-003
 1.9743603e-003
 1.9823660e-003
 1.9896452e-003
 1.9958836e-003
 2.0007822e-003
 2.0040916e-003
 2.0056388e-003
 2.0053603e-003
 2.0033277e-003
 1.9997586e-003
 1.9950159e-003
 1.9895793e-003
 1.9840067e-003
 1.9788686e-003
 1.9746844e-003
 1.9718506e-003
 1.9705838e-003
 1.9708860e-003
 1.9725354e-003
 1.9751105e-003
 1.9780439e-003
 1.9806996e-003
 1.9824614e-003
 1.9828239e-003
 1.9814665e-003
 1.9783061e-003
 1.9735121e-003
 1.9674923e-003
 1.9608375e-003
 1.9542500e-003
 1.9484509e-003
 1.9440866e-003
 1.9416554e-003
 1.9414478e-003
 1.9435214e-003
 1.9477069e-003
 1.9536428e-003
 1.9608249e-003
 1.9686688e-003
 1.9765755e-003
 1.9839802e-003
 1.9904007e-003
 1.9954571e-003
 1.9988939e-003
 2.0005889e-003
 2.0005526e-003
 1.9989293e-003
 1.9959954e-003
 1.9921556e-003
 1.9879285e-003
 1.9839150e-003
 1.9807464e-003
 1.9790360e-003
 1.9793182e-003
 1.9819925e-003
 1.9872740e-003
 1.9951647e-003
 2.0054430e-003
 2.0176491e-003
 2.0310709e-003
 2.0447539e-003
 2.0575586e-003
 2.0682509e-003
 2.0756118e-003
 2.0785881e-003
 2.0764410e-003
 2.0688798e-003
 2.0561155e-003
 2.0388633e-003
 2.0199611e-003
 1.9955062e-003
 1.9707996e-003
 1.9474901e-003
 1.9269966e-003
 1.9103053e-003
 1.8978774e-003
 1.8896837e-003
 1.8853457e-003
 1.8843001e-003
 1.8859083e-003
 1.8895206e-003
 1.8945110e-003
 1.9003098e-003
 1.9064278e-003
 1.9124782e-003
 1.9181803e-003
 1.9233408e-003
 1.9278375e-003
 1.9315878e-003
 1.9345320e-003
 1.9366236e-003
 1.9378273e-003
 1.9381292e-003
 1.9375475e-003
 1.9361466e-003
 1.9340417e-003
 1.9313939e-003
 1.9283963e-003
 1.9252627e-003
 1.9222149e-003
 1.9194719e-003
 1.9172431e-003
 1.9157114e-003
 1.9150183e-003
 1.9152489e-003
 1.9164258e-003
 1.9185152e-003
 1.9214414e-003
 1.9251048e-003
 1.9293919e-003
 1.9341875e-003
 1.9393754e-003
 1.9448440e-003
 1.9504918e-003
 1.9562261e-003
 1.9619693e-003
 1.9676536e-003
 1.9732194e-003
 1.9786139e-003
 1.9837841e-003
 1.9886803e-003
 1.9932496e-003
 1.9974364e-003
 2.0011824e-003
 2.0044213e-003
 2.0070809e-003
 2.0090824e-003
 2.0103422e-003
 2.0107750e-003
 2.0102961e-003
 2.0088255e-003
 2.0062984e-003
 2.0026800e-003
 1.9979840e-003
 1.9922934e-003
 1.9857658e-003
 1.9786237e-003
 1.9711426e-003
 1.9636243e-003
 1.9563835e-003
 1.9497308e-003
 1.9439491e-003
 1.9392712e-003
 1.9358376e-003
 1.9336684e-003
 1.9326485e-003
 1.9325408e-003
 1.9330187e-003
 1.9337030e-003
 1.9341926e-003
 1.9340911e-003
 1.9330359e-003
 1.9307410e-003
 1.9270462e-003
 1.9219653e-003
 1.9157033e-003
 1.9086363e-003
 1.9012691e-003
 1.8941819e-003
 1.8879836e-003
 1.8832822e-003
 1.8806396e-003
 1.8805231e-003
 1.8832361e-003
 1.8888623e-003
 1.8972390e-003
 1.9079862e-003
 1.9205582e-003
 1.9343118e-003
 1.9485657e-003
 1.9626284e-003
 1.9758479e-003
 1.9876438e-003
 1.9975684e-003
 2.0053550e-003
 2.0109299e-003
 2.0144014e-003
 2.0160067e-003
 2.0160624e-003
 2.0149217e-003
 2.0129466e-003
 2.0104863e-003
 2.0078565e-003
 2.0053159e-003
 2.0030416e-003
 2.0011254e-003
 1.9995791e-003
 1.9983556e-003
 1.9973738e-003
 1.9965353e-003
 1.9957391e-003
 1.9948876e-003
 1.9938988e-003
 1.9927146e-003
 1.9913106e-003
 1.9896994e-003
 1.9879276e-003
 1.9860654e-003
 1.9841990e-003
 1.9824191e-003
 1.9808179e-003
 1.9794798e-003
 1.9784735e-003
 1.9778411e-003
 1.9775885e-003
 1.9776816e-003
 1.9780505e-003
 1.9785981e-003
 1.9792118e-003
 1.9797732e-003
 1.9801643e-003
 1.9802779e-003
 1.9800290e-003
 1.9793713e-003
 1.9783089e-003
 1.9769033e-003
 1.9752681e-003
 1.9735536e-003
 1.9719333e-003
 1.9705896e-003
 1.9697030e-003
 1.9694411e-003
 1.9699391e-003
 1.9712823e-003
 1.9734839e-003
 1.9764809e-003
 1.9801389e-003
 1.9842729e-003
 1.9886661e-003
 1.9930885e-003
 1.9973116e-003
 2.0011184e-003
 2.0043231e-003
 2.0067929e-003
 2.0084647e-003
 2.0093534e-003
 2.0095445e-003
 2.0091757e-003
 2.0084153e-003
 2.0074458e-003
 2.0064500e-003
 2.0056015e-003
 2.0050493e-003
 2.0049007e-003
 2.0052069e-003
 2.0059573e-003
 2.0070851e-003
 2.0084814e-003
 2.0100139e-003
 2.0115387e-003
 2.0129110e-003
 2.0139951e-003
 2.0146754e-003
 2.0148712e-003
 2.0145485e-003
 2.0137255e-003
 2.0124672e-003
 2.0108742e-003
 2.0090663e-003
 2.0071731e-003
 2.0053254e-003
 2.0036458e-003
 2.0022411e-003
 2.0011882e-003
 2.0005263e-003
 2.0002506e-003
 2.0003179e-003
 2.0006562e-003
 2.0011761e-003
 2.0017812e-003
 2.0023743e-003
 2.0028639e-003
 2.0031738e-003
 2.0032511e-003
 2.0030763e-003
 2.0026660e-003
 2.0020707e-003
 2.0013633e-003
 2.0006332e-003
 1.9999743e-003
 1.9994793e-003
 1.9992329e-003
 1.9992997e-003
 1.9997114e-003
 2.0004539e-003
 2.0014644e-003
 2.0026346e-003
 2.0038234e-003
 2.0048700e-003
 2.0056060e-003
 2.0058660e-003
 2.0054991e-003
 2.0043883e-003
 2.0024707e-003
 1.9997605e-003
 1.9963533e-003
 1.9924196e-003
 1.9881884e-003
 1.9839176e-003
 1.9798812e-003
 1.9763499e-003
 1.9735806e-003
 1.9717882e-003
 1.9711233e-003
 1.9716471e-003
 1.9733231e-003
 1.9760258e-003
 1.9795620e-003
 1.9837022e-003
 1.9881979e-003
 1.9927993e-003
 1.9972629e-003
 2.0013740e-003
 2.0049589e-003
 2.0078998e-003
 2.0101445e-003
 2.0116984e-003
 2.0126074e-003
 2.0129443e-003
 2.0127941e-003
 2.0122454e-003
 2.0113850e-003
 2.0102959e-003
 2.0090502e-003
 2.0077089e-003
 2.0063180e-003
 2.0049103e-003
 2.0035105e-003
 2.0021365e-003
 2.0008043e-003
 1.9995281e-003
 1.9983226e-003
 1.9972010e-003
 1.9961777e-003
 1.9952669e-003
 1.9944827e-003
 1.9938389e-003
 1.9933502e-003
 1.9930301e-003
 1.9928925e-003
 1.9929500e-003
 1.9932133e-003
 1.9936881e-003
 1.9943721e-003
 1.9952520e-003
 1.9963027e-003
 1.9974888e-003
 1.9987661e-003
 2.0000862e-003
 2.0013994e-003
 2.0026546e-003
 2.0038050e-003
 2.0048097e-003
 2.0056372e-003
 2.0062714e-003
 2.0067110e-003
 2.0069694e-003
 2.0070698e-003
 2.0070418e-003
 2.0069182e-003
 2.0067317e-003
 2.0065142e-003
 2.0062935e-003
 2.0060919e-003
 2.0059228e-003
 2.0057913e-003
 2.0056935e-003
 2.0056199e-003
 2.0055571e-003
 2.0054900e-003
 2.0054043e-003
 2.0052856e-003
 2.0051233e-003
 2.0049121e-003
 2.0046527e-003
 2.0043545e-003
 2.0040332e-003
 2.0037093e-003
 2.0034071e-003
 2.0031515e-003
 2.0029678e-003
 2.0028790e-003
 2.0029063e-003
 2.0030634e-003
 2.0033580e-003
 2.0037882e-003
 2.0043447e-003
 2.0050129e-003
 2.0057741e-003
 2.0066085e-003
 2.0074940e-003
 2.0084069e-003
 2.0093201e-003
 2.0101992e-003
 2.0110018e-003
 2.0116768e-003
 2.0121634e-003
 2.0123953e-003
 2.0123026e-003
 2.0118153e-003
 2.0108661e-003
 2.0093983e-003
 2.0073752e-003
 2.0047966e-003
 2.0017081e-003
 1.9982064e-003
 1.9944389e-003
 1.9905842e-003
 1.9868419e-003
 1.9834219e-003
 1.9805292e-003
 1.9783538e-003
 1.9770525e-003
 1.9767259e-003
 1.9773969e-003
 1.9790048e-003
 1.9814102e-003
 1.9844191e-003
 1.9878040e-003
 1.9913197e-003
 1.9947228e-003
 1.9977803e-003
 2.0002832e-003
 2.0020704e-003
 2.0030395e-003
 2.0031563e-003
 2.0024469e-003
 2.0009826e-003
 1.9988604e-003
 1.9961931e-003
 1.9930962e-003
 1.9896871e-003
 1.9860854e-003
 1.9824079e-003
 1.9787711e-003
 1.9752900e-003
 1.9720809e-003
 1.9692567e-003
 1.9669302e-003
 1.9652143e-003
 1.9642154e-003
 1.9640306e-003
 1.9647349e-003
 1.9663672e-003
 1.9689195e-003
 1.9723272e-003
 1.9764795e-003
 1.9812288e-003
 1.9864079e-003
 1.9918359e-003
 1.9973330e-003
 2.0027244e-003
 2.0078423e-003
 2.0125406e-003
 2.0166992e-003
 2.0202228e-003
 2.0230450e-003
 2.0251162e-003
 2.0264003e-003
 2.0268678e-003
 2.0265009e-003
 2.0253016e-003
 2.0233148e-003
 2.0206524e-003
 2.0175197e-003
 2.0142260e-003
 2.0111720e-003
 2.0088269e-003
 2.0077000e-003
 2.0083161e-003
 2.0111920e-003
 2.0168107e-003
 2.0255733e-003
 2.0377545e-003
 2.0534564e-003
 2.0725732e-003
 2.0948343e-003
 2.1198420e-003
 2.1471018e-003
 2.1761002e-003
 2.2063060e-003
 2.2371991e-003
 2.2682550e-003
 2.2990003e-003
 2.3290035e-003
 2.3578571e-003
 2.3852168e-003
 2.4107676e-003
 2.4341962e-003
 2.4552234e-003
 2.4735862e-003
 2.4890748e-003
 2.5015660e-003
 2.5111106e-003
 2.5179768e-003
 2.5226721e-003
 2.5259289e-003
 2.5286404e-003
 2.5317930e-003
 2.5364130e-003
 2.5435188e-003
 2.5540553e-003
 2.5688254e-003
 2.5883820e-003
 2.6129489e-003
 2.6423582e-003
 2.6761235e-003
 2.7135150e-003
 2.7536273e-003
 2.7955165e-003
 2.8382363e-003
 2.8808606e-003
 2.9226160e-003
 2.9629255e-003
 3.0015013e-003
 3.0383395e-003
 3.0737447e-003
 3.1082262e-003
 3.1423923e-003
 3.1769318e-003
 3.2125411e-003
 3.2498571e-003
 3.2894579e-003
 3.3317811e-003
 3.3770397e-003
 3.4252622e-003
 3.4762730e-003
 3.5297673e-003
 3.5853174e-003
 3.6424985e-003
 3.7008908e-003
 3.7600801e-003
 3.8197995e-003
 3.8799613e-003
 3.9406754e-003
 4.0023630e-003
 4.0656710e-003
 4.1314424e-003
 4.2005759e-003
 4.2740609e-003
 4.3528862e-003
 4.4379244e-003
 4.5299688e-003
 4.6295943e-003
 4.7369981e-003
 4.8521105e-003
 4.9745622e-003
 5.1036705e-003
 5.2387025e-003
 5.3788284e-003
 5.5232178e-003
 5.6709070e-003
 5.8209887e-003
 5.9724860e-003
 6.1242180e-003
 6.2750047e-003
 6.4235670e-003
 6.5684477e-003
 6.7082555e-003
 6.8415450e-003
 6.9668950e-003
 7.0828092e-003
 7.1879127e-003
 7.2808722e-003
 7.3603597e-003
 7.4251923e-003
 7.4742446e-003
 7.5064101e-003
 7.5206538e-003
 7.5159478e-003
 7.4913041e-003
 7.4458094e-003
 7.3786965e-003
 7.2894180e-003
 7.1778269e-003
 7.0440788e-003
 6.8886424e-003
 6.7123449e-003
 6.5160575e-003
 6.3007236e-003
 6.0675284e-003
 5.8176620e-003
 5.5526621e-003
 5.2744900e-003
 4.9859732e-003
 4.6904781e-003
 4.3920344e-003
 4.0953732e-003
 3.8052949e-003
 3.5267086e-003
 3.2646540e-003
 3.0236694e-003
 2.8077159e-003
 2.6196365e-003
 2.4609449e-003
 2.3314010e-003
 2.2293294e-003
 2.1520457e-003
 2.0961454e-003
 2.0579435e-003
 2.0337112e-003
 2.0197949e-003
 2.0128395e-003
 2.0099888e-003
 2.0090577e-003
 2.0086106e-003
 2.0078872e-003
 2.0066248e-003
 2.0048576e-003
 2.0027647e-003
 2.0005796e-003
 1.9985377e-003
 1.9968501e-003
 1.9956802e-003
 1.9951218e-003
 1.9951947e-003
 1.9958513e-003
 1.9969919e-003
 1.9984869e-003
 2.0001929e-003
 2.0019619e-003
 2.0036532e-003
 2.0051422e-003
 2.0063324e-003
 2.0071671e-003
 2.0076337e-003
 2.0077575e-003
 2.0075913e-003
 2.0072034e-003
 2.0066686e-003
 2.0060616e-003
 2.0054530e-003
 2.0049019e-003
 2.0044514e-003
 2.0041217e-003
 2.0039091e-003
 2.0037866e-003
 2.0037086e-003
 2.0036194e-003
 2.0034572e-003
 2.0031591e-003
 2.0026634e-003
 2.0019093e-003
 2.0008394e-003
 1.9994609e-003
 1.9980134e-003
 1.9957088e-003
 1.9930585e-003
 1.9901018e-003
 1.9868782e-003
 1.9834272e-003
 1.9797909e-003
 1.9760081e-003
 1.9721184e-003
 1.9681628e-003
 1.9641786e-003
 1.9601965e-003
 1.9562389e-003
 1.9523286e-003
 1.9484877e-003
 1.9447414e-003
 1.9411111e-003
 1.9376202e-003
 1.9342914e-003
 1.9311486e-003
 1.9282144e-003
 1.9255116e-003
 1.9230628e-003
 1.9208923e-003
 1.9190196e-003
 1.9174404e-003
 1.9161373e-003
 1.9150915e-003
 1.9142866e-003
 1.9137041e-003
 1.9133260e-003
 1.9131351e-003
 1.9131131e-003
 1.9132424e-003
 1.9135050e-003
 1.9138837e-003
 1.9143602e-003
 1.9149167e-003
 1.9155357e-003
 1.9161991e-003
 1.9168893e-003
 1.9175885e-003
 1.9182794e-003
 1.9189519e-003
 1.9195980e-003
 1.9202109e-003
 1.9207830e-003
 1.9213072e-003
 1.9217764e-003
 1.9221830e-003
 1.9225196e-003
 1.9227795e-003
 1.9229550e-003
 1.9230389e-003
 1.9230241e-003
 1.9229031e-003
 1.9226685e-003
 1.9223136e-003
 1.9218303e-003
 1.9212121e-003
 1.9204512e-003
 1.9195406e-003
 1.9184728e-003
 1.9172409e-003
 1.9158388e-003
 1.9142736e-003
 1.9125594e-003
 1.9107102e-003
 1.9087396e-003
 1.9066618e-003
 1.9044896e-003
 1.9022383e-003
 1.8999211e-003
 1.8975521e-003
 1.8951442e-003
 1.8927129e-003
 1.8902712e-003
 1.8878328e-003
 1.8854114e-003
 1.8830220e-003
 1.8806775e-003
 1.8783922e-003
 1.8761797e-003
 1.8740535e-003
 1.8720282e-003
 1.8701176e-003
 1.8683355e-003
 1.8666951e-003
 1.8652113e-003
 1.8638977e-003
 1.8627659e-003
 1.8618149e-003
 1.8610370e-003
 1.8604236e-003
 1.8599669e-003
 1.8596586e-003
 1.8594905e-003
 1.8594546e-003
 1.8595430e-003
 1.8597470e-003
 1.8600592e-003
 1.8604710e-003
 1.8609741e-003
 1.8615609e-003
 1.8622230e-003
 1.8629524e-003
 1.8637409e-003
 1.8645802e-003
 1.8654626e-003
 1.8663796e-003
 1.8673231e-003
 1.8682851e-003
 1.8692575e-003
 1.8702324e-003
 1.8712013e-003
 1.8721562e-003
 1.8730888e-003
 1.8739915e-003
 1.8748556e-003
 1.8756732e-003
 1.8764369e-003
 1.8771427e-003
 1.8777887e-003
 1.8783731e-003
