s07_ASD Record=8704:  error bars to preceding                
 1.3226003e-003
 1.2532213e-003
 1.1812556e-003
 1.1198631e-003
 1.0814045e-003
 1.0730221e-003
 1.0939251e-003
 1.1356429e-003
 1.1848378e-003
 1.2277230e-003
 1.2541745e-003
 1.2597379e-003
 1.2455584e-003
 1.2175704e-003
 1.1850492e-003
 1.1571958e-003
 1.1395261e-003
 1.1326610e-003
 1.1334005e-003
 1.1366955e-003
 1.1376030e-003
 1.1327993e-003
 1.1213637e-003
 1.1047940e-003
 1.0865334e-003
 1.0713388e-003
 1.0641734e-003
 1.0685875e-003
 1.0856002e-003
 1.1137435e-003
 1.1493302e-003
 1.1872791e-003
 1.2221873e-003
 1.2488060e-003
 1.2632005e-003
 1.2649825e-003
 1.2572296e-003
 1.2444116e-003
 1.2300179e-003
 1.2148808e-003
 1.1973060e-003
 1.1748748e-003
 1.1466140e-003
 1.1141099e-003
 1.0809564e-003
 1.0509867e-003
 1.0264694e-003
 1.0072869e-003
 9.9146273e-004
 9.7650662e-004
 9.6063782e-004
 9.4322168e-004
 9.2462968e-004
 9.0630719e-004
 8.9135108e-004
 8.8494766e-004
 8.9294009e-004
 9.1737136e-004
 9.5426285e-004
 9.9138531e-004
 1.0061169e-003
 9.9340919e-004
 9.5786504e-004
 9.0479443e-004
 8.4982190e-004
 8.1235042e-004
 7.9819048e-004
 8.0285396e-004
 8.1828568e-004
 8.3586009e-004
 8.4900699e-004
 8.5400871e-004
 8.4948051e-004
 8.3596795e-004
 8.1570802e-004
 7.9196331e-004
 7.6798187e-004
 7.4655417e-004
 7.3090469e-004
 7.2629744e-004
 7.4063340e-004
 7.8248791e-004
 8.5652026e-004
 9.5810869e-004
 1.0704222e-003
 1.1668172e-003
 1.2193794e-003
 1.2109804e-003
 1.1451535e-003
 1.0479726e-003
 9.5937011e-004
 9.1658637e-004
 9.3719648e-004
 1.0103951e-003
 1.1013758e-003
 1.1671644e-003
 1.1777695e-003
 1.1319440e-003
 1.0557724e-003
 9.8431844e-004
 9.4168424e-004
 9.3276758e-004
 9.4850460e-004
 9.7579299e-004
 1.0040228e-003
 1.0264248e-003
 1.0384059e-003
 1.0369556e-003
 1.0221991e-003
 9.9860772e-004
 9.7379409e-004
 9.5541606e-004
 9.4788877e-004
 9.5026160e-004
 9.5630175e-004
 9.5751201e-004
 9.4809273e-004
 9.2862523e-004
 9.0559380e-004
 8.8739133e-004
 8.8022207e-004
 8.8610552e-004
 9.0245786e-004
 9.2234148e-004
 9.3607930e-004
 9.3508424e-004
 9.1683096e-004
 8.8810548e-004
 8.6367602e-004
 8.5934269e-004
 8.8182994e-004
 9.2193717e-004
 9.5784501e-004
 9.6918689e-004
 9.5250038e-004
 9.2473411e-004
 9.1011828e-004
 9.2074764e-004
 9.4740832e-004
 9.6748321e-004
 9.6166687e-004
 9.2567183e-004
 8.7002799e-004
 8.1133784e-004
 7.6330907e-004
 7.3367055e-004
 7.2653749e-004
 7.4464176e-004
 7.8707270e-004
 8.4495108e-004
 9.0202416e-004
 9.4302458e-004
 9.6326921e-004
 9.6976996e-004
 9.7251293e-004
 9.7556150e-004
 9.7670325e-004
 9.7258360e-004
 9.6120912e-004
 9.4175863e-004
 9.1651495e-004
 8.9218380e-004
 8.7440066e-004
 8.6044957e-004
 8.4207323e-004
 8.1731781e-004
 7.9625286e-004
 7.9286919e-004
 8.1346522e-004
 8.5475622e-004
 9.1040309e-004
 9.7380392e-004
 1.0329990e-003
 1.0691837e-003
 1.0683934e-003
 1.0357718e-003
 9.9343131e-004
 9.6237985e-004
 9.4882440e-004
 9.4793725e-004
 9.5672696e-004
 9.8009082e-004
 1.0236796e-003
 1.0803815e-003
 1.1247970e-003
 1.1268487e-003
 1.0778346e-003
 1.0031154e-003
 9.4324822e-004
 9.2018943e-004
 9.2398142e-004
 9.3109853e-004
 9.3022431e-004
 9.2758500e-004
 9.3075278e-004
 9.3388121e-004
 9.2303683e-004
 8.9399953e-004
 8.5962203e-004
 8.3778083e-004
 8.3370495e-004
 8.3514914e-004
 8.2470756e-004
 7.9701887e-004
 7.6469820e-004
 7.4786646e-004
 7.5717759e-004
 7.8575755e-004
 8.1591512e-004
 8.3129504e-004
 8.2299387e-004
 7.9131970e-004
 7.4982742e-004
 7.2514807e-004
 7.4214907e-004
 8.0358807e-004
 8.8631391e-004
 9.5872127e-004
 1.0011713e-003
 1.0114956e-003
 9.9706801e-004
 9.6956501e-004
 9.4968511e-004
 9.6564030e-004
 1.0316505e-003
 1.1281833e-003
 1.2150668e-003
 1.2654078e-003
 1.2801546e-003
 1.2748741e-003
 1.2634679e-003
 1.2511624e-003
 1.2316813e-003
 1.1940199e-003
 1.1432496e-003
 1.1090358e-003
 1.1172309e-003
 1.1570669e-003
 1.1940380e-003
 1.2099573e-003
 1.2102268e-003
 1.1958783e-003
 1.1514107e-003
 1.0668570e-003
 9.6137275e-004
 8.7642035e-004
 8.4254000e-004
 8.5426948e-004
 8.8183291e-004
 9.0921350e-004
 9.5178833e-004
 1.0252991e-003
 1.1051600e-003
 1.1384098e-003
 1.1042588e-003
 1.0396392e-003
 9.8670507e-004
 9.4563729e-004
 8.9777226e-004
 8.4931141e-004
 8.2393544e-004
 8.2322024e-004
 8.2364172e-004
 8.1384683e-004
 8.0963830e-004
 8.2395138e-004
 8.4588170e-004
 8.6248253e-004
 8.8127487e-004
 9.2044438e-004
 9.8649086e-004
 1.0610826e-003
 1.1103301e-003
 1.1160393e-003
 1.0894684e-003
 1.0499556e-003
 1.0089310e-003
 9.7122142e-004
 9.3567063e-004
 9.1036665e-004
 9.2204014e-004
 9.7544392e-004
 1.0207776e-003
 1.0125181e-003
 9.7040966e-004
 9.3958160e-004
 9.3859516e-004
 9.6908101e-004
 1.0310467e-003
 1.1039679e-003
 1.1451785e-003
 1.1307218e-003
 1.0807867e-003
 1.0345344e-003
 1.0148500e-003
 1.0206603e-003
 1.0364964e-003
 1.0433421e-003
 1.0330578e-003
 1.0203717e-003
 1.0311704e-003
 1.0713403e-003
 1.1155178e-003
 1.1320772e-003
 1.1132018e-003
 1.0799011e-003
 1.0626172e-003
 1.0768173e-003
 1.1150077e-003
 1.1588649e-003
 1.1943926e-003
 1.2174431e-003
 1.2326292e-003
 1.2509683e-003
 1.2855335e-003
 1.3407751e-003
 1.3972278e-003
 1.4083287e-003
 1.3229124e-003
 1.1318056e-003
 8.9581514e-004
 7.0706912e-004
 6.2546745e-004
 6.5674767e-004
 7.6649524e-004
 8.9691166e-004
 9.8732265e-004
 1.0046220e-003
 9.6376118e-004
 9.1396272e-004
 9.0057158e-004
 9.3702943e-004
 1.0058272e-003
 1.0765296e-003
 1.1210917e-003
 1.1222755e-003
 1.0805454e-003
 1.0171306e-003
 9.6423400e-004
 9.4473746e-004
 9.5792842e-004
 9.8374218e-004
 9.9896942e-004
 9.9034398e-004
 9.5942704e-004
 9.2433015e-004
 9.1745757e-004
 9.6960727e-004
 1.0826212e-003
 1.2135144e-003
 1.2917777e-003
 1.2634321e-003
 1.1313177e-003
 9.7646489e-004
 9.0589025e-004
 9.3715300e-004
 9.8889694e-004
 9.9273084e-004
 9.7816915e-004
 9.9245436e-004
 1.0208654e-003
 1.0627599e-003
 1.1838883e-003
 1.3862713e-003
 1.5262150e-003
 1.4880358e-003
 1.3517560e-003
 1.2888142e-003
 1.3723207e-003
 1.5381180e-003
 1.6675621e-003
 1.6933578e-003
 1.6415227e-003
 1.5687033e-003
 1.4917646e-003
 1.4004076e-003
 1.3045882e-003
 1.2464531e-003
 1.2678404e-003
 1.3563880e-003
 1.4349398e-003
 1.4340825e-003
 1.3662857e-003
 1.3158571e-003
 1.3651854e-003
 1.5152321e-003
 1.6767103e-003
 1.7648727e-003
 1.7803276e-003
 1.7737609e-003
 1.7750660e-003
 1.7823728e-003
 1.7875328e-003
 1.7893654e-003
 1.7880931e-003
 1.7725686e-003
 1.7229674e-003
 1.6312958e-003
 1.5092002e-003
 1.3918467e-003
 1.3206487e-003
 1.3162144e-003
 1.3526749e-003
 1.3589257e-003
 1.2787975e-003
 1.1237096e-003
 9.6262188e-004
 8.6668355e-004
 8.5187831e-004
 8.7659562e-004
 8.9325226e-004
 8.9127634e-004
 8.9685206e-004
 9.3700166e-004
 1.0056590e-003
 1.0639487e-003
 1.0727139e-003
 1.0238125e-003
 9.4092533e-004
 8.5856975e-004
 8.1101316e-004
 8.2900072e-004
 9.2474162e-004
 1.0621398e-003
 1.1671114e-003
 1.1790851e-003
 1.0877419e-003
 9.3838415e-004
 8.0692815e-004
 7.5316429e-004
 7.4531417e-004
 7.7216659e-004
 8.1287284e-004
 8.5839920e-004
 9.0445421e-004
 9.4676402e-004
 9.8117732e-004
 1.0044633e-003
 1.0137500e-003
 1.0061651e-003
 9.8009757e-004
 9.4222109e-004
 9.0256031e-004
 8.7114680e-004
 8.5643883e-004
 8.5640891e-004
 8.6478418e-004
 8.7528105e-004
 8.8217377e-004
 8.8346790e-004
 8.7726233e-004
 8.6477713e-004
 8.4535073e-004
 8.2260283e-004
 8.0408220e-004
 7.9749862e-004
 8.1056700e-004
 8.5047213e-004
 9.1248431e-004
 9.8001678e-004
 1.0360040e-003
 1.0633535e-003
 1.0458058e-003
 9.8540075e-004
 9.0221106e-004
 8.1710593e-004
 7.5091742e-004
 7.2378945e-004
 7.3983410e-004
 7.8747072e-004
 8.5447374e-004
 9.2859240e-004
 9.9760003e-004
 1.0511875e-003
 1.0864746e-003
 1.1024083e-003
 1.0979233e-003
 1.0719572e-003
 1.0234547e-003
 9.5359428e-004
 8.7224436e-004
 7.9132261e-004
 7.2278373e-004
 6.7854836e-004
 6.7056244e-004
 7.1075291e-004
 8.0657424e-004
 9.4831269e-004
 1.1222283e-003
 1.3145083e-003
 1.5114245e-003
 1.6991588e-003
 1.8639821e-003
 1.9920839e-003
 2.0735571e-003
 2.1129102e-003
 2.1180878e-003
 2.0970230e-003
 2.0576462e-003
 2.0079017e-003
 1.9557190e-003
 1.9090269e-003
 1.8740208e-003
 1.8503517e-003
 1.8361632e-003
 1.8295910e-003
 1.8287747e-003
 1.8318528e-003
 1.8369632e-003
 1.8422453e-003
 1.8462053e-003
 1.8487116e-003
 1.8499445e-003
 1.8500850e-003
 1.8493136e-003
 1.8478117e-003
 1.8457596e-003
 1.8433381e-003
 1.8407286e-003
 1.8381116e-003
 1.8356675e-003
 1.8335778e-003
 1.8319780e-003
 1.8308425e-003
 1.8301081e-003
 1.8297118e-003
 1.8295908e-003
 1.8296823e-003
 1.8299230e-003
 1.8302504e-003
 1.8306012e-003
 1.8309129e-003
 1.8311223e-003
 1.8311664e-003
 1.8310016e-003
 1.8306512e-003
 1.8301542e-003
 1.8295492e-003
 1.8288754e-003
 1.8281713e-003
 1.8274757e-003
 1.8268271e-003
 1.8262649e-003
 1.8258275e-003
 1.8255537e-003
 1.8254588e-003
 1.8254759e-003
 1.8255194e-003
 1.8255042e-003
 1.8253451e-003
 1.8249569e-003
 1.8242541e-003
 1.8231515e-003
 1.8215640e-003
 1.8194063e-003
 1.8166427e-003
 1.8134083e-003
 1.8098750e-003
 1.8062162e-003
 1.8026031e-003
 1.7992093e-003
 1.7962058e-003
 1.7937662e-003
 1.7920621e-003
 1.7912663e-003
 1.7914847e-003
 1.7925984e-003
 1.7944403e-003
 1.7968430e-003
 1.7996392e-003
 1.8026615e-003
 1.8057424e-003
 1.8087156e-003
 1.8114125e-003
 1.8136672e-003
 1.8153504e-003
 1.8164666e-003
 1.8170476e-003
 1.8171251e-003
 1.8167312e-003
 1.8158974e-003
 1.8146557e-003
 1.8130377e-003
 1.8110756e-003
 1.8088311e-003
 1.8064653e-003
 1.8041616e-003
 1.8021018e-003
 1.8004688e-003
 1.7994449e-003
 1.7992128e-003
 1.7999547e-003
 1.8017447e-003
 1.8042986e-003
 1.8072582e-003
 1.8102666e-003
 1.8129650e-003
 1.8149968e-003
 1.8160032e-003
 1.8156272e-003
 1.8136738e-003
 1.8104789e-003
 1.8064870e-003
 1.8021429e-003
 1.7978901e-003
 1.7941736e-003
 1.7914372e-003
 1.7901256e-003
 1.7905129e-003
 1.7923260e-003
 1.7951821e-003
 1.7984827e-003
 1.8021783e-003
 1.8056935e-003
 1.8087495e-003
 1.8112411e-003
 1.8132121e-003
 1.8148017e-003
 1.8161924e-003
 1.8175613e-003
 1.8190033e-003
 1.8204073e-003
 1.8213895e-003
 1.8213704e-003
 1.8197063e-003
 1.8158251e-003
 1.8094422e-003
 1.8008127e-003
 1.7908165e-003
 1.7808018e-003
 1.7723161e-003
 1.7668286e-003
 1.7653904e-003
 1.7682924e-003
 1.7749406e-003
 1.7840544e-003
 1.7940226e-003
 1.8032431e-003
 1.8104357e-003
 1.8148944e-003
 1.8165656e-003
 1.8159185e-003
 1.8137082e-003
 1.8107593e-003
 1.8078021e-003
 1.8053695e-003
 1.8037636e-003
 1.8030915e-003
 1.8033254e-003
 1.8043394e-003
 1.8059082e-003
 1.8053765e-003
 1.8046477e-003
 1.8035101e-003
 1.8018900e-003
 1.7997837e-003
 1.7972724e-003
 1.7945209e-003
 1.7917623e-003
 1.7892749e-003
 1.7873368e-003
 1.7861781e-003
 1.7859323e-003
 1.7866041e-003
 1.7880648e-003
 1.7900890e-003
 1.7924060e-003
 1.7947522e-003
 1.7969168e-003
 1.7987635e-003
 1.8002359e-003
 1.8013435e-003
 1.8021375e-003
 1.8026864e-003
 1.8030567e-003
 1.8032991e-003
 1.8034445e-003
 1.8035044e-003
 1.8034762e-003
 1.8033516e-003
 1.8031253e-003
 1.8027981e-003
 1.8023751e-003
 1.8018597e-003
 1.8012510e-003
 1.8005429e-003
 1.7997307e-003
 1.7988210e-003
 1.7978417e-003
 1.7968492e-003
 1.7959252e-003
 1.7951640e-003
 1.7946527e-003
 1.7944484e-003
 1.7945606e-003
 1.7949448e-003
 1.7955103e-003
 1.7961407e-003
 1.7967210e-003
 1.7971654e-003
 1.7974341e-003
 1.7975384e-003
 1.7975288e-003
 1.7974732e-003
 1.7974306e-003
 1.7974291e-003
 1.7974543e-003
 1.7974512e-003
 1.7973378e-003
 1.7970280e-003
 1.7964542e-003
 1.7955867e-003
 1.7944443e-003
 1.7930954e-003
 1.7916487e-003
 1.7902397e-003
 1.7890129e-003
 1.7881036e-003
 1.7876225e-003
 1.7876421e-003
 1.7881877e-003
 1.7892303e-003
 1.7906881e-003
 1.7924310e-003
 1.7942942e-003
 1.7960978e-003
 1.7976712e-003
 1.7988796e-003
 1.7996446e-003
 1.7999581e-003
 1.7998816e-003
 1.7995337e-003
 1.7990645e-003
 1.7986250e-003
 1.7983360e-003
 1.7982651e-003
 1.7984145e-003
 1.7987230e-003
 1.7990802e-003
 1.7993483e-003
 1.7993869e-003
 1.7990750e-003
 1.7983282e-003
 1.7971080e-003
 1.7954254e-003
 1.7933385e-003
 1.7909489e-003
 1.7883929e-003
 1.7858342e-003
 1.7834521e-003
 1.7814271e-003
 1.7799261e-003
 1.7790840e-003
 1.7789875e-003
 1.7796623e-003
 1.7810666e-003
 1.7830932e-003
 1.7855808e-003
 1.7883314e-003
 1.7911354e-003
 1.7937967e-003
 1.7961543e-003
 1.7981017e-003
 1.7995936e-003
 1.8006467e-003
 1.8013297e-003
 1.8017468e-003
 1.8020171e-003
 1.8022544e-003
 1.8025485e-003
 1.8029552e-003
 1.8034908e-003
 1.8041355e-003
 1.8048408e-003
 1.8055394e-003
 1.8061561e-003
 1.8066155e-003
 1.8068488e-003
 1.8067991e-003
 1.8064253e-003
 1.8057077e-003
 1.8046536e-003
 1.8033012e-003
 1.8017185e-003
 1.7999966e-003
 1.7982284e-003
 1.7964804e-003
 1.7947518e-003
 1.7929297e-003
 1.7907480e-003
 1.7877568e-003
 1.7833101e-003
 1.7765849e-003
 1.7666250e-003
 1.7524277e-003
 1.7330572e-003
 1.7077737e-003
 1.6762021e-003
 1.6384559e-003
 1.5952860e-003
 1.5481487e-003
 1.4991913e-003
 1.4512043e-003
 1.4073857e-003
 1.3710908e-003
 1.3454446e-003
 1.3329386e-003
 1.3350800e-003
 1.3521127e-003
 1.3829112e-003
 1.4250639e-003
 1.4751810e-003
 1.5292974e-003
 1.5834357e-003
 1.6340595e-003
 1.6784832e-003
 1.7151020e-003
 1.7433794e-003
 1.7637160e-003
 1.7771835e-003
 1.7851980e-003
 1.7892460e-003
 1.7906635e-003
 1.7905213e-003
 1.7895928e-003
 1.7883871e-003
 1.7872129e-003
 1.7862477e-003
 1.7855896e-003
 1.7852895e-003
 1.7853640e-003
 1.7857972e-003
 1.7865400e-003
 1.7875134e-003
 1.7886155e-003
 1.7897330e-003
 1.7907544e-003
 1.7915800e-003
 1.7921288e-003
 1.7923429e-003
 1.7921872e-003
 1.7916508e-003
 1.7907450e-003
 1.7895054e-003
 1.7879902e-003
 1.7862807e-003
 1.7844770e-003
 1.7826916e-003
 1.7810414e-003
 1.7796351e-003
 1.7785629e-003
 1.7778848e-003
 1.7776222e-003
 1.7777546e-003
 1.7782205e-003
 1.7789232e-003
 1.7797422e-003
 1.7805478e-003
 1.7812165e-003
 1.7816481e-003
 1.7817784e-003
 1.7815884e-003
 1.7811083e-003
 1.7804151e-003
 1.7796232e-003
 1.7788709e-003
 1.7783032e-003
 1.7780513e-003
 1.7782152e-003
 1.7788466e-003
 1.7799386e-003
 1.7814189e-003
 1.7831516e-003
 1.7849415e-003
 1.7865449e-003
 1.7876818e-003
 1.7880478e-003
 1.7873259e-003
 1.7851967e-003
 1.7813480e-003
 1.7754864e-003
 1.7673580e-003
 1.7567729e-003
 1.7436517e-003
 1.7280784e-003
 1.7103507e-003
 1.6910458e-003
 1.6710303e-003
 1.6514610e-003
 1.6337078e-003
 1.6192173e-003
 1.6093480e-003
 1.6051583e-003
 1.6072204e-003
 1.6154848e-003
 1.6292350e-003
 1.6471386e-003
 1.6674077e-003
 1.6880464e-003
 1.7071086e-003
 1.7229830e-003
 1.7345856e-003
 1.7414906e-003
 1.7439455e-003
 1.7427786e-003
 1.7392287e-003
 1.7347179e-003
 1.7306063e-003
 1.7279676e-003
 1.7274218e-003
 1.7290425e-003
 1.7323579e-003
 1.7364367e-003
 1.7400525e-003
 1.7418892e-003
 1.7407683e-003
 1.7358548e-003
 1.7268145e-003
 1.7138940e-003
 1.6979217e-003
 1.6802150e-003
 1.6624038e-003
 1.6462272e-003
 1.6332812e-003
 1.6248154e-003
 1.6215608e-003
 1.6236452e-003
 1.6305997e-003
 1.6414516e-003
 1.6548819e-003
 1.6694281e-003
 1.6836979e-003
 1.6965324e-003
 1.7071329e-003
 1.7150841e-003
 1.7203136e-003
 1.7229817e-003
 1.7233371e-003
 1.7215873e-003
 1.7178148e-003
 1.7119694e-003
 1.7039296e-003
 1.6936259e-003
 1.6811676e-003
 1.6669278e-003
 1.6515673e-003
 1.6359462e-003
 1.6209881e-003
 1.6074986e-003
 1.5960160e-003
 1.5867562e-003
 1.5796430e-003
 1.5744502e-003
 1.5709816e-003
 1.5692399e-003
 1.5695204e-003
 1.5723853e-003
 1.5785205e-003
 1.5885090e-003
 1.6025925e-003
 1.6204724e-003
 1.6412424e-003
 1.6634332e-003
 1.6852045e-003
 1.7046281e-003
 1.7199749e-003
 1.7299935e-003
 1.7340966e-003
 1.7324267e-003
 1.7258157e-003
 1.7156397e-003
 1.7036068e-003
 1.6915087e-003
 1.6809969e-003
 1.6733806e-003
 1.6695102e-003
 1.6697191e-003
 1.6738493e-003
 1.6813338e-003
 1.6913260e-003
 1.7028413e-003
 1.7148989e-003
 1.7266474e-003
 1.7374390e-003
 1.7468818e-003
 1.7548320e-003
 1.7613634e-003
 1.7667095e-003
 1.7711858e-003
 1.7751203e-003
 1.7787921e-003
 1.7823869e-003
 1.7859815e-003
 1.7895456e-003
 1.7929676e-003
 1.7960926e-003
 1.7987627e-003
 1.8008578e-003
 1.8023225e-003
 1.8031806e-003
 1.8035333e-003
 1.8035403e-003
 1.8033915e-003
 1.8032750e-003
 1.8033455e-003
 1.8037031e-003
 1.8043827e-003
 1.8053566e-003
 1.8065483e-003
 1.8078523e-003
 1.8091555e-003
 1.8103553e-003
 1.8113737e-003
 1.8121623e-003
 1.8127037e-003
 1.8130082e-003
 1.8131093e-003
 1.8130565e-003
 1.8129105e-003
 1.8127364e-003
 1.8125961e-003
 1.8125412e-003
 1.8126053e-003
 1.8127989e-003
 1.8131061e-003
 1.8134883e-003
 1.8138909e-003
 1.8142549e-003
 1.8145305e-003
 1.8146872e-003
 1.8147222e-003
 1.8146602e-003
 1.8145484e-003
 1.8144458e-003
 1.8144109e-003
 1.8144889e-003
 1.8147044e-003
 1.8150574e-003
 1.8155266e-003
 1.8160753e-003
 1.8166607e-003
 1.8172427e-003
 1.8177903e-003
 1.8182845e-003
 1.8187163e-003
 1.8190827e-003
 1.8193792e-003
 1.8195945e-003
 1.8197077e-003
 1.8196896e-003
 1.8195099e-003
 1.8191473e-003
 1.8186015e-003
 1.8179017e-003
 1.8171086e-003
 1.8163089e-003
 1.8156002e-003
 1.8150718e-003
 1.8147845e-003
 1.8147553e-003
 1.8149529e-003
 1.8153043e-003
 1.8157114e-003
 1.8160739e-003
 1.8163107e-003
 1.8163742e-003
 1.8162546e-003
 1.8159716e-003
 1.8155596e-003
 1.8150499e-003
 1.8144567e-003
 1.8137716e-003
 1.8129686e-003
 1.8120175e-003
 1.8109009e-003
 1.8096311e-003
 1.8082594e-003
 1.8068769e-003
 1.8056053e-003
 1.8045782e-003
 1.8039211e-003
 1.8037283e-003
 1.8040471e-003
 1.8048689e-003
 1.8061281e-003
 1.8077118e-003
 1.8094761e-003
 1.8112654e-003
 1.8129339e-003
 1.8143650e-003
 1.8154818e-003
 1.8162546e-003
 1.8166982e-003
 1.8168640e-003
 1.8168264e-003
 1.8166690e-003
 1.8164704e-003
 1.8162932e-003
 1.8161777e-003
 1.8161399e-003
 1.8161746e-003
 1.8162614e-003
 1.8163726e-003
 1.8164811e-003
 1.8165674e-003
 1.8166233e-003
 1.8166540e-003
 1.8166767e-003
 1.8167178e-003
 1.8168091e-003
 1.8169846e-003
 1.8172773e-003
 1.8177165e-003
 1.8183258e-003
 1.8191194e-003
 1.8200992e-003
 1.8212488e-003
 1.8225318e-003
 1.8238892e-003
 1.8252418e-003
 1.8264983e-003
 1.8275658e-003
 1.8283651e-003
 1.8288436e-003
 1.8289866e-003
 1.8288215e-003
 1.8284138e-003
 1.8278565e-003
 1.8272543e-003
 1.8267065e-003
 1.8262924e-003
 1.8260626e-003
 1.8260365e-003
 1.8262083e-003
 1.8265557e-003
 1.8270520e-003
 1.8276767e-003
 1.8284218e-003
 1.8292936e-003
 1.8303077e-003
 1.8314819e-003
 1.8328243e-003
 1.8343228e-003
 1.8359381e-003
 1.8375999e-003
 1.8392116e-003
 1.8406580e-003
 1.8418214e-003
 1.8425973e-003
 1.8429108e-003
 1.8427288e-003
 1.8420668e-003
 1.8409870e-003
 1.8395914e-003
 1.8380075e-003
 1.8363707e-003
 1.8348084e-003
 1.8334255e-003
 1.8322945e-003
 1.8314555e-003
 1.8309186e-003
 1.8306755e-003
 1.8307106e-003
 1.8310113e-003
 1.8315734e-003
 1.8324008e-003
 1.8334972e-003
 1.8348546e-003
 1.8364415e-003
 1.8381927e-003
 1.8400094e-003
 1.8417691e-003
 1.8433349e-003
 1.8445652e-003
 1.8453142e-003
 1.8454220e-003
 1.8447012e-003
 1.8429251e-003
 1.8398106e-003
 1.8350200e-003
 1.8281887e-003
 1.8189854e-003
 1.8072210e-003
 1.7929683e-003
 1.7766983e-003
 1.7593465e-003
 1.7422455e-003
 1.7269552e-003
 1.7150048e-003
 1.7076539e-003
 1.7056786e-003
 1.7092708e-003
 1.7180203e-003
 1.7309530e-003
 1.7466836e-003
 1.7636195e-003
 1.7802148e-003
 1.7951757e-003
 1.8076242e-003
 1.8171734e-003
 1.8238956e-003
 1.8282321e-003
 1.8308359e-003
 1.8324089e-003
 1.8335448e-003
 1.8346183e-003
 1.8357418e-003
 1.8367685e-003
 1.8373341e-003
 1.8369181e-003
 1.8349047e-003
 1.8306684e-003
 1.8236733e-003
 1.8135769e-003
 1.8003205e-003
 1.7842092e-003
 1.7659384e-003
 1.7465493e-003
 1.7273524e-003
 1.7097633e-003
 1.6951398e-003
 1.6845887e-003
 1.6787987e-003
 1.6779876e-003
 1.6819282e-003
 1.6900342e-003
 1.7014761e-003
 1.7153108e-003
 1.7305815e-003
 1.7464099e-003
 1.7620303e-003
 1.7768266e-003
 1.7903509e-003
 1.8023078e-003
 1.8125519e-003
 1.8210555e-003
 1.8278906e-003
 1.8332021e-003
 1.8371760e-003
 1.8400177e-003
 1.8419294e-003
 1.8430892e-003
 1.8436395e-003
 1.8436785e-003
 1.8432622e-003
 1.8424111e-003
 1.8411234e-003
 1.8393910e-003
 1.8372166e-003
 1.8346275e-003
 1.8316834e-003
 1.8284824e-003
 1.8251529e-003
 1.8218493e-003
 1.8187359e-003
 1.8159715e-003
 1.8136960e-003
 1.8120123e-003
 1.8109753e-003
 1.8105782e-003
 1.8107450e-003
 1.8113246e-003
 1.8120926e-003
 1.8127586e-003
 1.8129868e-003
 1.8124265e-003
 1.8107535e-003
 1.8077204e-003
 1.8032047e-003
 1.7972538e-003
 1.7901069e-003
 1.7821979e-003
 1.7741243e-003
 1.7665850e-003
 1.7603041e-003
 1.7559306e-003
 1.7539555e-003
 1.7546378e-003
 1.7579680e-003
 1.7636683e-003
 1.7712361e-003
 1.7800115e-003
 1.7892702e-003
 1.7983223e-003
 1.8065864e-003
 1.8136573e-003
 1.8193267e-003
 1.8235836e-003
 1.8265866e-003
 1.8286132e-003
 1.8300073e-003
 1.8311257e-003
 1.8322925e-003
 1.8337681e-003
 1.8357296e-003
 1.8382644e-003
 1.8413746e-003
 1.8449827e-003
 1.8489489e-003
 1.8530827e-003
 1.8571622e-003
 1.8609547e-003
 1.8642338e-003
 1.8668039e-003
 1.8685154e-003
 1.8692807e-003
 1.8690826e-003
 1.8679693e-003
 1.8660421e-003
 1.8634396e-003
 1.8603201e-003
 1.8568441e-003
 1.8531625e-003
 1.8494060e-003
 1.8456854e-003
 1.8420896e-003
 1.8386889e-003
 1.8355459e-003
 1.8327244e-003
 1.8302994e-003
 1.8283669e-003
 1.8270445e-003
 1.8264693e-003
 1.8267840e-003
 1.8281190e-003
 1.8305697e-003
 1.8341736e-003
 1.8388896e-003
 1.8445906e-003
 1.8510767e-003
 1.8580869e-003
 1.8653300e-003
 1.8725061e-003
 1.8793342e-003
 1.8855756e-003
 1.8910406e-003
 1.8955993e-003
 1.8991802e-003
 1.9017688e-003
 1.9034010e-003
 1.9041518e-003
 1.9041272e-003
 1.9034554e-003
 1.9022789e-003
 1.9007467e-003
 1.8990078e-003
 1.8972036e-003
 1.8954586e-003
 1.8938730e-003
 1.8925131e-003
 1.8914057e-003
 1.8905335e-003
 1.8898369e-003
 1.8892209e-003
 1.8885663e-003
 1.8877471e-003
 1.8866492e-003
 1.8851883e-003
 1.8833274e-003
 1.8810855e-003
 1.8785419e-003
 1.8758306e-003
 1.8731264e-003
 1.8706279e-003
 1.8685351e-003
 1.8670261e-003
 1.8662404e-003
 1.8662644e-003
 1.8671264e-003
 1.8687978e-003
 1.8712033e-003
 1.8742336e-003
 1.8777637e-003
 1.8816679e-003
 1.8858340e-003
 1.8901754e-003
 1.8946304e-003
 1.8991648e-003
 1.9037602e-003
 1.9084043e-003
 1.9130771e-003
 1.9177344e-003
 1.9223002e-003
 1.9266570e-003
 1.9306486e-003
 1.9340912e-003
 1.9367873e-003
 1.9385541e-003
 1.9392489e-003
 1.9387986e-003
 1.9372230e-003
 1.9346476e-003
 1.9313042e-003
 1.9275136e-003
 1.9236571e-003
 1.9201308e-003
 1.9172982e-003
 1.9154393e-003
 1.9147092e-003
 1.9151124e-003
 1.9164956e-003
 1.9185654e-003
 1.9209241e-003
 1.9231259e-003
 1.9247384e-003
 1.9254065e-003
 1.9249049e-003
 1.9231746e-003
 1.9203342e-003
 1.9166690e-003
 1.9125919e-003
 1.9085924e-003
 1.9051706e-003
 1.9027718e-003
 1.9017331e-003
 1.9022421e-003
 1.9043199e-003
 1.9078255e-003
 1.9124831e-003
 1.9179186e-003
 1.9237057e-003
 1.9294161e-003
 1.9346540e-003
 1.9390921e-003
 1.9424857e-003
 1.9446862e-003
 1.9456438e-003
 1.9454031e-003
 1.9440978e-003
 1.9419441e-003
 1.9392333e-003
 1.9363187e-003
 1.9335956e-003
 1.9314701e-003
 1.9303324e-003
 1.9305230e-003
 1.9323026e-003
 1.9358252e-003
 1.9411218e-003
 1.9480964e-003
 1.9565194e-003
 1.9660157e-003
 1.9760684e-003
 1.9860468e-003
 1.9952531e-003
 2.0029752e-003
 2.0085634e-003
 2.0115017e-003
 2.0114777e-003
 2.0084092e-003
 2.0024469e-003
 1.9962233e-003
 1.9849399e-003
 1.9721924e-003
 1.9586189e-003
 1.9448230e-003
 1.9313211e-003
 1.9185272e-003
 1.9067512e-003
 1.8962241e-003
 1.8871388e-003
 1.8796602e-003
 1.8739384e-003
 1.8700946e-003
 1.8681972e-003
 1.8682370e-003
 1.8701069e-003
 1.8735962e-003
 1.8783951e-003
 1.8841217e-003
 1.8903475e-003
 1.8966231e-003
 1.9025024e-003
 1.9075612e-003
 1.9114360e-003
 1.9138618e-003
 1.9147148e-003
 1.9140285e-003
 1.9119781e-003
 1.9088421e-003
 1.9049611e-003
 1.9007033e-003
 1.8964398e-003
 1.8925273e-003
 1.8892823e-003
 1.8869566e-003
 1.8857145e-003
 1.8856217e-003
 1.8866571e-003
 1.8887339e-003
 1.8917276e-003
 1.8954930e-003
 1.8998813e-003
 1.9047436e-003
 1.9099395e-003
 1.9153446e-003
 1.9208528e-003
 1.9263824e-003
 1.9318702e-003
 1.9372678e-003
 1.9425378e-003
 1.9476441e-003
 1.9525539e-003
 1.9572305e-003
 1.9616326e-003
 1.9657114e-003
 1.9694045e-003
 1.9726385e-003
 1.9753266e-003
 1.9773738e-003
 1.9786814e-003
 1.9791487e-003
 1.9786807e-003
 1.9771950e-003
 1.9746392e-003
 1.9710073e-003
 1.9663589e-003
 1.9608256e-003
 1.9546023e-003
 1.9479337e-003
 1.9410893e-003
 1.9343531e-003
 1.9280058e-003
 1.9223072e-003
 1.9174779e-003
 1.9136661e-003
 1.9109265e-003
 1.9092078e-003
 1.9083627e-003
 1.9081748e-003
 1.9083859e-003
 1.9087201e-003
 1.9089035e-003
 1.9086838e-003
 1.9078584e-003
 1.9063080e-003
 1.9040266e-003
 1.9011340e-003
 1.8978625e-003
 1.8945282e-003
 1.8914966e-003
 1.8891526e-003
 1.8878788e-003
 1.8880275e-003
 1.8898854e-003
 1.8936268e-003
 1.8992763e-003
 1.9066894e-003
 1.9155733e-003
 1.9255216e-003
 1.9360613e-003
 1.9466938e-003
 1.9569148e-003
 1.9662511e-003
 1.9742846e-003
 1.9807008e-003
 1.9853245e-003
 1.9881309e-003
 1.9892349e-003
 1.9888519e-003
 1.9872591e-003
 1.9847611e-003
 1.9816691e-003
 1.9782835e-003
 1.9748760e-003
 1.9716700e-003
 1.9688208e-003
 1.9664108e-003
 1.9644557e-003
 1.9629211e-003
 1.9617437e-003
 1.9608457e-003
 1.9601460e-003
 1.9595646e-003
 1.9590298e-003
 1.9584841e-003
 1.9578878e-003
 1.9572224e-003
 1.9564882e-003
 1.9556994e-003
 1.9548780e-003
 1.9540500e-003
 1.9532430e-003
 1.9524833e-003
 1.9517941e-003
 1.9511940e-003
 1.9506947e-003
 1.9503004e-003
 1.9500087e-003
 1.9498121e-003
 1.9497002e-003
 1.9496614e-003
 1.9496845e-003
 1.9497598e-003
 1.9498820e-003
 1.9500528e-003
 1.9502831e-003
 1.9505942e-003
 1.9510171e-003
 1.9515894e-003
 1.9523528e-003
 1.9533504e-003
 1.9546237e-003
 1.9562088e-003
 1.9581309e-003
 1.9603949e-003
 1.9629805e-003
 1.9658392e-003
 1.9688951e-003
 1.9720548e-003
 1.9752125e-003
 1.9782579e-003
 1.9810824e-003
 1.9835841e-003
 1.9856766e-003
 1.9873020e-003
 1.9884375e-003
 1.9891020e-003
 1.9893502e-003
 1.9892647e-003
 1.9889432e-003
 1.9884910e-003
 1.9880137e-003
 1.9876098e-003
 1.9873637e-003
 1.9873339e-003
 1.9875451e-003
 1.9879837e-003
 1.9886023e-003
 1.9893281e-003
 1.9900734e-003
 1.9907437e-003
 1.9912447e-003
 1.9914878e-003
 1.9913986e-003
 1.9909265e-003
 1.9900536e-003
 1.9887965e-003
 1.9872054e-003
 1.9853537e-003
 1.9833285e-003
 1.9812242e-003
 1.9791357e-003
 1.9771529e-003
 1.9753571e-003
 1.9738104e-003
 1.9725538e-003
 1.9716008e-003
 1.9709421e-003
 1.9705517e-003
 1.9703927e-003
 1.9704234e-003
 1.9706015e-003
 1.9708865e-003
 1.9712432e-003
 1.9716455e-003
 1.9720795e-003
 1.9725445e-003
 1.9730523e-003
 1.9736241e-003
 1.9742853e-003
 1.9750644e-003
 1.9759876e-003
 1.9770756e-003
 1.9783375e-003
 1.9797620e-003
 1.9813096e-003
 1.9829115e-003
 1.9844708e-003
 1.9858710e-003
 1.9869828e-003
 1.9876738e-003
 1.9878151e-003
 1.9872920e-003
 1.9860198e-003
 1.9839641e-003
 1.9811608e-003
 1.9777201e-003
 1.9738204e-003
 1.9696937e-003
 1.9655987e-003
 1.9618075e-003
 1.9585895e-003
 1.9561974e-003
 1.9548417e-003
 1.9546640e-003
 1.9557136e-003
 1.9579360e-003
 1.9611849e-003
 1.9652427e-003
 1.9698530e-003
 1.9747405e-003
 1.9796295e-003
 1.9842521e-003
 1.9883746e-003
 1.9918124e-003
 1.9944480e-003
 1.9962417e-003
 1.9972220e-003
 1.9974671e-003
 1.9970865e-003
 1.9962036e-003
 1.9949456e-003
 1.9934373e-003
 1.9917935e-003
 1.9901115e-003
 1.9884680e-003
 1.9869122e-003
 1.9854719e-003
 1.9841581e-003
 1.9829706e-003
 1.9819054e-003
 1.9809566e-003
 1.9801175e-003
 1.9793818e-003
 1.9787448e-003
 1.9782037e-003
 1.9777569e-003
 1.9774046e-003
 1.9771485e-003
 1.9769911e-003
 1.9769340e-003
 1.9769804e-003
 1.9771308e-003
 1.9773853e-003
 1.9777403e-003
 1.9781878e-003
 1.9787159e-003
 1.9793082e-003
 1.9799450e-003
 1.9806055e-003
 1.9812677e-003
 1.9819096e-003
 1.9825110e-003
 1.9830551e-003
 1.9835287e-003
 1.9839271e-003
 1.9842517e-003
 1.9845115e-003
 1.9847204e-003
 1.9848950e-003
 1.9850533e-003
 1.9852135e-003
 1.9853925e-003
 1.9856042e-003
 1.9858577e-003
 1.9861558e-003
 1.9864936e-003
 1.9868601e-003
 1.9872393e-003
 1.9876121e-003
 1.9879590e-003
 1.9882591e-003
 1.9884943e-003
 1.9886482e-003
 1.9887099e-003
 1.9886752e-003
 1.9885467e-003
 1.9883341e-003
 1.9880522e-003
 1.9877178e-003
 1.9873499e-003
 1.9869681e-003
 1.9865909e-003
 1.9862368e-003
 1.9859225e-003
 1.9856628e-003
 1.9854708e-003
 1.9853574e-003
 1.9853320e-003
 1.9854030e-003
 1.9855786e-003
 1.9858645e-003
 1.9862633e-003
 1.9867704e-003
 1.9873686e-003
 1.9880251e-003
 1.9886885e-003
 1.9892913e-003
 1.9897541e-003
 1.9899905e-003
 1.9899120e-003
 1.9894328e-003
 1.9884778e-003
 1.9869925e-003
 1.9849602e-003
 1.9824116e-003
 1.9794321e-003
 1.9761573e-003
 1.9727573e-003
 1.9694234e-003
 1.9663575e-003
 1.9637570e-003
 1.9618061e-003
 1.9606559e-003
 1.9604054e-003
 1.9610787e-003
 1.9626203e-003
 1.9649004e-003
 1.9677363e-003
 1.9709140e-003
 1.9742022e-003
 1.9773715e-003
 1.9802025e-003
 1.9824987e-003
 1.9841087e-003
 1.9849383e-003
 1.9849569e-003
 1.9841921e-003
 1.9827145e-003
 1.9806195e-003
 1.9780169e-003
 1.9750199e-003
 1.9717431e-003
 1.9683037e-003
 1.9648171e-003
 1.9613989e-003
 1.9581644e-003
 1.9552310e-003
 1.9527132e-003
 1.9507264e-003
 1.9493847e-003
 1.9487963e-003
 1.9490580e-003
 1.9502407e-003
 1.9523738e-003
 1.9554312e-003
 1.9593216e-003
 1.9638992e-003
 1.9689766e-003
 1.9743422e-003
 1.9797701e-003
 1.9850393e-003
 1.9899404e-003
 1.9942876e-003
 1.9979449e-003
 2.0008381e-003
 2.0029601e-003
 2.0043689e-003
 2.0051671e-003
 2.0054858e-003
 2.0054686e-003
 2.0052656e-003
 2.0050274e-003
 2.0049049e-003
 2.0050476e-003
 2.0056027e-003
 2.0067159e-003
 2.0085308e-003
 2.0111897e-003
 2.0148347e-003
 2.0196044e-003
 2.0256366e-003
 2.0330641e-003
 2.0420016e-003
 2.0525469e-003
 2.0647706e-003
 2.0787017e-003
 2.0943487e-003
 2.1117004e-003
 2.1307194e-003
 2.1513733e-003
 2.1736207e-003
 2.1974179e-003
 2.2226882e-003
 2.2493480e-003
 2.2772814e-003
 2.3063158e-003
 2.3362653e-003
 2.3669200e-003
 2.3980339e-003
 2.4293778e-003
 2.4607189e-003
 2.4918471e-003
 2.5225617e-003
 2.5527391e-003
 2.5823291e-003
 2.6113410e-003
 2.6398795e-003
 2.6681032e-003
 2.6961828e-003
 2.7243255e-003
 2.7527441e-003
 2.7816317e-003
 2.8111993e-003
 2.8416466e-003
 2.8731744e-003
 2.9059532e-003
 2.9401693e-003
 2.9760054e-003
 3.0136146e-003
 3.0531695e-003
 3.0948322e-003
 3.1387047e-003
 3.1848580e-003
 3.2332507e-003
 3.2837167e-003
 3.3359015e-003
 3.3893492e-003
 3.4435035e-003
 3.4977102e-003
 3.5513316e-003
 3.6037401e-003
 3.6543238e-003
 3.7026224e-003
 3.7483661e-003
 3.7915134e-003
 3.8323437e-003
 3.8713857e-003
 3.9093690e-003
 3.9471122e-003
 3.9855149e-003
 4.0254914e-003
 4.0679183e-003
 4.1136639e-003
 4.1635372e-003
 4.2182282e-003
 4.2783660e-003
 4.3444862e-003
 4.4170781e-003
 4.4965413e-003
 4.5833057e-003
 4.6777958e-003
 4.7803526e-003
 4.8913555e-003
 5.0111478e-003
 5.1399246e-003
 5.2778991e-003
 5.4252334e-003
 5.5819354e-003
 5.7480852e-003
 5.9236893e-003
 6.1087175e-003
 6.3028093e-003
 6.5053389e-003
 6.7150327e-003
 6.9295764e-003
 7.1458188e-003
 7.3597180e-003
 7.5664259e-003
 7.7608661e-003
 7.9377629e-003
 8.0919359e-003
 8.2184197e-003
 8.3130701e-003
 8.3728964e-003
 8.3964728e-003
 8.3841970e-003
 8.3380397e-003
 8.2611907e-003
 8.1575159e-003
 8.0311820e-003
 7.8865122e-003
 7.7275978e-003
 7.5581856e-003
 7.3813437e-003
 7.1994010e-003
 7.0135994e-003
 6.8243099e-003
 6.6314028e-003
 6.4342315e-003
 6.2319739e-003
 6.0239304e-003
 5.8093662e-003
 5.5878600e-003
 5.3593819e-003
 5.1246760e-003
 4.8850002e-003
 4.6422193e-003
 4.3988223e-003
 4.1573877e-003
 3.9206133e-003
 3.6913683e-003
 3.4722413e-003
 3.2656209e-003
 3.0734201e-003
 2.8971015e-003
 2.7373401e-003
 2.5942398e-003
 2.4675699e-003
 2.3567346e-003
 2.2610226e-003
 2.1797288e-003
 2.1120387e-003
 2.0570995e-003
 2.0140193e-003
 1.9817620e-003
 1.9591909e-003
 1.9450632e-003
 1.9380711e-003
 1.9368527e-003
 1.9400389e-003
 1.9462733e-003
 1.9542596e-003
 1.9628261e-003
 1.9709971e-003
 1.9780784e-003
 1.9836773e-003
 1.9876775e-003
 1.9901649e-003
 1.9913523e-003
 1.9915123e-003
 1.9909358e-003
 1.9899101e-003
 1.9886969e-003
 1.9875127e-003
 1.9865108e-003
 1.9857741e-003
 1.9853248e-003
 1.9851394e-003
 1.9851695e-003
 1.9853546e-003
 1.9856305e-003
 1.9859348e-003
 1.9862098e-003
 1.9864063e-003
 1.9864866e-003
 1.9864254e-003
 1.9862084e-003
 1.9858310e-003
 1.9852947e-003
 1.9846035e-003
 1.9837625e-003
 1.9827776e-003
 1.9816537e-003
 1.9803962e-003
 1.9790630e-003
 1.9778917e-003
 1.9761831e-003
 1.9742926e-003
 1.9722010e-003
 1.9698893e-003
 1.9673370e-003
 1.9645265e-003
 1.9614380e-003
 1.9580522e-003
 1.9543499e-003
 1.9503165e-003
 1.9459877e-003
 1.9414233e-003
 1.9366846e-003
 1.9318310e-003
 1.9269261e-003
 1.9220293e-003
 1.9172017e-003
 1.9125033e-003
 1.9079971e-003
 1.9037429e-003
 1.8998018e-003
 1.8962335e-003
 1.8931013e-003
 1.8904587e-003
 1.8883054e-003
 1.8866115e-003
 1.8853458e-003
 1.8844788e-003
 1.8839800e-003
 1.8838184e-003
 1.8839642e-003
 1.8843868e-003
 1.8850554e-003
 1.8859402e-003
 1.8870109e-003
 1.8882359e-003
 1.8895860e-003
 1.8910302e-003
 1.8925384e-003
 1.8940803e-003
 1.8956249e-003
 1.8971439e-003
 1.8986246e-003
 1.9000624e-003
 1.9014527e-003
 1.9027909e-003
 1.9040726e-003
 1.9052938e-003
 1.9064492e-003
 1.9075348e-003
 1.9085461e-003
 1.9094782e-003
 1.9103276e-003
 1.9110888e-003
 1.9117576e-003
 1.9123299e-003
 1.9128008e-003
 1.9131659e-003
 1.9134210e-003
 1.9135609e-003
 1.9135820e-003
 1.9134792e-003
 1.9132483e-003
 1.9128857e-003
 1.9123950e-003
 1.9117844e-003
 1.9110614e-003
 1.9102338e-003
 1.9093094e-003
 1.9082957e-003
 1.9072010e-003
 1.9060327e-003
 1.9047988e-003
 1.9035066e-003
 1.9021645e-003
 1.9007801e-003
 1.8993608e-003
 1.8979145e-003
 1.8964492e-003
 1.8949730e-003
 1.8934930e-003
 1.8920172e-003
 1.8905529e-003
 1.8891089e-003
 1.8876923e-003
 1.8863110e-003
 1.8849726e-003
 1.8836852e-003
 1.8824566e-003
 1.8812936e-003
 1.8801988e-003
 1.8791736e-003
 1.8782178e-003
 1.8773320e-003
 1.8765166e-003
 1.8757719e-003
 1.8750987e-003
 1.8744975e-003
 1.8739684e-003
 1.8735122e-003
 1.8731293e-003
 1.8728198e-003
 1.8725848e-003
 1.8724245e-003
 1.8723391e-003
 1.8723296e-003
 1.8723960e-003
 1.8725389e-003
 1.8727591e-003
 1.8730564e-003
 1.8734317e-003
 1.8738856e-003
 1.8744185e-003
 1.8750305e-003
 1.8757222e-003
 1.8764943e-003
 1.8773475e-003
 1.8782815e-003
 1.8792973e-003
 1.8803936e-003
 1.8815564e-003
 1.8827642e-003
 1.8839967e-003
