s07_ASD Record=7679:  error bars to preceding                
 1.1015810e-003
 9.8821230e-004
 8.5674418e-004
 7.3139212e-004
 6.3629349e-004
 5.8728142e-004
 5.8702851e-004
 6.2548113e-004
 6.8395992e-004
 7.4124004e-004
 7.7938184e-004
 7.8702456e-004
 7.6008314e-004
 7.0156297e-004
 6.2136067e-004
 5.3350010e-004
 4.5146656e-004
 3.8461789e-004
 3.3717946e-004
 3.0886813e-004
 2.9627015e-004
 2.9450786e-004
 2.9872876e-004
 3.0509752e-004
 3.1125607e-004
 3.1654941e-004
 3.2218077e-004
 3.3076928e-004
 3.4508391e-004
 3.6684846e-004
 3.9598852e-004
 4.3048119e-004
 4.6667931e-004
 4.9928710e-004
 5.2138889e-004
 5.2679423e-004
 5.1280670e-004
 4.8142642e-004
 4.3915230e-004
 3.9498814e-004
 3.5757254e-004
 3.3316712e-004
 3.2515230e-004
 3.3456576e-004
 3.6069291e-004
 4.0097334e-004
 4.5031757e-004
 5.0071412e-004
 5.4210878e-004
 5.6501967e-004
 5.6410214e-004
 5.4094964e-004
 5.0433527e-004
 4.6701872e-004
 4.4029471e-004
 4.2937649e-004
 4.3135413e-004
 4.3794420e-004
 4.4156687e-004
 4.3725985e-004
 4.2634390e-004
 4.1362515e-004
 4.0062721e-004
 3.8791032e-004
 3.7519843e-004
 3.6210087e-004
 3.4949873e-004
 3.3899635e-004
 3.3232919e-004
 3.3082091e-004
 3.3473512e-004
 3.4271533e-004
 3.5171432e-004
 3.5751646e-004
 3.5593531e-004
 3.4445975e-004
 3.2358276e-004
 2.9691297e-004
 2.6980875e-004
 2.4725150e-004
 2.3210654e-004
 2.2461351e-004
 2.2308141e-004
 2.2510671e-004
 2.2854630e-004
 2.3194771e-004
 2.3460595e-004
 2.3652115e-004
 2.3830506e-004
 2.4088785e-004
 2.4494791e-004
 2.5029687e-004
 2.5570992e-004
 2.5961368e-004
 2.6154442e-004
 2.6369176e-004
 2.7130864e-004
 2.9055870e-004
 3.2398870e-004
 3.6697290e-004
 4.0876176e-004
 4.3853084e-004
 4.5234855e-004
 4.5651422e-004
 4.6584691e-004
 4.9645500e-004
 5.5603089e-004
 6.3724641e-004
 7.1737141e-004
 7.6642825e-004
 7.6203438e-004
 7.0225046e-004
 6.0691038e-004
 5.0601637e-004
 4.2424945e-004
 3.7277897e-004
 3.5149616e-004
 3.5621476e-004
 3.8393313e-004
 4.3320091e-004
 5.0033774e-004
 5.7425973e-004
 6.3483999e-004
 6.5992394e-004
 6.3932088e-004
 5.8423006e-004
 5.2100630e-004
 4.7272007e-004
 4.4527111e-004
 4.3052383e-004
 4.2136383e-004
 4.2233171e-004
 4.4500962e-004
 4.9275707e-004
 5.5039924e-004
 5.9103320e-004
 5.9576618e-004
 5.6846678e-004
 5.3227443e-004
 5.1321794e-004
 5.2562862e-004
 5.6579779e-004
 6.1253330e-004
 6.3714024e-004
 6.2417251e-004
 5.8822264e-004
 5.6557334e-004
 5.8256346e-004
 6.3072582e-004
 6.7420903e-004
 6.8157277e-004
 6.5093552e-004
 6.0820050e-004
 5.8576348e-004
 6.0150505e-004
 6.4853439e-004
 6.9674489e-004
 7.0800766e-004
 6.6165667e-004
 5.7109358e-004
 4.7308812e-004
 3.9945095e-004
 3.5986101e-004
 3.4711961e-004
 3.4983418e-004
 3.5856065e-004
 3.6756299e-004
 3.7679213e-004
 3.9092358e-004
 4.1340457e-004
 4.4075554e-004
 4.6252940e-004
 4.6682550e-004
 4.4849169e-004
 4.1572712e-004
 3.8871032e-004
 3.8759052e-004
 4.1798686e-004
 4.6659794e-004
 5.1039242e-004
 5.3265109e-004
 5.3772936e-004
 5.5552775e-004
 6.2459090e-004
 7.5638969e-004
 9.1051980e-004
 1.0130485e-003
 1.0104729e-003
 9.1119279e-004
 7.7513693e-004
 6.6185487e-004
 5.8777665e-004
 5.3124747e-004
 4.7164896e-004
 4.1679040e-004
 3.9512001e-004
 4.2756114e-004
 5.0473463e-004
 5.8562116e-004
 6.2257674e-004
 5.9830997e-004
 5.3935708e-004
 4.8624404e-004
 4.5282923e-004
 4.2338303e-004
 3.8420051e-004
 3.4401577e-004
 3.2364699e-004
 3.3636729e-004
 3.7818760e-004
 4.2931139e-004
 4.6838878e-004
 4.9422751e-004
 5.2610051e-004
 5.6883454e-004
 5.8874063e-004
 5.4866000e-004
 4.6190852e-004
 3.8535995e-004
 3.5931455e-004
 3.7501584e-004
 3.9965424e-004
 4.1441410e-004
 4.2903671e-004
 4.7339348e-004
 5.6980539e-004
 6.9715007e-004
 7.8987738e-004
 7.9666264e-004
 7.3694263e-004
 6.7533372e-004
 6.4499641e-004
 6.2200218e-004
 5.7195249e-004
 4.9607561e-004
 4.2557271e-004
 3.8548306e-004
 3.7618904e-004
 3.8875084e-004
 4.2119616e-004
 4.6465447e-004
 4.8860547e-004
 4.6857871e-004
 4.2439240e-004
 4.0303235e-004
 4.2173828e-004
 4.4998369e-004
 4.5207475e-004
 4.3390121e-004
 4.3445226e-004
 4.6762163e-004
 4.9722730e-004
 4.8498652e-004
 4.3819807e-004
 3.9241766e-004
 3.6638256e-004
 3.5763197e-004
 3.6228925e-004
 3.7333358e-004
 3.7331198e-004
 3.5405616e-004
 3.3782094e-004
 3.6191658e-004
 4.4562889e-004
 5.6720577e-004
 6.6110003e-004
 6.6309754e-004
 5.7662837e-004
 4.6508940e-004
 3.7937137e-004
 3.3134260e-004
 3.2196016e-004
 3.4667252e-004
 3.7793504e-004
 3.8377126e-004
 3.7019778e-004
 3.7300066e-004
 4.0010162e-004
 4.1290105e-004
 3.7985534e-004
 3.2227932e-004
 2.8973707e-004
 3.0213344e-004
 3.3856736e-004
 3.8171571e-004
 4.4485182e-004
 5.3812657e-004
 6.1968138e-004
 6.1958173e-004
 5.2811916e-004
 4.2174463e-004
 3.8248999e-004
 4.2145644e-004
 4.8879831e-004
 5.2749040e-004
 5.0973293e-004
 4.4712654e-004
 3.8203810e-004
 3.5883277e-004
 3.8839417e-004
 4.4089500e-004
 4.8129124e-004
 5.1632314e-004
 5.9885182e-004
 7.5783086e-004
 9.1939507e-004
 9.5235207e-004
 8.1852445e-004
 6.2026718e-004
 4.7931619e-004
 4.3454816e-004
 4.6988521e-004
 5.6503189e-004
 6.8505667e-004
 7.6750404e-004
 7.5979088e-004
 6.6487514e-004
 5.3829531e-004
 4.4795935e-004
 4.2284347e-004
 4.2968051e-004
 4.1754718e-004
 3.7980769e-004
 3.5415910e-004
 3.7150196e-004
 4.2135699e-004
 4.6558023e-004
 4.8375834e-004
 5.0368748e-004
 5.7863060e-004
 7.2549767e-004
 8.8530668e-004
 9.5587329e-004
 8.7756774e-004
 6.9198536e-004
 5.1180075e-004
 4.2914355e-004
 4.5002982e-004
 5.0961151e-004
 5.3945003e-004
 5.1775889e-004
 4.6756151e-004
 4.2390940e-004
 4.0845311e-004
 4.2598043e-004
 4.7278882e-004
 5.4302666e-004
 6.2818255e-004
 7.1219058e-004
 7.6917483e-004
 7.7078521e-004
 7.0294290e-004
 5.8323587e-004
 4.7512274e-004
 4.6281694e-004
 5.8239489e-004
 7.8547176e-004
 9.4469008e-004
 9.2913309e-004
 7.3692849e-004
 5.2293437e-004
 4.2689266e-004
 4.2814572e-004
 4.3426256e-004
 4.2011088e-004
 4.1370786e-004
 4.2450870e-004
 4.4201969e-004
 4.5996267e-004
 4.6605899e-004
 4.5131921e-004
 4.7373574e-004
 6.4458209e-004
 9.5686375e-004
 1.2058101e-003
 1.2011400e-003
 9.7761233e-004
 7.1274349e-004
 5.3981302e-004
 4.9407722e-004
 5.5050885e-004
 6.5642560e-004
 7.5130729e-004
 7.9006323e-004
 7.6054188e-004
 6.8301352e-004
 6.0144335e-004
 5.7263667e-004
 6.3529523e-004
 7.5856748e-004
 8.3968043e-004
 7.9882791e-004
 6.7807391e-004
 6.3022558e-004
 7.9324201e-004
 1.1044095e-003
 1.3071391e-003
 1.2330565e-003
 9.2430459e-004
 6.2620477e-004
 5.1614986e-004
 5.1351567e-004
 5.0807709e-004
 4.8443870e-004
 4.5468990e-004
 4.1980122e-004
 3.7076024e-004
 3.1063342e-004
 2.8955875e-004
 3.9946282e-004
 6.9718959e-004
 1.0992570e-003
 1.3921265e-003
 1.3893448e-003
 1.1082389e-003
 7.6598662e-004
 5.9451157e-004
 6.7366817e-004
 9.2608033e-004
 1.2247280e-003
 1.4550352e-003
 1.5252031e-003
 1.3862569e-003
 1.0875741e-003
 7.5956743e-004
 5.2107201e-004
 4.1970646e-004
 4.2600368e-004
 4.6863893e-004
 4.9034524e-004
 4.9804692e-004
 4.9597735e-004
 4.9227721e-004
 4.9101230e-004
 4.9461093e-004
 5.0549890e-004
 5.2552274e-004
 5.5275607e-004
 5.8374961e-004
 6.1505364e-004
 6.4260146e-004
 6.5835030e-004
 6.5264071e-004
 6.1580213e-004
 5.4176967e-004
 4.4820397e-004
 3.6239874e-004
 3.1167292e-004
 3.1819782e-004
 3.6986335e-004
 4.5245502e-004
 5.1254948e-004
 5.3604302e-004
 5.1879656e-004
 4.7771385e-004
 4.3059926e-004
 3.9527539e-004
 3.8892732e-004
 4.1470985e-004
 4.6183440e-004
 5.1893061e-004
 5.7460531e-004
 6.1778637e-004
 6.4402667e-004
 6.5545138e-004
 6.5445417e-004
 6.4343167e-004
 6.2479253e-004
 6.0114631e-004
 5.7531678e-004
 5.5012456e-004
 5.2840193e-004
 5.1297212e-004
 5.0611643e-004
 5.0800625e-004
 5.1829929e-004
 5.3665054e-004
 5.6272157e-004
 5.9616362e-004
 6.3649757e-004
 6.8267196e-004
 7.3352200e-004
 7.8786013e-004
 8.4452366e-004
 9.0232340e-004
 9.6009084e-004
 1.0172997e-003
 1.0758520e-003
 1.1382614e-003
 1.2070118e-003
 1.2846191e-003
 1.3735640e-003
 1.4763670e-003
 1.5955027e-003
 1.7316239e-003
 1.8782550e-003
 2.0273221e-003
 2.1706806e-003
 2.3002559e-003
 2.4079087e-003
 2.4855479e-003
 2.5250686e-003
 2.5213216e-003
 2.4802354e-003
 2.4103269e-003
 2.3200887e-003
 2.2180493e-003
 2.1126932e-003
 2.0125532e-003
 1.9261140e-003
 1.8599542e-003
 1.8134278e-003
 1.7842592e-003
 1.7701550e-003
 1.7688295e-003
 1.7779961e-003
 1.7953699e-003
 1.8186598e-003
 1.8455847e-003
 1.8738512e-003
 1.9011786e-003
 1.9252744e-003
 1.9443536e-003
 1.9584245e-003
 1.9679114e-003
 1.9732327e-003
 1.9748111e-003
 1.9730672e-003
 1.9684217e-003
 1.9612955e-003
 1.9521103e-003
 1.9412854e-003
 1.9292444e-003
 1.9164054e-003
 1.9031401e-003
 1.8896285e-003
 1.8760158e-003
 1.8624399e-003
 1.8490460e-003
 1.8359725e-003
 1.8233639e-003
 1.8113592e-003
 1.8001029e-003
 1.7897347e-003
 1.7803955e-003
 1.7719253e-003
 1.7630906e-003
 1.7524284e-003
 1.7384705e-003
 1.7197547e-003
 1.6948112e-003
 1.6621802e-003
 1.6203886e-003
 1.5679809e-003
 1.5034790e-003
 1.4266012e-003
 1.3410929e-003
 1.2515718e-003
 1.1626886e-003
 1.0790515e-003
 1.0053101e-003
 9.4607635e-004
 9.0599357e-004
 8.8968204e-004
 9.0177468e-004
 9.4476552e-004
 1.0138266e-003
 1.1025942e-003
 1.2046682e-003
 1.3136935e-003
 1.4232646e-003
 1.5270163e-003
 1.6185802e-003
 1.6915556e-003
 1.7395804e-003
 1.7584577e-003
 1.7514061e-003
 1.7231980e-003
 1.6785988e-003
 1.6223905e-003
 1.5593313e-003
 1.4942074e-003
 1.4317757e-003
 1.3768214e-003
 1.3329349e-003
 1.2998029e-003
 1.2763110e-003
 1.2613309e-003
 1.2537434e-003
 1.2524243e-003
 1.2562515e-003
 1.2641030e-003
 1.2749752e-003
 1.2882681e-003
 1.3034568e-003
 1.3200240e-003
 1.3374444e-003
 1.3552009e-003
 1.3727684e-003
 1.3896275e-003
 1.4055403e-003
 1.4211796e-003
 1.4374120e-003
 1.4550968e-003
 1.4751010e-003
 1.4982830e-003
 1.5255115e-003
 1.5576426e-003
 1.5949166e-003
 1.6355258e-003
 1.6772717e-003
 1.7147376e-003
 1.7509327e-003
 1.7814552e-003
 1.8043279e-003
 1.8181177e-003
 1.8216273e-003
 1.8138156e-003
 1.7937231e-003
 1.7605507e-003
 1.7141330e-003
 1.6558610e-003
 1.5892052e-003
 1.5190812e-003
 1.4509276e-003
 1.3899913e-003
 1.3405416e-003
 1.3049784e-003
 1.2835836e-003
 1.2750380e-003
 1.2772079e-003
 1.2876209e-003
 1.3035694e-003
 1.3220389e-003
 1.3396789e-003
 1.3529077e-003
 1.3581859e-003
 1.3525512e-003
 1.3345081e-003
 1.3049361e-003
 1.2673896e-003
 1.2275098e-003
 1.1919322e-003
 1.1670366e-003
 1.1576898e-003
 1.1662458e-003
 1.1922298e-003
 1.2328281e-003
 1.2837935e-003
 1.3402528e-003
 1.3972548e-003
 1.3994470e-003
 1.4203293e-003
 1.4340687e-003
 1.4391684e-003
 1.4348826e-003
 1.4212867e-003
 1.3992675e-003
 1.3704195e-003
 1.3369621e-003
 1.3015020e-003
 1.2667845e-003
 1.2353926e-003
 1.2094720e-003
 1.1905482e-003
 1.1794803e-003
 1.1765175e-003
 1.1813897e-003
 1.1933747e-003
 1.2113359e-003
 1.2337432e-003
 1.2587348e-003
 1.2841764e-003
 1.3078143e-003
 1.3274414e-003
 1.3410863e-003
 1.3472359e-003
 1.3451307e-003
 1.3350244e-003
 1.3183112e-003
 1.2974443e-003
 1.2755115e-003
 1.2556692e-003
 1.2405340e-003
 1.2317157e-003
 1.2295439e-003
 1.2330596e-003
 1.2402589e-003
 1.2485556e-003
 1.2553403e-003
 1.2585223e-003
 1.2569184e-003
 1.2504082e-003
 1.2398495e-003
 1.2267748e-003
 1.2129787e-003
 1.2000545e-003
 1.1890219e-003
 1.1800833e-003
 1.1725740e-003
 1.1651171e-003
 1.1559278e-003
 1.1432307e-003
 1.1256883e-003
 1.1027530e-003
 1.0749018e-003
 1.0436499e-003
 1.0114142e-003
 9.8118244e-004
 9.5607410e-004
 9.3890709e-004
 9.3176420e-004
 9.3571027e-004
 9.5063483e-004
 9.7528799e-004
 1.0074519e-003
 1.0442470e-003
 1.0825223e-003
 1.1192076e-003
 1.1516818e-003
 1.1779820e-003
 1.1969428e-003
 1.2082033e-003
 1.2121003e-003
 1.2095211e-003
 1.2017167e-003
 1.1901318e-003
 1.1762539e-003
 1.1615128e-003
 1.1471877e-003
 1.1343558e-003
 1.1238311e-003
 1.1161112e-003
 1.1113442e-003
 1.1093045e-003
 1.1094144e-003
 1.1108057e-003
 1.1124327e-003
 1.1132212e-003
 1.1122403e-003
 1.1088664e-003
 1.1029170e-003
 1.0947199e-003
 1.0851142e-003
 1.0753610e-003
 1.0669730e-003
 1.0614935e-003
 1.0602336e-003
 1.0640268e-003
 1.0730252e-003
 1.0865912e-003
 1.1032905e-003
 1.1210296e-003
 1.1372890e-003
 1.1494661e-003
 1.1552635e-003
 1.1530538e-003
 1.1421865e-003
 1.1231574e-003
 1.0976141e-003
 1.0681582e-003
 1.0380207e-003
 1.0105785e-003
 9.8889065e-004
 9.7525091e-004
 9.7088533e-004
 9.7584224e-004
 9.8905351e-004
 1.0085757e-003
 1.0319115e-003
 1.0563906e-003
 1.0794774e-003
 1.0990235e-003
 1.1134115e-003
 1.1215806e-003
 1.1230049e-003
 1.1176097e-003
 1.1056908e-003
 1.0878325e-003
 1.0648645e-003
 1.0378113e-003
 1.0078856e-003
 9.7645080e-004
 9.4495929e-004
 9.1490149e-004
 8.8767055e-004
 8.6446112e-004
 8.4612705e-004
 8.3306758e-004
 8.2517671e-004
 8.2183414e-004
 8.2198239e-004
 8.2427624e-004
 8.2728342e-004
 8.2971121e-004
 8.3062338e-004
 8.2960853e-004
 8.2686677e-004
 8.2319311e-004
 8.1985496e-004
 8.1836985e-004
 8.2021690e-004
 8.2652830e-004
 8.3781534e-004
 8.5377519e-004
 8.7323069e-004
 8.9423248e-004
 9.1428304e-004
 9.3071384e-004
 9.4108924e-004
 9.4363157e-004
 9.3755487e-004
 9.2325889e-004
 9.0233190e-004
 8.7737152e-004
 8.5161783e-004
 8.2846149e-004
 8.1095204e-004
 8.0134184e-004
 8.0079853e-004
 8.0933771e-004
 8.2597334e-004
 8.4904453e-004
 8.7663980e-004
 9.0701878e-004
 9.3888183e-004
 9.7151415e-004
 1.0046887e-003
 1.0384633e-003
 1.0729184e-003
 1.1078798e-003
 1.1428037e-003
 1.1767281e-003
 1.2083850e-003
 1.2363826e-003
 1.2593627e-003
 1.2761706e-003
 1.2859144e-003
 1.2879961e-003
 1.2820942e-003
 1.2681496e-003
 1.2463822e-003
 1.2173195e-003
 1.1818653e-003
 1.1412964e-003
 1.0972528e-003
 1.0516143e-003
 1.0062970e-003
 9.6307235e-004
 9.2332088e-004
 8.8792975e-004
 8.5723907e-004
 8.3110674e-004
 8.0909499e-004
 7.9065014e-004
 7.7531737e-004
 7.6286722e-004
 7.5334113e-004
 7.4701576e-004
 7.4427511e-004
 7.4545742e-004
 7.5069343e-004
 7.5979216e-004
 7.7218458e-004
 7.8694889e-004
 8.0291560e-004
 8.1880868e-004
 8.3344028e-004
 8.4587344e-004
 8.5556752e-004
 8.6245860e-004
 8.6695544e-004
 8.6987409e-004
 8.7229896e-004
 8.7540981e-004
 8.8029541e-004
 8.8778097e-004
 8.9830498e-004
 9.1184536e-004
 9.2791830e-004
 9.4564864e-004
 9.6387102e-004
 9.8129455e-004
 9.9664659e-004
 1.0088265e-003
 1.0170228e-003
 1.0207719e-003
 1.0199876e-003
 1.0149309e-003
 1.0061567e-003
 9.9442934e-004
 9.8064472e-004
 9.6574519e-004
 9.5064158e-004
 9.3616633e-004
 9.2301395e-004
 9.1172312e-004
 9.0265501e-004
 8.9599437e-004
 8.9177710e-004
 8.8992342e-004
 8.9029316e-004
 8.9273864e-004
 8.9715421e-004
 9.0350071e-004
 9.1180805e-004
 9.2213682e-004
 9.3451858e-004
 9.4888563e-004
 9.6498628e-004
 9.8234462e-004
 1.0002274e-003
 1.0176729e-003
 1.0335626e-003
 1.0467086e-003
 1.0559831e-003
 1.0604479e-003
 1.0594601e-003
 1.0527632e-003
 1.0405310e-003
 1.0233673e-003
 1.0022441e-003
 9.7841735e-004
 9.5327006e-004
 9.2817371e-004
 9.0431987e-004
 8.8257581e-004
 8.6341437e-004
 8.4687141e-004
 8.3261618e-004
 8.2007039e-004
 8.0858340e-004
 7.9763710e-004
 7.8700209e-004
 7.7684410e-004
 7.6771789e-004
 7.6045684e-004
 7.5598783e-004
 7.5509149e-004
 7.5818843e-004
 7.6518615e-004
 7.7543972e-004
 7.8781979e-004
 8.0088509e-004
 8.1311836e-004
 8.2315563e-004
 8.2999782e-004
 8.3313155e-004
 8.3257852e-004
 8.2885526e-004
 8.2287280e-004
 8.1579341e-004
 8.0887985e-004
 8.0334500e-004
 8.0022222e-004
 8.0027105e-004
 8.0391293e-004
 8.1120839e-004
 8.2187244e-004
 8.3533610e-004
 8.5082575e-004
 8.6748536e-004
 8.8447845e-004
 9.0109132e-004
 9.1680273e-004
 9.3128899e-004
 9.4439869e-004
 9.5608784e-004
 9.6632296e-004
 9.7501470e-004
 9.8196336e-004
 9.8686456e-004
 9.8935806e-004
 9.8910846e-004
 9.8590495e-004
 9.7974821e-004
 9.7090780e-004
 9.5993088e-004
 9.4761979e-004
 9.3495520e-004
 9.2301558e-004
 9.1287232e-004
 9.0548536e-004
 9.0161804e-004
 9.0174959e-004
 9.0601773e-004
 9.1418205e-004
 9.2563743e-004
 9.3946868e-004
 9.5457037e-004
 9.6982013e-004
 9.8425522e-004
 9.9725684e-004
 1.0086406e-003
 1.0186586e-003
 1.0278750e-003
 1.0369258e-003
 1.0462507e-003
 1.0558397e-003
 1.0651115e-003
 1.0729665e-003
 1.0780145e-003
 1.0789519e-003
 1.0749619e-003
 1.0660420e-003
 1.0531332e-003
 1.0380244e-003
 1.0230152e-003
 1.0104646e-003
 1.0023101e-003
 9.9970645e-004
 1.0028792e-003
 1.0111993e-003
 1.0234476e-003
 1.0381726e-003
 1.0540365e-003
 1.0700296e-003
 1.0855378e-003
 1.1002584e-003
 1.1139949e-003
 1.1264626e-003
 1.1371296e-003
 1.1451888e-003
 1.1496587e-003
 1.1495824e-003
 1.1442897e-003
 1.1336387e-003
 1.1181803e-003
 1.0991842e-003
 1.0785358e-003
 1.0584688e-003
 1.0412377e-003
 1.0287409e-003
 1.0222015e-003
 1.0219830e-003
 1.0275579e-003
 1.0376598e-003
 1.0505730e-003
 1.0645041e-003
 1.0779244e-003
 1.0898295e-003
 1.0998488e-003
 1.1081757e-003
 1.1153808e-003
 1.1221325e-003
 1.1289332e-003
 1.1359273e-003
 1.1428252e-003
 1.1489772e-003
 1.1535520e-003
 1.1557939e-003
 1.1552805e-003
 1.1521172e-003
 1.1470156e-003
 1.1412298e-003
 1.1363473e-003
 1.1339759e-003
 1.1354003e-003
 1.1412803e-003
 1.1514751e-003
 1.1650407e-003
 1.1804203e-003
 1.1957602e-003
 1.2093139e-003
 1.2197838e-003
 1.2265582e-003
 1.2297608e-003
 1.2301115e-003
 1.2286596e-003
 1.2264607e-003
 1.2242948e-003
 1.2224979e-003
 1.2209460e-003
 1.2191767e-003
 1.2166031e-003
 1.2127497e-003
 1.2074393e-003
 1.2008848e-003
 1.1936631e-003
 1.1865804e-003
 1.1804801e-003
 1.1760254e-003
 1.1735328e-003
 1.1728810e-003
 1.1735328e-003
 1.1746631e-003
 1.1753711e-003
 1.1749264e-003
 1.1729982e-003
 1.1698052e-003
 1.1661524e-003
 1.1633354e-003
 1.1629303e-003
 1.1665146e-003
 1.1753782e-003
 1.1902800e-003
 1.2113012e-003
 1.2378291e-003
 1.2686229e-003
 1.3020063e-003
 1.3360557e-003
 1.3688270e-003
 1.3985587e-003
 1.4237951e-003
 1.4435179e-003
 1.4571860e-003
 1.4647740e-003
 1.4667604e-003
 1.4640695e-003
 1.4579758e-003
 1.4499570e-003
 1.4415053e-003
 1.4339146e-003
 1.4280911e-003
 1.4243998e-003
 1.4226023e-003
 1.4219009e-003
 1.4210903e-003
 1.4188004e-003
 1.4137919e-003
 1.4052447e-003
 1.3929908e-003
 1.3776196e-003
 1.3604466e-003
 1.3433094e-003
 1.3282222e-003
 1.3169725e-003
 1.3106982e-003
 1.3095908e-003
 1.3127693e-003
 1.3184012e-003
 1.3240490e-003
 1.3271933e-003
 1.3258064e-003
 1.3188599e-003
 1.3066309e-003
 1.2907486e-003
 1.2739418e-003
 1.2595830e-003
 1.2510896e-003
 1.2513322e-003
 1.2621658e-003
 1.2841362e-003
 1.3164269e-003
 1.3569752e-003
 1.4027936e-003
 1.4503254e-003
 1.4958830e-003
 1.5360807e-003
 1.5681685e-003
 1.5903646e-003
 1.6020183e-003
 1.6036844e-003
 1.5970188e-003
 1.5845116e-003
 1.5690649e-003
 1.5534925e-003
 1.5399980e-003
 1.5297584e-003
 1.5227310e-003
 1.5177159e-003
 1.5127185e-003
 1.5055018e-003
 1.4942040e-003
 1.4778685e-003
 1.4567388e-003
 1.4322618e-003
 1.4068057e-003
 1.3830791e-003
 1.3634706e-003
 1.3493948e-003
 1.3409692e-003
 1.3370755e-003
 1.3356487e-003
 1.3341171e-003
 1.3298017e-003
 1.3202882e-003
 1.3038614e-003
 1.2798557e-003
 1.2488751e-003
 1.2127730e-003
 1.1743298e-003
 1.1367700e-003
 1.1031084e-003
 1.0755720e-003
 1.0551126e-003
 1.0412622e-003
 1.0324462e-003
 1.0264869e-003
 1.0212107e-003
 1.0149771e-003
 1.0070358e-003
 9.9768769e-004
 9.8826340e-004
 9.8089816e-004
 9.7815169e-004
 9.8252541e-004
 9.9598162e-004
 1.0195300e-003
 1.0529705e-003
 1.0947749e-003
 1.1422012e-003
 1.1915122e-003
 1.2383921e-003
 1.2785045e-003
 1.3079654e-003
 1.3237963e-003
 1.3241983e-003
 1.3087271e-003
 1.2782359e-003
 1.2347994e-003
 1.1815998e-003
 1.1226487e-003
 1.0623200e-003
 1.0047881e-003
 9.5352659e-004
 9.1083575e-004
 8.7761664e-004
 8.5345114e-004
 8.3687244e-004
 8.2586921e-004
 8.1842020e-004
 8.1296300e-004
 8.0867659e-004
 8.0547552e-004
 8.0380979e-004
 8.0435321e-004
 8.0768688e-004
 8.1404869e-004
 8.2320214e-004
 8.3439366e-004
 8.4643305e-004
 8.5788366e-004
 8.6730224e-004
 8.7351241e-004
 8.7582174e-004
 8.7416806e-004
 8.6913520e-004
 8.6185278e-004
 8.5380184e-004
 8.4656075e-004
 8.4155425e-004
 8.3983003e-004
 8.4192288e-004
 8.4780325e-004
 8.5692923e-004
 8.6836878e-004
 8.8098570e-004
 8.9362264e-004
 9.0527610e-004
 9.1522309e-004
 9.2307059e-004
 9.2875800e-004
 9.3248818e-004
 9.3463412e-004
 9.3562814e-004
 9.3585858e-004
 9.3559490e-004
 9.3494501e-004
 9.3385024e-004
 9.3211076e-004
 9.2943484e-004
 9.2549750e-004
 9.2000497e-004
 9.1275171e-004
 9.0366538e-004
 8.9284871e-004
 8.8060315e-004
 8.6743571e-004
 8.5406599e-004
 8.4139180e-004
 8.3045411e-004
 8.2236005e-004
 8.1818481e-004
 8.1886473e-004
 8.2507712e-004
 8.3713804e-004
 8.5492973e-004
 8.7788870e-004
 9.0502691e-004
 9.3504717e-004
 9.6646114e-004
 9.9776126e-004
 1.0275920e-003
 1.0548544e-003
 1.0788108e-003
 1.0990768e-003
 1.1155853e-003
 1.1284918e-003
 1.1380373e-003
 1.1444289e-003
 1.1477413e-003
 1.1478628e-003
 1.1445084e-003
 1.1372907e-003
 1.1258407e-003
 1.1099443e-003
 1.0896900e-003
 1.0655572e-003
 1.0384759e-003
 1.0098020e-003
 9.8121201e-004
 9.5456728e-004
 9.3169004e-004
 9.1418112e-004
 9.0322574e-004
 8.9945045e-004
 9.0290606e-004
 9.1311784e-004
 9.2918467e-004
 9.4990659e-004
 9.7393082e-004
 9.9986116e-004
 1.0263794e-003
 1.0522919e-003
 1.0766160e-003
 1.0986538e-003
 1.1180268e-003
 1.1347232e-003
 1.1491204e-003
 1.1619664e-003
 1.1743464e-003
 1.1875866e-003
 1.2031255e-003
 1.2223491e-003
 1.2463826e-003
 1.2759177e-003
 1.3110348e-003
 1.3511395e-003
 1.3950374e-003
 1.4410223e-003
 1.4870928e-003
 1.5311104e-003
 1.5710014e-003
 1.6049228e-003
 1.6313256e-003
 1.6490383e-003
 1.6572919e-003
 1.6557493e-003
 1.6444988e-003
 1.6240475e-003
 1.5953156e-003
 1.5596076e-003
 1.5186117e-003
 1.4743094e-003
 1.4289113e-003
 1.3847135e-003
 1.3439143e-003
 1.3084672e-003
 1.2798604e-003
 1.2589978e-003
 1.2460917e-003
 1.2406482e-003
 1.2415512e-003
 1.2472151e-003
 1.2558115e-003
 1.2655306e-003
 1.2748445e-003
 1.2827197e-003
 1.2887693e-003
 1.2932941e-003
 1.2972252e-003
 1.3019661e-003
 1.3091540e-003
 1.3203829e-003
 1.3369324e-003
 1.3595198e-003
 1.3881602e-003
 1.4220930e-003
 1.4598432e-003
 1.4993952e-003
 1.5383974e-003
 1.5744771e-003
 1.6054888e-003
 1.6297734e-003
 1.6463362e-003
 1.6549125e-003
 1.6559720e-003
 1.6506154e-003
 1.6404282e-003
 1.6272882e-003
 1.6131884e-003
 1.6000591e-003
 1.5896475e-003
 1.5834183e-003
 1.5824946e-003
 1.5876264e-003
 1.5991681e-003
 1.6170578e-003
 1.6408014e-003
 1.6694773e-003
 1.7017339e-003
 1.7358455e-003
 1.7698198e-003
 1.8015122e-003
 1.8288415e-003
 1.8499705e-003
 1.8635275e-003
 1.8687794e-003
 1.8657332e-003
 1.8551617e-003
 1.8385284e-003
 1.8178212e-003
 1.7953027e-003
 1.7732506e-003
 1.7536607e-003
 1.7380277e-003
 1.7271729e-003
 1.7211728e-003
 1.7193977e-003
 1.7206263e-003
 1.7232397e-003
 1.7254463e-003
 1.7255138e-003
 1.7219692e-003
 1.7137543e-003
 1.7003117e-003
 1.6816197e-003
 1.6581557e-003
 1.6308558e-003
 1.6010377e-003
 1.5703123e-003
 1.5405333e-003
 1.5136927e-003
 1.4918618e-003
 1.4770547e-003
 1.4710604e-003
 1.4752412e-003
 1.4902836e-003
 1.5159514e-003
 1.5508772e-003
 1.5924717e-003
 1.6370229e-003
 1.6800646e-003
 1.7167522e-003
 1.7423539e-003
 1.7527266e-003
 1.7447064e-003
 1.7164098e-003
 1.6673001e-003
 1.5982918e-003
 1.5119048e-003
 1.4122553e-003
 1.3047815e-003
 1.1957557e-003
 1.0917559e-003
 9.9883834e-004
 9.2184759e-004
 8.6371967e-004
 8.2515355e-004
 8.0464972e-004
 7.8880205e-004
 7.9955714e-004
 8.1452000e-004
 8.2797068e-004
 8.3521561e-004
 8.3334150e-004
 8.2165352e-004
 8.0150535e-004
 7.7568949e-004
 7.4778032e-004
 7.2161236e-004
 7.0098788e-004
 6.8940030e-004
 6.8972021e-004
 7.0386456e-004
 7.3256786e-004
 7.7533734e-004
 8.3052227e-004
 8.9564046e-004
 9.6766429e-004
 1.0433075e-003
 1.1192509e-003
 1.1922441e-003
 1.2593661e-003
 1.3181888e-003
 1.3670191e-003
 1.4050039e-003
 1.4320109e-003
 1.4484689e-003
 1.4551232e-003
 1.4528848e-003
 1.4427337e-003
 1.4256942e-003
 1.4028330e-003
 1.3752967e-003
 1.3443327e-003
 1.3112867e-003
 1.2776153e-003
 1.2448485e-003
 1.2145444e-003
 1.1882795e-003
 1.1675680e-003
 1.1537931e-003
 1.1480417e-003
 1.1509105e-003
 1.1623338e-003
 1.1815134e-003
 1.2069844e-003
 1.2367902e-003
 1.2686976e-003
 1.3003380e-003
 1.3293735e-003
 1.3536166e-003
 1.3712480e-003
 1.3810678e-003
 1.3827026e-003
 1.3767037e-003
 1.3644539e-003
 1.3479517e-003
 1.3295512e-003
 1.3117673e-003
 1.2970906e-003
 1.2878192e-003
 1.2858027e-003
 1.2921385e-003
 1.3069053e-003
 1.3290483e-003
 1.3565016e-003
 1.3864372e-003
 1.4155976e-003
 1.4405311e-003
 1.4578181e-003
 1.4643136e-003
 1.4574667e-003
 1.4357314e-003
 1.3989289e-003
 1.3483994e-003
 1.2868296e-003
 1.2179376e-003
 1.1460056e-003
 1.0755936e-003
 1.0112440e-003
 9.5717539e-004
 9.1695233e-004
 8.9296914e-004
 8.8607630e-004
 8.9539052e-004
 9.1847364e-004
 9.5173734e-004
 9.9090801e-004
 1.0314307e-003
 1.0687305e-003
 1.0985436e-003
 1.1172675e-003
 1.1224432e-003
 1.1131599e-003
 1.0902196e-003
 1.0559632e-003
 1.0138783e-003
 9.6813176e-004
 9.2316815e-004
 8.8345644e-004
 8.5316220e-004
 8.3581026e-004
 8.3381298e-004
 8.4807957e-004
 8.7785214e-004
 9.2087989e-004
 9.7379473e-004
 1.0325670e-003
 1.0929002e-003
 1.1504584e-003
 1.2011887e-003
 1.2416141e-003
 1.2692711e-003
 1.2830759e-003
 1.2834508e-003
 1.2721947e-003
 1.2521106e-003
 1.2266085e-003
 1.1993555e-003
 1.1740504e-003
 1.1541889e-003
 1.1427777e-003
 1.1420147e-003
 1.1529869e-003
 1.1755551e-003
 1.2084661e-003
 1.2496627e-003
 1.2965820e-003
 1.3464582e-003
 1.3964663e-003
 1.4438857e-003
 1.4862810e-003
 1.5216529e-003
 1.5486431e-003
 1.5665698e-003
 1.5753788e-003
 1.5754779e-003
 1.5675492e-003
 1.5524189e-003
 1.5309755e-003
 1.5041685e-003
 1.4730113e-003
 1.4386446e-003
 1.4023690e-003
 1.3656477e-003
 1.3301196e-003
 1.2975220e-003
 1.2696702e-003
 1.2483899e-003
 1.2354481e-003
 1.2324599e-003
 1.2407047e-003
 1.2609088e-003
 1.2930410e-003
 1.3362499e-003
 1.3889148e-003
 1.4488840e-003
 1.5136568e-003
 1.5805796e-003
 1.6469982e-003
 1.7103171e-003
 1.7681464e-003
 1.8184644e-003
 1.8596968e-003
 1.8908152e-003
 1.9112494e-003
 1.9207837e-003
 1.9194189e-003
 1.9072695e-003
 1.8845265e-003
 1.8514945e-003
 1.8086826e-003
 1.7569088e-003
 1.6974550e-003
 1.6320642e-003
 1.5629421e-003
 1.4926188e-003
 1.4237885e-003
 1.3592498e-003
 1.3017342e-003
 1.2538241e-003
 1.2177218e-003
 1.1949897e-003
 1.1863519e-003
 1.1915826e-003
 1.2096078e-003
 1.2387197e-003
 1.2768459e-003
 1.3217292e-003
 1.3710675e-003
 1.4226352e-003
 1.4743444e-003
 1.5244082e-003
 1.5713989e-003
 1.6143082e-003
 1.6525213e-003
 1.6856825e-003
 1.7136221e-003
 1.7362443e-003
 1.7535156e-003
 1.7654392e-003
 1.7721163e-003
 1.7737817e-003
 1.7708560e-003
 1.7639680e-003
 1.7539320e-003
 1.7416957e-003
 1.7282969e-003
 1.7147952e-003
 1.7022389e-003
 1.6916196e-003
 1.6837766e-003
 1.6793128e-003
 1.6785092e-003
 1.6812839e-003
 1.6872322e-003
 1.6957124e-003
 1.7059344e-003
 1.7170511e-003
 1.7282120e-003
 1.7386093e-003
 1.7475632e-003
 1.7545958e-003
 1.7594992e-003
 1.7623765e-003
 1.7636046e-003
 1.7637619e-003
 1.7635482e-003
 1.7637134e-003
 1.7650026e-003
 1.7680958e-003
 1.7735277e-003
 1.7815912e-003
 1.7922405e-003
 1.8050676e-003
 1.8193346e-003
 1.8340483e-003
 1.8480822e-003
 1.8602464e-003
 1.8693629e-003
 1.8743350e-003
 1.8742689e-003
 1.8685944e-003
 1.8571926e-003
 1.8404347e-003
 1.8191332e-003
 1.7944447e-003
 1.7677067e-003
 1.7403414e-003
 1.7137990e-003
 1.6894436e-003
 1.6684905e-003
 1.6518873e-003
 1.6402347e-003
 1.6337236e-003
 1.6321905e-003
 1.6352084e-003
 1.6421892e-003
 1.6524739e-003
 1.6653719e-003
 1.6802098e-003
 1.6963503e-003
 1.7132279e-003
 1.7303574e-003
 1.7473680e-003
 1.7639812e-003
 1.7799750e-003
 1.7951811e-003
 1.8094514e-003
 1.8226402e-003
 1.8346249e-003
 1.8453005e-003
 1.8545986e-003
 1.8624910e-003
 1.8690070e-003
 1.8742217e-003
 1.8782406e-003
 1.8811937e-003
 1.8832198e-003
 1.8844601e-003
 1.8850574e-003
 1.8851518e-003
 1.8848797e-003
 1.8843715e-003
 1.8837521e-003
 1.8831402e-003
 1.8826512e-003
 1.8823970e-003
 1.8824869e-003
 1.8830243e-003
 1.8841004e-003
 1.8857804e-003
 1.8880856e-003
 1.8909805e-003
 1.8943649e-003
 1.8980812e-003
 1.9019265e-003
 1.9056756e-003
 1.9090931e-003
 1.9119440e-003
 1.9140145e-003
 1.9151303e-003
 1.9151843e-003
 1.9141628e-003
 1.9121526e-003
 1.9093347e-003
 1.9059560e-003
 1.9023041e-003
 1.8986833e-003
 1.8953986e-003
 1.8927332e-003
 1.8909246e-003
 1.8901355e-003
 1.8904224e-003
 1.8917285e-003
 1.8938909e-003
 1.8966717e-003
 1.8997870e-003
 1.9029344e-003
 1.9058099e-003
 1.9081332e-003
 1.9096727e-003
 1.9102790e-003
 1.9099158e-003
 1.9086710e-003
 1.9067455e-003
 1.9044224e-003
 1.9020324e-003
 1.8999263e-003
 1.8984440e-003
 1.8978813e-003
 1.8984373e-003
 1.9001497e-003
 1.9028366e-003
 1.9060742e-003
 1.9092170e-003
 1.9114609e-003
 1.9119070e-003
 1.9096206e-003
 1.9036876e-003
 1.8932831e-003
 1.8777727e-003
 1.8568592e-003
 1.8306767e-003
 1.7998439e-003
 1.7654432e-003
 1.7288611e-003
 1.6916745e-003
 1.6555703e-003
 1.6222077e-003
 1.5931601e-003
 1.5698222e-003
 1.5532292e-003
 1.5439660e-003
 1.5421106e-003
 1.5472830e-003
 1.5587637e-003
 1.5756362e-003
 1.5968760e-003
 1.6214414e-003
 1.6483117e-003
 1.6765037e-003
 1.7051548e-003
 1.7335345e-003
 1.7610710e-003
 1.7873113e-003
 1.8119240e-003
 1.8346386e-003
 1.8552011e-003
 1.8733945e-003
 1.8890247e-003
 1.9019309e-003
 1.9120350e-003
 1.9193533e-003
 1.9240041e-003
 1.9262079e-003
 1.9262546e-003
 1.9244758e-003
 1.9212244e-003
 1.9168563e-003
 1.9117178e-003
 1.9061379e-003
 1.9004052e-003
 1.8947576e-003
 1.8893819e-003
 1.8844109e-003
 1.8799412e-003
 1.8760465e-003
 1.8727917e-003
 1.8702314e-003
 1.8684136e-003
 1.8673750e-003
 1.8671295e-003
 1.8676640e-003
 1.8689337e-003
 1.8708659e-003
 1.8733675e-003
 1.8763333e-003
 1.8796505e-003
 1.8832077e-003
 1.8868960e-003
 1.8906114e-003
 1.8942644e-003
 1.8977822e-003
 1.9011080e-003
 1.9042038e-003
 1.9070440e-003
 1.9096081e-003
 1.9118820e-003
 1.9138532e-003
 1.9155132e-003
 1.9168578e-003
 1.9178939e-003
 1.9186410e-003
 1.9191330e-003
 1.9194165e-003
 1.9195481e-003
 1.9195899e-003
 1.9196059e-003
 1.9196598e-003
 1.9198107e-003
 1.9201083e-003
 1.9205868e-003
 1.9212590e-003
 1.9221131e-003
 1.9231169e-003
 1.9242221e-003
 1.9253704e-003
 1.9265004e-003
 1.9275497e-003
 1.9284587e-003
 1.9291760e-003
 1.9296628e-003
 1.9298970e-003
 1.9298762e-003
 1.9296147e-003
 1.9291400e-003
 1.9284871e-003
 1.9276952e-003
 1.9268058e-003
 1.9258638e-003
 1.9249188e-003
 1.9240292e-003
 1.9232641e-003
 1.9227063e-003
 1.9224489e-003
 1.9225938e-003
 1.9232469e-003
 1.9245134e-003
 1.9264898e-003
 1.9292473e-003
 1.9328080e-003
 1.9371110e-003
 1.9419794e-003
 1.9471134e-003
 1.9520995e-003
 1.9564424e-003
 1.9595975e-003
 1.9610131e-003
 1.9601716e-003
 1.9566659e-003
 1.9503183e-003
 1.9413304e-003
 1.9304291e-003
 1.9189097e-003
 1.9085867e-003
 1.9016545e-003
 1.9005346e-003
 1.9077256e-003
 1.9256871e-003
 1.9566503e-003
 2.0023934e-003
 2.0639314e-003
 2.1411802e-003
 2.2329313e-003
 2.3369358e-003
 2.4500932e-003
 2.5689162e-003
 2.6896980e-003
 2.8087634e-003
 2.9225633e-003
 3.0281197e-003
 3.1232629e-003
 3.2068670e-003
 3.2791039e-003
 3.3412431e-003
 3.3953276e-003
 3.4439284e-003
 3.4898042e-003
 3.5357072e-003
 3.5840997e-003
 3.6368980e-003
 3.6950482e-003
 3.7581315e-003
 3.8243062e-003
 3.8904112e-003
 3.9522653e-003
 4.0051625e-003
 4.0441551e-003
 4.0643220e-003
 4.0611541e-003
 4.0309783e-003
 3.9715231e-003
 3.8824917e-003
 3.7656813e-003
 3.6247922e-003
 3.4650490e-003
 3.2924220e-003
 3.1132463e-003
 2.9340230e-003
 2.7608520e-003
 2.5992214e-003
 2.4534774e-003
 2.3265600e-003
 2.2196339e-003
 2.1323755e-003
 2.0634099e-003
 2.0106309e-003
 1.9716315e-003
 1.9439337e-003
 1.9250755e-003
 1.9127742e-003
 1.9050397e-003
 1.9002900e-003
 1.8973839e-003
 1.8955851e-003
 1.8944562e-003
 1.8937377e-003
 1.8932596e-003
 1.8928894e-003
 1.8925124e-003
 1.8920294e-003
 1.8913631e-003
 1.8904645e-003
 1.8893160e-003
 1.8879286e-003
 1.8863346e-003
 1.8845781e-003
 1.8827090e-003
 1.8807796e-003
 1.8788404e-003
 1.8769377e-003
 1.8751125e-003
 1.8733956e-003
 1.8718081e-003
 1.8703619e-003
 1.8690628e-003
 1.8679121e-003
 1.8669093e-003
 1.8660539e-003
 1.8653465e-003
 1.8647905e-003
 1.8643948e-003
 1.8641751e-003
 1.8641548e-003
 1.8643633e-003
 1.8648348e-003
 1.8656054e-003
 1.8667104e-003
 1.8681786e-003
 1.8700256e-003
 1.8722407e-003
 1.8747690e-003
 1.8775010e-003
 1.8802647e-003
 1.8828278e-003
 1.8849153e-003
 1.8862238e-003
 1.8864385e-003
 1.8852444e-003
 1.8823314e-003
 1.8773965e-003
 1.8701500e-003
 1.8607425e-003
 1.8508076e-003
 1.8347125e-003
 1.8157549e-003
 1.7939967e-003
 1.7695030e-003
 1.7423324e-003
 1.7125633e-003
 1.6802548e-003
 1.6454720e-003
 1.6082806e-003
 1.5687599e-003
 1.5272448e-003
 1.4841650e-003
 1.4399607e-003
 1.3950614e-003
 1.3499287e-003
 1.3049922e-003
 1.2606920e-003
 1.2174583e-003
 1.1757520e-003
 1.1360028e-003
 1.0986510e-003
 1.0641286e-003
 1.0328927e-003
 1.0053313e-003
 9.8144519e-004
 9.6102234e-004
 9.4384467e-004
 9.2970667e-004
 9.1838965e-004
 9.0967951e-004
 9.0336130e-004
 8.9922373e-004
 8.9705101e-004
 8.9662912e-004
 8.9774455e-004
 9.0018258e-004
 9.0372935e-004
 9.0817071e-004
 9.1329287e-004
 9.1888290e-004
 9.2472433e-004
 9.3061652e-004
 9.3646703e-004
 9.4224187e-004
 9.4790373e-004
 9.5341890e-004
 9.5875293e-004
 9.6387201e-004
 9.6873916e-004
 9.7332062e-004
 9.7758183e-004
 9.8148780e-004
 9.8500471e-004
 9.8809623e-004
 9.9072815e-004
 9.9286600e-004
 9.9447521e-004
 9.9552027e-004
 9.9596684e-004
 9.9578011e-004
 9.9492515e-004
 9.9336728e-004
 9.9107227e-004
 9.8801148e-004
 9.8421692e-004
 9.7975263e-004
 9.7468100e-004
 9.6906524e-004
 9.6296822e-004
 9.5645135e-004
 9.4958080e-004
 9.4241818e-004
 9.3502644e-004
 9.2746684e-004
 9.1980607e-004
 9.1210532e-004
 9.0442749e-004
 8.9683413e-004
 8.8939164e-004
 8.8216132e-004
 8.7520626e-004
 8.6858938e-004
 8.6237240e-004
 8.5662125e-004
 8.5139752e-004
 8.4676407e-004
 8.4278325e-004
 8.3952001e-004
 8.3703623e-004
 8.3538645e-004
 8.3455554e-004
 8.3449431e-004
 8.3515263e-004
 8.3648058e-004
 8.3842839e-004
 8.4094686e-004
 8.4398501e-004
 8.4749347e-004
 8.5142237e-004
 8.5572316e-004
 8.6034386e-004
 8.6523546e-004
 8.7034819e-004
 8.7563373e-004
 8.8103936e-004
 8.8651688e-004
 8.9201611e-004
 8.9748867e-004
 9.0288220e-004
 9.0814801e-004
 9.1323641e-004
 9.1809739e-004
 9.2268240e-004
 9.2693930e-004
 9.3081937e-004
 9.3427277e-004
 9.3725038e-004
 9.3970099e-004
 9.4157539e-004
 9.4283320e-004
 9.4350771e-004
 9.4366691e-004
 9.4337959e-004
