s07_ASD Record=10543:  error bars to preceding                
 8.7749591e-004
 8.9785078e-004
 9.1687829e-004
 9.3166198e-004
 9.3990669e-004
 9.4100845e-004
 9.3620375e-004
 9.2793029e-004
 9.1895077e-004
 9.1158476e-004
 9.0724113e-004
 9.0628263e-004
 9.0808433e-004
 9.1107620e-004
 9.1287645e-004
 9.1095699e-004
 9.0374332e-004
 8.9144008e-004
 8.7621663e-004
 8.6167257e-004
 8.5169601e-004
 8.4909558e-004
 8.5474574e-004
 8.6771225e-004
 8.8601984e-004
 9.0738968e-004
 9.2968281e-004
 9.5101271e-004
 9.6964213e-004
 9.8402437e-004
 9.9317683e-004
 9.9702901e-004
 9.9635951e-004
 9.9264621e-004
 9.8810880e-004
 9.8498876e-004
 9.8448165e-004
 9.8631741e-004
 9.8894932e-004
 9.9032221e-004
 9.8891254e-004
 9.8450878e-004
 9.7838219e-004
 9.7273698e-004
 9.6964044e-004
 9.6992368e-004
 9.7265281e-004
 9.7553793e-004
 9.7612268e-004
 9.7308244e-004
 9.6686295e-004
 9.5937069e-004
 9.5306279e-004
 9.5004559e-004
 9.5158030e-004
 9.5793698e-004
 9.6819957e-004
 9.8037452e-004
 9.9227123e-004
 1.0016408e-003
 1.0072864e-003
 1.0102424e-003
 1.0109745e-003
 1.0093307e-003
 1.0045036e-003
 9.9580351e-004
 9.8336453e-004
 9.6796284e-004
 9.5068710e-004
 9.3284255e-004
 9.1566425e-004
 9.0009416e-004
 8.8675326e-004
 8.7602815e-004
 8.6816616e-004
 8.6328923e-004
 8.6131017e-004
 8.6175365e-004
 8.6359482e-004
 8.6528825e-004
 8.6512713e-004
 8.6188625e-004
 8.5547002e-004
 8.4717933e-004
 8.3933800e-004
 8.3435053e-004
 8.3360146e-004
 8.3678792e-004
 8.4216765e-004
 8.4776152e-004
 8.5293560e-004
 8.5933058e-004
 8.7022444e-004
 8.8835118e-004
 9.1334124e-004
 9.4034284e-004
 9.6098956e-004
 9.6702244e-004
 9.5489930e-004
 9.2807721e-004
 8.9540938e-004
 8.6671743e-004
 8.4863004e-004
 8.4300200e-004
 8.4746600e-004
 8.5686526e-004
 8.6463388e-004
 8.6408935e-004
 8.5085479e-004
 8.2598458e-004
 7.9703436e-004
 7.7528413e-004
 7.7047053e-004
 7.8623911e-004
 8.1865408e-004
 8.5813412e-004
 8.9364499e-004
 9.1715530e-004
 9.2606782e-004
 9.2238368e-004
 9.0946455e-004
 8.8914920e-004
 8.6173607e-004
 8.2876801e-004
 7.9561415e-004
 7.7054271e-004
 7.6015014e-004
 7.6498347e-004
 7.7940483e-004
 7.9567556e-004
 8.0819178e-004
 8.1439194e-004
 8.1297540e-004
 8.0276327e-004
 7.8393507e-004
 7.5998652e-004
 7.3776435e-004
 7.2505232e-004
 7.2743918e-004
 7.4622355e-004
 7.7806407e-004
 8.1638363e-004
 8.5375202e-004
 8.8362501e-004
 9.0086675e-004
 9.0250559e-004
 8.8950136e-004
 8.6709543e-004
 8.4183703e-004
 8.1843085e-004
 8.0055243e-004
 7.9314882e-004
 8.0001709e-004
 8.1746891e-004
 8.3311781e-004
 8.3477353e-004
 8.2163740e-004
 8.0535782e-004
 7.9932320e-004
 8.0810685e-004
 8.2737295e-004
 8.5014448e-004
 8.6990523e-004
 8.8107231e-004
 8.8241062e-004
 8.7896822e-004
 8.7501586e-004
 8.6559035e-004
 8.4118563e-004
 8.0173189e-004
 7.6085929e-004
 7.3505717e-004
 7.3195371e-004
 7.4831943e-004
 7.7408965e-004
 7.9736719e-004
 8.1088021e-004
 8.1723504e-004
 8.2608842e-004
 8.4357819e-004
 8.6466444e-004
 8.7691937e-004
 8.7174162e-004
 8.5121207e-004
 8.2494522e-004
 8.0350687e-004
 7.9646218e-004
 8.1212702e-004
 8.5163623e-004
 9.0133329e-004
 9.3641959e-004
 9.3836407e-004
 9.1106672e-004
 8.7849365e-004
 8.6381880e-004
 8.6963561e-004
 8.7878492e-004
 8.7361003e-004
 8.5246103e-004
 8.2741037e-004
 8.0885080e-004
 7.9660927e-004
 7.8726123e-004
 7.8422419e-004
 7.9368131e-004
 8.1269385e-004
 8.2874036e-004
 8.3112472e-004
 8.1792427e-004
 7.9376681e-004
 7.6719228e-004
 7.4841169e-004
 7.4194616e-004
 7.4128131e-004
 7.3702418e-004
 7.3012587e-004
 7.3152041e-004
 7.5002847e-004
 7.8578055e-004
 8.3172269e-004
 8.7394367e-004
 8.9493935e-004
 8.8845065e-004
 8.7084592e-004
 8.6692610e-004
 8.8229636e-004
 8.9734211e-004
 8.9052261e-004
 8.6284935e-004
 8.3701970e-004
 8.3404733e-004
 8.5441367e-004
 8.8419573e-004
 9.1389293e-004
 9.4326475e-004
 9.7027130e-004
 9.8479271e-004
 9.7625941e-004
 9.4477792e-004
 9.0449787e-004
 8.7680074e-004
 8.7636028e-004
 8.9872128e-004
 9.2333928e-004
 9.3497516e-004
 9.4004610e-004
 9.5441920e-004
 9.7979244e-004
 1.0028743e-003
 1.0147135e-003
 1.0182149e-003
 1.0183264e-003
 1.0154881e-003
 1.0073239e-003
 9.9228835e-004
 9.7431889e-004
 9.6378301e-004
 9.6809480e-004
 9.8125252e-004
 9.8603580e-004
 9.6559781e-004
 9.1611309e-004
 8.5511856e-004
 8.1433024e-004
 8.1452238e-004
 8.4533152e-004
 8.7526365e-004
 8.8467944e-004
 8.8251417e-004
 8.8234345e-004
 8.7410019e-004
 8.4351748e-004
 8.0720335e-004
 7.9567509e-004
 8.1602961e-004
 8.5396564e-004
 8.8716880e-004
 8.8798360e-004
 8.4410986e-004
 7.7836658e-004
 7.2808366e-004
 7.1113650e-004
 7.2011305e-004
 7.4495829e-004
 7.8319071e-004
 8.2579011e-004
 8.5476402e-004
 8.6296379e-004
 8.6074759e-004
 8.5639470e-004
 8.4655854e-004
 8.3220715e-004
 8.2675269e-004
 8.3944638e-004
 8.6268113e-004
 8.8272785e-004
 8.9567789e-004
 9.0881746e-004
 9.2989829e-004
 9.5664634e-004
 9.7611989e-004
 9.7518845e-004
 9.5399137e-004
 9.2967023e-004
 9.2201040e-004
 9.3300146e-004
 9.4789610e-004
 9.5712219e-004
 9.6310972e-004
 9.6406444e-004
 9.5191365e-004
 9.3308854e-004
 9.2970964e-004
 9.5047586e-004
 9.7868941e-004
 9.9555473e-004
 9.9562632e-004
 9.7423472e-004
 9.2276698e-004
 8.4941916e-004
 7.9286838e-004
 7.9047011e-004
 8.3414867e-004
 8.7721698e-004
 8.8311924e-004
 8.5785519e-004
 8.3874248e-004
 8.5515890e-004
 8.9981494e-004
 9.3745830e-004
 9.3891483e-004
 9.0553815e-004
 8.6340483e-004
 8.3795830e-004
 8.3537382e-004
 8.4513339e-004
 8.5594715e-004
 8.6724374e-004
 8.8666845e-004
 9.1845175e-004
 9.5542468e-004
 9.8324451e-004
 9.9309348e-004
 9.9000800e-004
 9.8718388e-004
 9.9006912e-004
 9.8626676e-004
 9.5453515e-004
 8.8661298e-004
 8.0069026e-004
 7.3180412e-004
 7.0632447e-004
 7.2574243e-004
 7.7588361e-004
 8.4510149e-004
 9.0875110e-004
 9.2701690e-004
 8.9670648e-004
 8.7228761e-004
 8.8123634e-004
 8.7367144e-004
 8.1980915e-004
 7.8557100e-004
 8.3207205e-004
 9.1567542e-004
 9.6345384e-004
 9.7212853e-004
 9.6794259e-004
 9.4096927e-004
 8.8140956e-004
 8.2790205e-004
 8.2629692e-004
 8.7331026e-004
 9.3181327e-004
 9.7223837e-004
 9.8113366e-004
 9.5678907e-004
 9.1842795e-004
 9.0284093e-004
 9.2726952e-004
 9.6693105e-004
 9.8846259e-004
 9.8903920e-004
 9.8781229e-004
 9.9392817e-004
 9.9107495e-004
 9.5244084e-004
 8.7763689e-004
 8.0336258e-004
 7.6023355e-004
 7.4287062e-004
 7.4474904e-004
 7.8268675e-004
 8.5090596e-004
 8.9601363e-004
 8.8894245e-004
 8.7691838e-004
 9.0765004e-004
 9.7431964e-004
 1.0132263e-003
 9.8784862e-004
 9.4316190e-004
 9.2274393e-004
 9.2610571e-004
 9.4035798e-004
 9.5662638e-004
 9.7016199e-004
 9.7903609e-004
 9.8625757e-004
 9.9900982e-004
 1.0201421e-003
 1.0360938e-003
 1.0187711e-003
 9.4893418e-004
 8.4672961e-004
 7.6936156e-004
 7.6744531e-004
 8.3728321e-004
 9.2270947e-004
 9.6624199e-004
 9.5572043e-004
 9.2534366e-004
 9.1631390e-004
 9.4037020e-004
 9.8013587e-004
 1.0138913e-003
 1.0294394e-003
 1.0253662e-003
 1.0063070e-003
 9.8445173e-004
 9.6302194e-004
 9.5807592e-004
 9.7803818e-004
 1.0094667e-003
 1.0301351e-003
 1.0177888e-003
 9.5564139e-004
 8.6275407e-004
 7.7264023e-004
 7.1885023e-004
 7.2890223e-004
 7.9043797e-004
 8.7498932e-004
 9.5405127e-004
 1.0028341e-003
 1.0213302e-003
 1.0195659e-003
 1.0075938e-003
 9.9445018e-004
 9.8238327e-004
 9.6898072e-004
 9.5747184e-004
 9.4539690e-004
 9.3210029e-004
 9.1680663e-004
 8.9872797e-004
 8.7708462e-004
 8.5112918e-004
 8.2098850e-004
 7.8766944e-004
 7.5220136e-004
 7.1562972e-004
 6.7909900e-004
 6.4637203e-004
 6.2376162e-004
 6.1770139e-004
 6.3461933e-004
 6.8051059e-004
 7.5185957e-004
 8.3578541e-004
 9.1905094e-004
 9.8838087e-004
 1.0305314e-003
 1.0362008e-003
 1.0114288e-003
 9.6597255e-004
 9.0960419e-004
 8.5207348e-004
 8.0315530e-004
 7.7040039e-004
 7.5290899e-004
 7.4773241e-004
 7.5192802e-004
 7.6255220e-004
 7.7665853e-004
 7.9130405e-004
 8.0440735e-004
 8.1716257e-004
 8.3155179e-004
 8.4955053e-004
 8.7314215e-004
 9.0429978e-004
 9.4500999e-004
 9.9724205e-004
 1.0617473e-003
 1.1345763e-003
 1.2107098e-003
 1.2850940e-003
 1.3527102e-003
 1.4085070e-003
 1.4474577e-003
 1.4645276e-003
 1.4564808e-003
 1.4268085e-003
 1.3805766e-003
 1.3228346e-003
 1.2586556e-003
 1.1930841e-003
 1.1311952e-003
 1.0780345e-003
 1.0374999e-003
 1.0091390e-003
 9.9151849e-004
 9.8319433e-004
 9.8272669e-004
 9.8867551e-004
 9.9960214e-004
 1.0140634e-003
 1.0306225e-003
 1.0478356e-003
 1.0642658e-003
 1.0784697e-003
 1.0893424e-003
 1.0969799e-003
 1.1017560e-003
 1.1040410e-003
 1.1042074e-003
 1.1026270e-003
 1.0996714e-003
 1.0957121e-003
 1.0911216e-003
 1.0862707e-003
 1.0815322e-003
 1.0772769e-003
 1.0737922e-003
 1.0710602e-003
 1.0689961e-003
 1.0675144e-003
 1.0665304e-003
 1.0659585e-003
 1.0657138e-003
 1.0657111e-003
 1.0658655e-003
 1.0660914e-003
 1.0663038e-003
 1.0664373e-003
 1.0664954e-003
 1.0664962e-003
 1.0664586e-003
 1.0664008e-003
 1.0663416e-003
 1.0662992e-003
 1.0662922e-003
 1.0663391e-003
 1.0664586e-003
 1.0666661e-003
 1.0669676e-003
 1.0673666e-003
 1.0678666e-003
 1.0684715e-003
 1.0691847e-003
 1.0700100e-003
 1.0709511e-003
 1.0720114e-003
 1.0731949e-003
 1.0744877e-003
 1.0758176e-003
 1.0771001e-003
 1.0782497e-003
 1.0791820e-003
 1.0798123e-003
 1.0800554e-003
 1.0798267e-003
 1.0790415e-003
 1.0776145e-003
 1.0755146e-003
 1.0728887e-003
 1.0699226e-003
 1.0668007e-003
 1.0637093e-003
 1.0608325e-003
 1.0583565e-003
 1.0564659e-003
 1.0553461e-003
 1.0551122e-003
 1.0556454e-003
 1.0567788e-003
 1.0583452e-003
 1.0601768e-003
 1.0621073e-003
 1.0639688e-003
 1.0655945e-003
 1.0668654e-003
 1.0678224e-003
 1.0685391e-003
 1.0690895e-003
 1.0695468e-003
 1.0699850e-003
 1.0704777e-003
 1.0710983e-003
 1.0718905e-003
 1.0727983e-003
 1.0737462e-003
 1.0746588e-003
 1.0754599e-003
 1.0760740e-003
 1.0764255e-003
 1.0764386e-003
 1.0760865e-003
 1.0755013e-003
 1.0748459e-003
 1.0743515e-003
 1.0741241e-003
 1.0743310e-003
 1.0750212e-003
 1.0760409e-003
 1.0770406e-003
 1.0775371e-003
 1.0769857e-003
 1.0748564e-003
 1.0707872e-003
 1.0648473e-003
 1.0576904e-003
 1.0503840e-003
 1.0441473e-003
 1.0401346e-003
 1.0391768e-003
 1.0414917e-003
 1.0465933e-003
 1.0534662e-003
 1.0608529e-003
 1.0675043e-003
 1.0724257e-003
 1.0750995e-003
 1.0755657e-003
 1.0742984e-003
 1.0719884e-003
 1.0693454e-003
 1.0669349e-003
 1.0650546e-003
 1.0636972e-003
 1.0626136e-003
 1.0614351e-003
 1.0598046e-003
 1.0575000e-003
 1.0545311e-003
 1.0511661e-003
 1.0478795e-003
 1.0452394e-003
 1.0437694e-003
 1.0438024e-003
 1.0504941e-003
 1.0512403e-003
 1.0522363e-003
 1.0533540e-003
 1.0544731e-003
 1.0555036e-003
 1.0564006e-003
 1.0571699e-003
 1.0578625e-003
 1.0585606e-003
 1.0593510e-003
 1.0602992e-003
 1.0614259e-003
 1.0626980e-003
 1.0640374e-003
 1.0653428e-003
 1.0665129e-003
 1.0674683e-003
 1.0681646e-003
 1.0685952e-003
 1.0687856e-003
 1.0687807e-003
 1.0686320e-003
 1.0683862e-003
 1.0680766e-003
 1.0677188e-003
 1.0673106e-003
 1.0668343e-003
 1.0662660e-003
 1.0655858e-003
 1.0647890e-003
 1.0638939e-003
 1.0629410e-003
 1.0619902e-003
 1.0611099e-003
 1.0603665e-003
 1.0598113e-003
 1.0594706e-003
 1.0593400e-003
 1.0593832e-003
 1.0595348e-003
 1.0597047e-003
 1.0597782e-003
 1.0596148e-003
 1.0590407e-003
 1.0578423e-003
 1.0557683e-003
 1.0525470e-003
 1.0479228e-003
 1.0417197e-003
 1.0339090e-003
 1.0246838e-003
 1.0145004e-003
 1.0040726e-003
 9.9431956e-004
 9.8624011e-004
 9.8076486e-004
 9.7858789e-004
 9.8003203e-004
 9.8497712e-004
 9.9287089e-004
 1.0028166e-003
 1.0137282e-003
 1.0245166e-003
 1.0342511e-003
 1.0422831e-003
 1.0482984e-003
 1.0522803e-003
 1.0544215e-003
 1.0549885e-003
 1.0541867e-003
 1.0520576e-003
 1.0484364e-003
 1.0429837e-003
 1.0352946e-003
 1.0250558e-003
 1.0122124e-003
 9.9711667e-004
 9.8058139e-004
 9.6385420e-004
 9.4846915e-004
 9.3601452e-004
 9.2788169e-004
 9.2501281e-004
 9.2774379e-004
 9.3574595e-004
 9.4810111e-004
 9.6346560e-004
 9.8030095e-004
 9.9711772e-004
 1.0126587e-003
 1.0260404e-003
 1.0367850e-003
 1.0447981e-003
 1.0502896e-003
 1.0536605e-003
 1.0553959e-003
 1.0559638e-003
 1.0557389e-003
 1.0549499e-003
 1.0536556e-003
 1.0517465e-003
 1.0489810e-003
 1.0450488e-003
 1.0396604e-003
 1.0326540e-003
 1.0240874e-003
 1.0143120e-003
 1.0039833e-003
 9.9400373e-004
 9.8540960e-004
 9.7919116e-004
 9.7611215e-004
 9.7654114e-004
 9.8035205e-004
 9.8691112e-004
 9.9516124e-004
 1.0037926e-003
 1.0114558e-003
 1.0169947e-003
 1.0196305e-003
 1.0190828e-003
 1.0155896e-003
 1.0098304e-003
 1.0027643e-003
 9.9542469e-004
 9.8870392e-004
 9.8317920e-004
 9.7902771e-004
 9.7603293e-004
 9.7369862e-004
 9.7142806e-004
 9.6872658e-004
 9.6537510e-004
 9.6151949e-004
 9.5766271e-004
 9.5455220e-004
 9.5300074e-004
 9.5369172e-004
 9.5701526e-004
 9.6298353e-004
 9.7123260e-004
 9.8111585e-004
 9.9183852e-004
 1.0026132e-003
 1.0127909e-003
 1.0219282e-003
 1.0298133e-003
 1.0364248e-003
 1.0418716e-003
 1.0463217e-003
 1.0499388e-003
 1.0528497e-003
 1.0551302e-003
 1.0568183e-003
 1.0579368e-003
 1.0585175e-003
 1.0586214e-003
 1.0583464e-003
 1.0578239e-003
 1.0572046e-003
 1.0566377e-003
 1.0562487e-003
 1.0561195e-003
 1.0562765e-003
 1.0566873e-003
 1.0572678e-003
 1.0578979e-003
 1.0584445e-003
 1.0587851e-003
 1.0588320e-003
 1.0585483e-003
 1.0579564e-003
 1.0571341e-003
 1.0562025e-003
 1.0553014e-003
 1.0545655e-003
 1.0540981e-003
 1.0539526e-003
 1.0541243e-003
 1.0545546e-003
 1.0551451e-003
 1.0557788e-003
 1.0563445e-003
 1.0567541e-003
 1.0569565e-003
 1.0569388e-003
 1.0567216e-003
 1.0563481e-003
 1.0558728e-003
 1.0553517e-003
 1.0548373e-003
 1.0543774e-003
 1.0540149e-003
 1.0537856e-003
 1.0537087e-003
 1.0537683e-003
 1.0538845e-003
 1.0538793e-003
 1.0534453e-003
 1.0521305e-003
 1.0493525e-003
 1.0444561e-003
 1.0368131e-003
 1.0259644e-003
 1.0117743e-003
 9.9455728e-004
 9.7516319e-004
 9.5493806e-004
 9.3560474e-004
 9.1901922e-004
 9.0686738e-004
 9.0038043e-004
 9.0009969e-004
 9.0578047e-004
 9.1644662e-004
 9.3059451e-004
 9.4647903e-004
 9.6243329e-004
 9.7714027e-004
 9.8977820e-004
 1.0000624e-003
 1.0081456e-003
 1.0144591e-003
 1.0195290e-003
 1.0238148e-003
 1.0276188e-003
 1.0310543e-003
 1.0340753e-003
 1.0365351e-003
 1.0382456e-003
 1.0390274e-003
 1.0387370e-003
 1.0372816e-003
 1.0346252e-003
 1.0307999e-003
 1.0259142e-003
 1.0201639e-003
 1.0138241e-003
 1.0072178e-003
 1.0006691e-003
 9.9443737e-004
 9.8865968e-004
 9.8332926e-004
 9.7830768e-004
 9.7339589e-004
 9.6843147e-004
 9.6339057e-004
 9.5846638e-004
 9.5407985e-004
 9.5082738e-004
 9.4935915e-004
 9.5022662e-004
 9.5373834e-004
 9.5986476e-004
 9.6821622e-004
 9.7810535e-004
 9.8867819e-004
 9.9906290e-004
 1.0085272e-003
 1.0165720e-003
 1.0229757e-003
 1.0277709e-003
 1.0311657e-003
 1.0334473e-003
 1.0348839e-003
 1.0356444e-003
 1.0357531e-003
 1.0350733e-003
 1.0333240e-003
 1.0301184e-003
 1.0250255e-003
 1.0176449e-003
 1.0077016e-003
 9.9514180e-004
 9.8020956e-004
 9.6350914e-004
 9.4598293e-004
 9.2884194e-004
 9.1340119e-004
 9.0085930e-004
 8.9208252e-004
 8.8740856e-004
 8.8656839e-004
 8.8872953e-004
 8.9268503e-004
 8.9713716e-004
 9.0101792e-004
 9.0374879e-004
 9.0537890e-004
 9.0655166e-004
 9.0830808e-004
 9.1177906e-004
 9.1785152e-004
 9.2689012e-004
 9.3860138e-004
 9.5205038e-004
 9.6584152e-004
 9.7840838e-004
 9.8832091e-004
 9.9457707e-004
 9.9677709e-004
 9.9518604e-004
 9.9065911e-004
 9.8446803e-004
 9.7805972e-004
 9.7281061e-004
 9.6980640e-004
 9.6969469e-004
 9.7262848e-004
 9.7829988e-004
 9.8604767e-004
 9.9501340e-004
 1.0043125e-003
 1.0131700e-003
 1.0210141e-003
 1.0275044e-003
 1.0324881e-003
 1.0359198e-003
 1.0377528e-003
 1.0378477e-003
 1.0359196e-003
 1.0315480e-003
 1.0242538e-003
 1.0136401e-003
 9.9956163e-004
 9.8227768e-004
 9.6256909e-004
 9.4173168e-004
 9.2148670e-004
 9.0375822e-004
 8.9037884e-004
 8.8279991e-004
 8.8182872e-004
 8.8749628e-004
 8.9905510e-004
 9.1513206e-004
 9.3396992e-004
 9.5372525e-004
 9.7275118e-004
 9.8977960e-004
 1.0040334e-003
 1.0152021e-003
 1.0233624e-003
 1.0288514e-003
 1.0321338e-003
 1.0337081e-003
 1.0340429e-003
 1.0335569e-003
 1.0326178e-003
 1.0315503e-003
 1.0306375e-003
 1.0301124e-003
 1.0301427e-003
 1.0308141e-003
 1.0321230e-003
 1.0339805e-003
 1.0362301e-003
 1.0386745e-003
 1.0411066e-003
 1.0433348e-003
 1.0452031e-003
 1.0465998e-003
 1.0474622e-003
 1.0477749e-003
 1.0475673e-003
 1.0469109e-003
 1.0459151e-003
 1.0447211e-003
 1.0434899e-003
 1.0423864e-003
 1.0415587e-003
 1.0411169e-003
 1.0411177e-003
 1.0415564e-003
 1.0423692e-003
 1.0434473e-003
 1.0446571e-003
 1.0458619e-003
 1.0469425e-003
 1.0478095e-003
 1.0484075e-003
 1.0487143e-003
 1.0487339e-003
 1.0484899e-003
 1.0480196e-003
 1.0473698e-003
 1.0465921e-003
 1.0457367e-003
 1.0448426e-003
 1.0439239e-003
 1.0429580e-003
 1.0418782e-003
 1.0405771e-003
 1.0389240e-003
 1.0367942e-003
 1.0341085e-003
 1.0308673e-003
 1.0271766e-003
 1.0232510e-003
 1.0193901e-003
 1.0159397e-003
 1.0132319e-003
 1.0115313e-003
 1.0109898e-003
 1.0116232e-003
 1.0133160e-003
 1.0158460e-003
 1.0189249e-003
 1.0222422e-003
 1.0255083e-003
 1.0284801e-003
 1.0309811e-003
 1.0329024e-003
 1.0342023e-003
 1.0348979e-003
 1.0350572e-003
 1.0347907e-003
 1.0342415e-003
 1.0335736e-003
 1.0329561e-003
 1.0325448e-003
 1.0324640e-003
 1.0327903e-003
 1.0335430e-003
 1.0346840e-003
 1.0361244e-003
 1.0377405e-003
 1.0393941e-003
 1.0409504e-003
 1.0422966e-003
 1.0433507e-003
 1.0440670e-003
 1.0444355e-003
 1.0444773e-003
 1.0442376e-003
 1.0437802e-003
 1.0431802e-003
 1.0425173e-003
 1.0418671e-003
 1.0412898e-003
 1.0408132e-003
 1.0404140e-003
 1.0399963e-003
 1.0393743e-003
 1.0382662e-003
 1.0363064e-003
 1.0330827e-003
 1.0281993e-003
 1.0213635e-003
 1.0124792e-003
 1.0017235e-003
 9.8959985e-004
 9.7691664e-004
 9.6472027e-004
 9.5415278e-004
 9.4627292e-004
 9.4188587e-004
 9.4139518e-004
 9.4473752e-004
 9.5139717e-004
 9.6051308e-004
 9.7103504e-004
 9.8190736e-004
 9.9223386e-004
 1.0013763e-003
 1.0090023e-003
 1.0150506e-003
 1.0196634e-003
 1.0230960e-003
 1.0256309e-003
 1.0275233e-003
 1.0289729e-003
 1.0301245e-003
 1.0310832e-003
 1.0319304e-003
 1.0327349e-003
 1.0335523e-003
 1.0344180e-003
 1.0353383e-003
 1.0362857e-003
 1.0372035e-003
 1.0380185e-003
 1.0386587e-003
 1.0390723e-003
 1.0392411e-003
 1.0391853e-003
 1.0389609e-003
 1.0386481e-003
 1.0383367e-003
 1.0381103e-003
 1.0380336e-003
 1.0381418e-003
 1.0384347e-003
 1.0388757e-003
 1.0393923e-003
 1.0398825e-003
 1.0402241e-003
 1.0402894e-003
 1.0399643e-003
 1.0391688e-003
 1.0378773e-003
 1.0361304e-003
 1.0340399e-003
 1.0317769e-003
 1.0295497e-003
 1.0275720e-003
 1.0260254e-003
 1.0250309e-003
 1.0246284e-003
 1.0247751e-003
 1.0253589e-003
 1.0262240e-003
 1.0272026e-003
 1.0281430e-003
 1.0289310e-003
 1.0295007e-003
 1.0298348e-003
 1.0299541e-003
 1.0299032e-003
 1.0297345e-003
 1.0294962e-003
 1.0292277e-003
 1.0289595e-003
 1.0287149e-003
 1.0285142e-003
 1.0283764e-003
 1.0283216e-003
 1.0283709e-003
 1.0285452e-003
 1.0288614e-003
 1.0293303e-003
 1.0299535e-003
 1.0307214e-003
 1.0316131e-003
 1.0325970e-003
 1.0336323e-003
 1.0346712e-003
 1.0356598e-003
 1.0365415e-003
 1.0372612e-003
 1.0377682e-003
 1.0380243e-003
 1.0380103e-003
 1.0377322e-003
 1.0372238e-003
 1.0365458e-003
 1.0357789e-003
 1.0350110e-003
 1.0343225e-003
 1.0337688e-003
 1.0333664e-003
 1.0330857e-003
 1.0328530e-003
 1.0325620e-003
 1.0320895e-003
 1.0313124e-003
 1.0301203e-003
 1.0284198e-003
 1.0261346e-003
 1.0232007e-003
 1.0195572e-003
 1.0151308e-003
 1.0098189e-003
 1.0034858e-003
 9.9597243e-004
 9.8712381e-004
 9.7685168e-004
 9.6520100e-004
 9.5243641e-004
 9.3909650e-004
 9.2599087e-004
 9.1413304e-004
 9.0459338e-004
 8.9833775e-004
 8.9604373e-004
 8.9795562e-004
 9.0380100e-004
 9.1278867e-004
 9.2364888e-004
 9.3476381e-004
 9.4437564e-004
 9.5082104e-004
 9.5278380e-004
 9.4949367e-004
 9.4086095e-004
 9.2748867e-004
 9.1059163e-004
 8.9182565e-004
 8.7305636e-004
 8.5613813e-004
 8.4268220e-004
 8.3390641e-004
 8.3052303e-004
 8.3270099e-004
 8.4008597e-004
 8.5186597e-004
 8.6686038e-004
 8.8363374e-004
 9.0062828e-004
 9.1628241e-004
 9.2918321e-004
 9.3818840e-004
 9.4255735e-004
 9.4204734e-004
 9.3696255e-004
 9.2814502e-004
 9.1689866e-004
 9.0484269e-004
 8.9370756e-004
 8.8512088e-004
 8.8038336e-004
 8.8030676e-004
 8.8511186e-004
 8.9442579e-004
 9.0736063e-004
 9.2266808e-004
 9.3894522e-004
 9.5482776e-004
 9.6918427e-004
 9.8122843e-004
 9.9058275e-004
 9.9726708e-004
 1.0016197e-003
 1.0041938e-003
 1.0056287e-003
 1.0065372e-003
 1.0074168e-003
 1.0085958e-003
 1.0102206e-003
 1.0122720e-003
 1.0146047e-003
 1.0169994e-003
 1.0192110e-003
 1.0210136e-003
 1.0222282e-003
 1.0227407e-003
 1.0225066e-003
 1.0215462e-003
 1.0199348e-003
 1.0177899e-003
 1.0152590e-003
 1.0125035e-003
 1.0096905e-003
 1.0069793e-003
 1.0045115e-003
 1.0024059e-003
 1.0007496e-003
 9.9959830e-004
 9.9897326e-004
 9.9886465e-004
 9.9923485e-004
 1.0000255e-003
 1.0011633e-003
 1.0025667e-003
 1.0041527e-003
 1.0058426e-003
 1.0075663e-003
 1.0092647e-003
 1.0108908e-003
 1.0124118e-003
 1.0138063e-003
 1.0150656e-003
 1.0161897e-003
 1.0171875e-003
 1.0180727e-003
 1.0188605e-003
 1.0195622e-003
 1.0201830e-003
 1.0207172e-003
 1.0211489e-003
 1.0214519e-003
 1.0215947e-003
 1.0215464e-003
 1.0212838e-003
 1.0207993e-003
 1.0201066e-003
 1.0192433e-003
 1.0182670e-003
 1.0172502e-003
 1.0162716e-003
 1.0154065e-003
 1.0147183e-003
 1.0142517e-003
 1.0140287e-003
 1.0140474e-003
 1.0142832e-003
 1.0146925e-003
 1.0152190e-003
 1.0158013e-003
 1.0163800e-003
 1.0169051e-003
 1.0173401e-003
 1.0176654e-003
 1.0178772e-003
 1.0179857e-003
 1.0180109e-003
 1.0179775e-003
 1.0179102e-003
 1.0178298e-003
 1.0177497e-003
 1.0176752e-003
 1.0176031e-003
 1.0175236e-003
 1.0174230e-003
 1.0172867e-003
 1.0171025e-003
 1.0168635e-003
 1.0165700e-003
 1.0162301e-003
 1.0158595e-003
 1.0154798e-003
 1.0151155e-003
 1.0147925e-003
 1.0145336e-003
 1.0143570e-003
 1.0142741e-003
 1.0142885e-003
 1.0143969e-003
 1.0145886e-003
 1.0148486e-003
 1.0151583e-003
 1.0154981e-003
 1.0158486e-003
 1.0161923e-003
 1.0165140e-003
 1.0168018e-003
 1.0170465e-003
 1.0172421e-003
 1.0173853e-003
 1.0174756e-003
 1.0175150e-003
 1.0175075e-003
 1.0174594e-003
 1.0173782e-003
 1.0172721e-003
 1.0171498e-003
 1.0170187e-003
 1.0168848e-003
 1.0167517e-003
 1.0166204e-003
 1.0164891e-003
 1.0163538e-003
 1.0162096e-003
 1.0160514e-003
 1.0158757e-003
 1.0156825e-003
 1.0154758e-003
 1.0152650e-003
 1.0150641e-003
 1.0148911e-003
 1.0147663e-003
 1.0147094e-003
 1.0147367e-003
 1.0148585e-003
 1.0150758e-003
 1.0153800e-003
 1.0157515e-003
 1.0161618e-003
 1.0165756e-003
 1.0169548e-003
 1.0172628e-003
 1.0174687e-003
 1.0175518e-003
 1.0175029e-003
 1.0173266e-003
 1.0170401e-003
 1.0166711e-003
 1.0162545e-003
 1.0158293e-003
 1.0154337e-003
 1.0151031e-003
 1.0148664e-003
 1.0147447e-003
 1.0147502e-003
 1.0148842e-003
 1.0151374e-003
 1.0154886e-003
 1.0159045e-003
 1.0163388e-003
 1.0167351e-003
 1.0170296e-003
 1.0171575e-003
 1.0170591e-003
 1.0166881e-003
 1.0160180e-003
 1.0150491e-003
 1.0138110e-003
 1.0123636e-003
 1.0107979e-003
 1.0092348e-003
 1.0078179e-003
 1.0066984e-003
 1.0060109e-003
 1.0058435e-003
 1.0061985e-003
 1.0069516e-003
 1.0078202e-003
 1.0083494e-003
 1.0079199e-003
 1.0092498e-003
 1.0055328e-003
 9.9833123e-004
 9.8688272e-004
 9.7073085e-004
 9.4990485e-004
 9.2503760e-004
 8.9730049e-004
 8.6823007e-004
 8.3956926e-004
 8.1310095e-004
 7.9057080e-004
 7.7356654e-004
 7.6336745e-004
 7.6079235e-004
 7.6608465e-004
 7.7888690e-004
 7.9827907e-004
 8.2293048e-004
 8.5124676e-004
 8.8150887e-004
 9.1198616e-004
 9.4100321e-004
 9.6707948e-004
 9.8904129e-004
 1.0061613e-003
 1.0182173e-003
 1.0254303e-003
 1.0283567e-003
 1.0277465e-003
 1.0244418e-003
 1.0193055e-003
 1.0131750e-003
 1.0068080e-003
 1.0008340e-003
 9.9570525e-004
 9.9167693e-004
 9.8883011e-004
 9.8711508e-004
 9.8640367e-004
 9.8653056e-004
 9.8731695e-004
 9.8858576e-004
 9.9017122e-004
 9.9192944e-004
 9.9374529e-004
 9.9553750e-004
 9.9725346e-004
 9.9886244e-004
 1.0003475e-003
 1.0016974e-003
 1.0029043e-003
 1.0039608e-003
 1.0048606e-003
 1.0055986e-003
 1.0061703e-003
 1.0065730e-003
 1.0068049e-003
 1.0068652e-003
 1.0067539e-003
 1.0064711e-003
 1.0060181e-003
 1.0053979e-003
 1.0046174e-003
 1.0036894e-003
 1.0026353e-003
 1.0014862e-003
 1.0002808e-003
 9.9906500e-004
 9.9788723e-004
 9.9679816e-004
 9.9584740e-004
 9.9508080e-004
 9.9453691e-004
 9.9424168e-004
 9.9420373e-004
 9.9441281e-004
 9.9484122e-004
 9.9544902e-004
 9.9618861e-004
 9.9700876e-004
 9.9785801e-004
 9.9868735e-004
 9.9945266e-004
 1.0001194e-003
 1.0006652e-003
 1.0010817e-003
 1.0013725e-003
 1.0015508e-003
 1.0016353e-003
 1.0016471e-003
 1.0016082e-003
 1.0015407e-003
 1.0014653e-003
 1.0014010e-003
 1.0013646e-003
 1.0013698e-003
 1.0014280e-003
 1.0015486e-003
 1.0017400e-003
 1.0020096e-003
 1.0023637e-003
 1.0028062e-003
 1.0033364e-003
 1.0039450e-003
 1.0046128e-003
 1.0053081e-003
 1.0059889e-003
 1.0066050e-003
 1.0071015e-003
 1.0074225e-003
 1.0075127e-003
 1.0073225e-003
 1.0068135e-003
 1.0059663e-003
 1.0047872e-003
 1.0033107e-003
 1.0015975e-003
 9.9972659e-004
 9.9778885e-004
 9.9587906e-004
 9.9409278e-004
 9.9252083e-004
 9.9124142e-004
 9.9031487e-004
 9.8977447e-004
 9.8962511e-004
 9.8984549e-004
 9.9039497e-004
 9.9122140e-004
 9.9226728e-004
 9.9347380e-004
 9.9478336e-004
 9.9614298e-004
 9.9750666e-004
 9.9883915e-004
 1.0001159e-003
 1.0013223e-003
 1.0024520e-003
 1.0035024e-003
 1.0044731e-003
 1.0053649e-003
 1.0061780e-003
 1.0069121e-003
 1.0075649e-003
 1.0081327e-003
 1.0086093e-003
 1.0089863e-003
 1.0092541e-003
 1.0094022e-003
 1.0094200e-003
 1.0092978e-003
 1.0090281e-003
 1.0086085e-003
 1.0080453e-003
 1.0073560e-003
 1.0065706e-003
 1.0057312e-003
 1.0048873e-003
 1.0040938e-003
 1.0034078e-003
 1.0028841e-003
 1.0025732e-003
 1.0025139e-003
 1.0027263e-003
 1.0032047e-003
 1.0039154e-003
 1.0047989e-003
 1.0057769e-003
 1.0067604e-003
 1.0076551e-003
 1.0083681e-003
 1.0088133e-003
 1.0089194e-003
 1.0086414e-003
 1.0079687e-003
 1.0069293e-003
 1.0055860e-003
 1.0040277e-003
 1.0023575e-003
 1.0006862e-003
 9.9912426e-004
 9.9777617e-004
 9.9673250e-004
 9.9605962e-004
 9.9579187e-004
 9.9592737e-004
 9.9643227e-004
 9.9724834e-004
 9.9830376e-004
 9.9951937e-004
 1.0008148e-003
 1.0021128e-003
 1.0033416e-003
 1.0044422e-003
 1.0053705e-003
 1.0061000e-003
 1.0066200e-003
 1.0069312e-003
 1.0070415e-003
 1.0069621e-003
 1.0067060e-003
 1.0062874e-003
 1.0057219e-003
 1.0050272e-003
 1.0042251e-003
 1.0033401e-003
 1.0024005e-003
 1.0014361e-003
 1.0004794e-003
 9.9956233e-004
 9.9871610e-004
 9.9797081e-004
 9.9735183e-004
 9.9687732e-004
 9.9655637e-004
 9.9638698e-004
 9.9635799e-004
 9.9645101e-004
 9.9664344e-004
 9.9691097e-004
 9.9722855e-004
 9.9757197e-004
 9.9791924e-004
 9.9825172e-004
 9.9855533e-004
 9.9882134e-004
 9.9904602e-004
 9.9922880e-004
 9.9937117e-004
 9.9947595e-004
 9.9954614e-004
 9.9958514e-004
 9.9959609e-004
 9.9958281e-004
 9.9954871e-004
 9.9949783e-004
 9.9943404e-004
 9.9936163e-004
 9.9928491e-004
 9.9920772e-004
 9.9913427e-004
 9.9906756e-004
 9.9900935e-004
 9.9895906e-004
 9.9891273e-004
 9.9886290e-004
 9.9879887e-004
 9.9870749e-004
 9.9857431e-004
 9.9838432e-004
 9.9812320e-004
 9.9777803e-004
 9.9733984e-004
 9.9680584e-004
 9.9618186e-004
 9.9548290e-004
 9.9473225e-004
 9.9396007e-004
 9.9319976e-004
 9.9248579e-004
 9.9185307e-004
 9.9133374e-004
 9.9095423e-004
 9.9073211e-004
 9.9067250e-004
 9.9076645e-004
 9.9099311e-004
 9.9132198e-004
 9.9171721e-004
 9.9214097e-004
 9.9255471e-004
 9.9292235e-004
 9.9321268e-004
 9.9340244e-004
 9.9347963e-004
 9.9344470e-004
 9.9330919e-004
 9.9309278e-004
 9.9282013e-004
 9.9251780e-004
 9.9221326e-004
 9.9193188e-004
 9.9169591e-004
 9.9152164e-004
 9.9141733e-004
 9.9138217e-004
 9.9140767e-004
 9.9147891e-004
 9.9157810e-004
 9.9168520e-004
 9.9178054e-004
 9.9184539e-004
 9.9186343e-004
 9.9182338e-004
 9.9171989e-004
 9.9155447e-004
 9.9133467e-004
 9.9107309e-004
 9.9078461e-004
 9.9048519e-004
 9.9019147e-004
 9.8991871e-004
 9.8968018e-004
 9.8948530e-004
 9.8933885e-004
 9.8923966e-004
 9.8918192e-004
 9.8915596e-004
 9.8915002e-004
 9.8915130e-004
 9.8914700e-004
 9.8912511e-004
 9.8907563e-004
 9.8899193e-004
 9.8887156e-004
 9.8871742e-004
 9.8853675e-004
 9.8833989e-004
 9.8813954e-004
 9.8794862e-004
 9.8778040e-004
 9.8764652e-004
 9.8755548e-004
 9.8751113e-004
 9.8751020e-004
 9.8754198e-004
 9.8758878e-004
 9.8762824e-004
 9.8763453e-004
 9.8758121e-004
 9.8744209e-004
 9.8719343e-004
 9.8681683e-004
 9.8630344e-004
 9.8565628e-004
 9.8489190e-004
 9.8403997e-004
 9.8313845e-004
 9.8223088e-004
 9.8136335e-004
 9.8058127e-004
 9.7992690e-004
 9.7943551e-004
 9.7913085e-004
 9.7902049e-004
 9.7909407e-004
 9.7932538e-004
 9.7967649e-004
 9.8010234e-004
 9.8055461e-004
 9.8098535e-004
 9.8134903e-004
 9.8160654e-004
 9.8172948e-004
 9.8170456e-004
 9.8153425e-004
 9.8123599e-004
 9.8083820e-004
 9.8037510e-004
 9.7988476e-004
 9.7940513e-004
 9.7897300e-004
 9.7862165e-004
 9.7837823e-004
 9.7826147e-004
 9.7828067e-004
 9.7843725e-004
 9.7872631e-004
 9.7913900e-004
 9.7966485e-004
 9.8029256e-004
 9.8101015e-004
 9.8180445e-004
 9.8266162e-004
 9.8356616e-004
 9.8449981e-004
 9.8544359e-004
 9.8637689e-004
 9.8727853e-004
 9.8812662e-004
 9.8890055e-004
 9.8958053e-004
 9.9014980e-004
 9.9059683e-004
 9.9091639e-004
 9.9111092e-004
 9.9118939e-004
 9.9116587e-004
 9.9105726e-004
 9.9088217e-004
 9.9066016e-004
 9.9041220e-004
 9.9016156e-004
 9.8993513e-004
 9.8976528e-004
 9.8968984e-004
 9.8975154e-004
 9.8999729e-004
 9.9047588e-004
 9.9123607e-004
 9.9232525e-004
 9.9378475e-004
 9.9564297e-004
 9.9790841e-004
 1.0005626e-003
 1.0035539e-003
 1.0068050e-003
 1.0102183e-003
 1.0136819e-003
 1.0170807e-003
 1.0203000e-003
 1.0232315e-003
 1.0257801e-003
 1.0278771e-003
 1.0294868e-003
 1.0306096e-003
 1.0312804e-003
 1.0315583e-003
 1.0315169e-003
 1.0312371e-003
 1.0308006e-003
 1.0302862e-003
 1.0297651e-003
 1.0292946e-003
 1.0289135e-003
 1.0286410e-003
 1.0284772e-003
 1.0284089e-003
 1.0284148e-003
 1.0284700e-003
 1.0285488e-003
 1.0286276e-003
 1.0286872e-003
 1.0287170e-003
 1.0287169e-003
 1.0286992e-003
 1.0286875e-003
 1.0287128e-003
 1.0288124e-003
 1.0290261e-003
 1.0293991e-003
 1.0299850e-003
 1.0308559e-003
 1.0321141e-003
 1.0339026e-003
 1.0364084e-003
 1.0398601e-003
 1.0445168e-003
 1.0506519e-003
 1.0585468e-003
 1.0684782e-003
 1.0806904e-003
 1.0953823e-003
 1.1126678e-003
 1.1325297e-003
 1.1548308e-003
 1.1793119e-003
 1.2056332e-003
 1.2333841e-003
 1.2621515e-003
 1.2915258e-003
 1.3211063e-003
 1.3505809e-003
 1.3797501e-003
 1.4085466e-003
 1.4370936e-003
 1.4656605e-003
 1.4946370e-003
 1.5244591e-003
 1.5556150e-003
 1.5886017e-003
 1.6238829e-003
 1.6619174e-003
 1.7031180e-003
 1.7478016e-003
 1.7962420e-003
 1.8486503e-003
 1.9051505e-003
 1.9658725e-003
 2.0309126e-003
 2.1003569e-003
 2.1741840e-003
 2.2523091e-003
 2.3344660e-003
 2.4200773e-003
 2.5083453e-003
 2.5982216e-003
 2.6884084e-003
 2.7775622e-003
 2.8642693e-003
 2.9471307e-003
 3.0247255e-003
 3.0957819e-003
 3.1591726e-003
 3.2139299e-003
 3.2593589e-003
 3.2949601e-003
 3.3203608e-003
 3.3353069e-003
 3.3395828e-003
 3.3329995e-003
 3.3154075e-003
 3.2867144e-003
 3.2469132e-003
 3.1961580e-003
 3.1347198e-003
 3.0629898e-003
 2.9815095e-003
 2.8908302e-003
 2.7915298e-003
 2.6842954e-003
 2.5698100e-003
 2.4489064e-003
 2.3225958e-003
 2.1922647e-003
 2.0595239e-003
 1.9262668e-003
 1.7946910e-003
 1.6670173e-003
 1.5455122e-003
 1.4324905e-003
 1.3300307e-003
 1.2399239e-003
 1.1634147e-003
 1.1010828e-003
 1.0526569e-003
 1.0171601e-003
 9.9310884e-004
 9.7867649e-004
 9.7189937e-004
 9.7078900e-004
 9.7341614e-004
 9.7802409e-004
 9.8314171e-004
 9.8769437e-004
 9.9104270e-004
 9.9294074e-004
 9.9343085e-004
 9.9272991e-004
 9.9113700e-004
 9.8897936e-004
 9.8657783e-004
 9.8422158e-004
 9.8214531e-004
 9.8050572e-004
 9.7937556e-004
 9.7875053e-004
 9.7856938e-004
 9.7873586e-004
 9.7913772e-004
 9.7965775e-004
 9.8018313e-004
 9.8061375e-004
 9.8087185e-004
 9.8091061e-004
 9.8071760e-004
 9.8031084e-004
 9.7972935e-004
 9.7902468e-004
 9.7825343e-004
 9.7747322e-004
 9.7673829e-004
 9.7609597e-004
 9.7558362e-004
 9.7522401e-004
 9.7502442e-004
 9.7497756e-004
 9.7506458e-004
 9.7525964e-004
 9.7553321e-004
 9.7585493e-004
 9.7619451e-004
 9.7652263e-004
 9.7681058e-004
 9.7702560e-004
 9.7711885e-004
 9.7715959e-004
 9.7713328e-004
 9.7705284e-004
 9.7693095e-004
 9.7678008e-004
 9.7661291e-004
 9.7644218e-004
 9.7628031e-004
 9.7614009e-004
 9.7603322e-004
 9.7596366e-004
 9.7593106e-004
 9.7593496e-004
 9.7597501e-004
 9.7605062e-004
 9.7616151e-004
 9.7630732e-004
 9.7648764e-004
 9.7670197e-004
 9.7694981e-004
 9.7723096e-004
 9.7754470e-004
 9.7789103e-004
 9.7826857e-004
 9.7867020e-004
 9.7908522e-004
 9.7950327e-004
 9.7991363e-004
 9.8030583e-004
 9.8066905e-004
 9.8099292e-004
 9.8126696e-004
 9.8148035e-004
 9.8162261e-004
 9.8168326e-004
 9.8165148e-004
 9.8151714e-004
 9.8126917e-004
 9.8089734e-004
 9.8039070e-004
 9.7973901e-004
 9.7893353e-004
 9.7798218e-004
 9.7690104e-004
 9.7570737e-004
 9.7441755e-004
 9.7304821e-004
 9.7161566e-004
 9.7013719e-004
 9.6862915e-004
 9.6710812e-004
 9.6559071e-004
 9.6409325e-004
 9.6263312e-004
 9.6122659e-004
 9.5989020e-004
 9.5864042e-004
 9.5749431e-004
 9.5646840e-004
 9.5557910e-004
 9.5484318e-004
 9.5427729e-004
 9.5389818e-004
 9.5372018e-004
 9.5373997e-004
 9.5394487e-004
 9.5432217e-004
 9.5485913e-004
 9.5554325e-004
 9.5636176e-004
 9.5730164e-004
 9.5835043e-004
 9.5949549e-004
 9.6072425e-004
 9.6202362e-004
 9.6338097e-004
 9.6478377e-004
 9.6621952e-004
 9.6767501e-004
 9.6913776e-004
 9.7059511e-004
 9.7203424e-004
 9.7344298e-004
 9.7480783e-004
 9.7611645e-004
 9.7735610e-004
 9.7851444e-004
 9.7957812e-004
 9.8053482e-004
 9.8137301e-004
 9.8209258e-004
 9.8269794e-004
 9.8319433e-004
 9.8358665e-004
 9.8387990e-004
 9.8407897e-004
 9.8418875e-004
 9.8421436e-004
 9.8416070e-004
 9.8403264e-004
 9.8383520e-004
 9.8357338e-004
 9.8325207e-004
 9.8287617e-004
 9.8245055e-004
 9.8198070e-004
 9.8147092e-004
 9.8092633e-004
 9.8035228e-004
 9.7975333e-004
 9.7913458e-004
 9.7850082e-004
 9.7785715e-004
 9.7720849e-004
 9.7655988e-004
 9.7591610e-004
 9.7528228e-004
 9.7466324e-004
 9.7406405e-004
 9.7348914e-004
 9.7293884e-004
 9.7241218e-004
 9.7190752e-004
