s07_ASD Record=7621:  error bars to preceding                
 1.4967190e-003
 1.4903111e-003
 1.4834518e-003
 1.4777929e-003
 1.4746920e-003
 1.4747030e-003
 1.4773714e-003
 1.4812954e-003
 1.4843235e-003
 1.4839364e-003
 1.4778039e-003
 1.4643903e-003
 1.4434303e-003
 1.4164601e-003
 1.3873909e-003
 1.3620149e-003
 1.3459385e-003
 1.3420468e-003
 1.3488117e-003
 1.3601480e-003
 1.3672373e-003
 1.3621988e-003
 1.3419791e-003
 1.3101912e-003
 1.2762351e-003
 1.2525561e-003
 1.2496992e-003
 1.2706424e-003
 1.3094391e-003
 1.3554530e-003
 1.3982416e-003
 1.4306058e-003
 1.4488124e-003
 1.4515471e-003
 1.4402173e-003
 1.4191895e-003
 1.3945148e-003
 1.3727025e-003
 1.3593321e-003
 1.3572359e-003
 1.3652925e-003
 1.3787901e-003
 1.3914154e-003
 1.3979644e-003
 1.3963120e-003
 1.3876926e-003
 1.3755052e-003
 1.3636925e-003
 1.3556514e-003
 1.3538190e-003
 1.3594544e-003
 1.3722000e-003
 1.3895943e-003
 1.4071955e-003
 1.4197701e-003
 1.4231229e-003
 1.4162547e-003
 1.4024493e-003
 1.3870858e-003
 1.3762638e-003
 1.3718468e-003
 1.3680973e-003
 1.3614340e-003
 1.3490448e-003
 1.3304102e-003
 1.3121320e-003
 1.3007255e-003
 1.2969247e-003
 1.2960437e-003
 1.2900383e-003
 1.2725986e-003
 1.2444769e-003
 1.2143258e-003
 1.1948502e-003
 1.1970488e-003
 1.2253226e-003
 1.2756743e-003
 1.3377025e-003
 1.3990717e-003
 1.4499293e-003
 1.4851838e-003
 1.5039515e-003
 1.5072576e-003
 1.4959108e-003
 1.4700568e-003
 1.4304454e-003
 1.3801582e-003
 1.3251726e-003
 1.2729447e-003
 1.2294293e-003
 1.1961873e-003
 1.1695495e-003
 1.1430294e-003
 1.1120390e-003
 1.0781003e-003
 1.0498195e-003
 1.0395788e-003
 1.0573268e-003
 1.1053677e-003
 1.1777206e-003
 1.2631700e-003
 1.3493818e-003
 1.4259423e-003
 1.4856699e-003
 1.5250245e-003
 1.5440140e-003
 1.5448178e-003
 1.5300642e-003
 1.5023891e-003
 1.4658450e-003
 1.4278130e-003
 1.3987528e-003
 1.3884159e-003
 1.4006932e-003
 1.4312679e-003
 1.4702212e-003
 1.5073854e-003
 1.5361123e-003
 1.5530223e-003
 1.5552717e-003
 1.5389837e-003
 1.5013312e-003
 1.4452207e-003
 1.3822406e-003
 1.3292158e-003
 1.2983363e-003
 1.2880096e-003
 1.2841908e-003
 1.2736040e-003
 1.2571438e-003
 1.2490562e-003
 1.2614442e-003
 1.2899181e-003
 1.3155880e-003
 1.3210749e-003
 1.3038917e-003
 1.2753579e-003
 1.2498238e-003
 1.2364946e-003
 1.2382169e-003
 1.2531088e-003
 1.2768670e-003
 1.3069197e-003
 1.3454157e-003
 1.3955958e-003
 1.4539389e-003
 1.5075181e-003
 1.5403189e-003
 1.5426705e-003
 1.5175733e-003
 1.4814067e-003
 1.4564426e-003
 1.4554636e-003
 1.4695668e-003
 1.4741831e-003
 1.4525008e-003
 1.4145524e-003
 1.3910189e-003
 1.4060498e-003
 1.4560668e-003
 1.5150384e-003
 1.5576222e-003
 1.5749220e-003
 1.5713727e-003
 1.5534511e-003
 1.5237760e-003
 1.4818234e-003
 1.4256007e-003
 1.3526102e-003
 1.2629526e-003
 1.1658492e-003
 1.0848772e-003
 1.0533647e-003
 1.0957692e-003
 1.2052477e-003
 1.3389598e-003
 1.4426871e-003
 1.4875281e-003
 1.4861183e-003
 1.4746891e-003
 1.4805370e-003
 1.5053794e-003
 1.5349351e-003
 1.5577081e-003
 1.5718590e-003
 1.5794049e-003
 1.5805882e-003
 1.5726514e-003
 1.5497070e-003
 1.5078323e-003
 1.4574535e-003
 1.4258267e-003
 1.4351677e-003
 1.4778083e-003
 1.5204061e-003
 1.5291085e-003
 1.4831621e-003
 1.3762792e-003
 1.2277381e-003
 1.0923172e-003
 1.0368015e-003
 1.0921701e-003
 1.2296331e-003
 1.3817159e-003
 1.4839147e-003
 1.5071534e-003
 1.4687829e-003
 1.4163646e-003
 1.3887619e-003
 1.3836590e-003
 1.3654608e-003
 1.3098291e-003
 1.2394531e-003
 1.2089212e-003
 1.2467745e-003
 1.3152226e-003
 1.3391747e-003
 1.2805890e-003
 1.1800298e-003
 1.1208779e-003
 1.1506598e-003
 1.2386261e-003
 1.3132560e-003
 1.3364014e-003
 1.3328666e-003
 1.3530689e-003
 1.4192803e-003
 1.5096770e-003
 1.5857586e-003
 1.6246327e-003
 1.6215516e-003
 1.5749673e-003
 1.4882085e-003
 1.3866028e-003
 1.3171167e-003
 1.3190111e-003
 1.3918463e-003
 1.4942319e-003
 1.5770637e-003
 1.6156716e-003
 1.6082296e-003
 1.5589654e-003
 1.4828814e-003
 1.4176639e-003
 1.4034041e-003
 1.4452538e-003
 1.5108231e-003
 1.5644577e-003
 1.5937940e-003
 1.6064947e-003
 1.6104544e-003
 1.5987178e-003
 1.5535923e-003
 1.4734131e-003
 1.3962459e-003
 1.3741076e-003
 1.4116244e-003
 1.4511937e-003
 1.4325907e-003
 1.3549764e-003
 1.2715168e-003
 1.2390499e-003
 1.2777620e-003
 1.3548873e-003
 1.4081711e-003
 1.4123733e-003
 1.4058626e-003
 1.4270586e-003
 1.4596416e-003
 1.4650420e-003
 1.4308669e-003
 1.3622002e-003
 1.2641330e-003
 1.1647933e-003
 1.1154898e-003
 1.1400087e-003
 1.2230224e-003
 1.3433895e-003
 1.4661740e-003
 1.5264851e-003
 1.4751514e-003
 1.3339411e-003
 1.1833762e-003
 1.0912040e-003
 1.0701591e-003
 1.1025538e-003
 1.1732439e-003
 1.2707949e-003
 1.3769343e-003
 1.4692289e-003
 1.5333211e-003
 1.5706739e-003
 1.5944717e-003
 1.6150733e-003
 1.6245742e-003
 1.5965721e-003
 1.5120251e-003
 1.3889002e-003
 1.2703618e-003
 1.1816457e-003
 1.1258951e-003
 1.1198475e-003
 1.1792659e-003
 1.2576298e-003
 1.2705029e-003
 1.2080796e-003
 1.1483455e-003
 1.1341053e-003
 1.1269464e-003
 1.1070223e-003
 1.1120921e-003
 1.1432240e-003
 1.1414359e-003
 1.1026777e-003
 1.1163788e-003
 1.2398693e-003
 1.4166774e-003
 1.5567160e-003
 1.6253623e-003
 1.6483625e-003
 1.6618439e-003
 1.6740013e-003
 1.6615038e-003
 1.5916015e-003
 1.4561416e-003
 1.2903443e-003
 1.1574795e-003
 1.1091065e-003
 1.1547307e-003
 1.2651288e-003
 1.3967507e-003
 1.5115972e-003
 1.5856839e-003
 1.6136462e-003
 1.6102511e-003
 1.6015184e-003
 1.6072300e-003
 1.6289523e-003
 1.6539885e-003
 1.6697702e-003
 1.6741526e-003
 1.6732948e-003
 1.6716599e-003
 1.6653067e-003
 1.6457771e-003
 1.6116526e-003
 1.5759000e-003
 1.5587952e-003
 1.5712000e-003
 1.6042229e-003
 1.6361612e-003
 1.6504092e-003
 1.6434401e-003
 1.6081345e-003
 1.5272513e-003
 1.4256147e-003
 1.3825253e-003
 1.4477026e-003
 1.5654457e-003
 1.6290769e-003
 1.5832530e-003
 1.4631873e-003
 1.3575511e-003
 1.3211041e-003
 1.3289730e-003
 1.3341373e-003
 1.3288726e-003
 1.3178823e-003
 1.2798996e-003
 1.1986280e-003
 1.0980339e-003
 1.0128987e-003
 9.5375796e-004
 9.2758122e-004
 9.5984933e-004
 1.0636430e-003
 1.2106992e-003
 1.3574774e-003
 1.4690757e-003
 1.4955319e-003
 1.3852004e-003
 1.1855825e-003
 1.0601071e-003
 1.1033119e-003
 1.2149891e-003
 1.2555181e-003
 1.2282787e-003
 1.2251142e-003
 1.2853974e-003
 1.3716993e-003
 1.4319790e-003
 1.4562061e-003
 1.4775986e-003
 1.5152383e-003
 1.5364649e-003
 1.4984206e-003
 1.4114223e-003
 1.3278354e-003
 1.3098900e-003
 1.4008859e-003
 1.5561929e-003
 1.6476786e-003
 1.6020259e-003
 1.4566884e-003
 1.2807890e-003
 1.1438711e-003
 1.1143560e-003
 1.2306853e-003
 1.4362865e-003
 1.5844292e-003
 1.5499259e-003
 1.3537677e-003
 1.1566353e-003
 1.1151694e-003
 1.2391831e-003
 1.3927547e-003
 1.4297942e-003
 1.3166596e-003
 1.1334789e-003
 9.7958557e-004
 9.0005907e-004
 8.8203873e-004
 8.9969859e-004
 9.5068221e-004
 1.0542184e-003
 1.2226859e-003
 1.4392573e-003
 1.6524297e-003
 1.7918898e-003
 1.8178941e-003
 1.7764708e-003
 1.7096546e-003
 1.6584364e-003
 1.6147951e-003
 1.5510318e-003
 1.4393771e-003
 1.2608836e-003
 1.0541916e-003
 8.8118267e-004
 8.0380141e-004
 8.7102805e-004
 1.0462521e-003
 1.2582776e-003
 1.4358264e-003
 1.5177863e-003
 1.5107315e-003
 1.4486475e-003
 1.3655890e-003
 1.2917152e-003
 1.2310963e-003
 1.1684052e-003
 1.1140252e-003
 1.0526064e-003
 9.8843279e-004
 9.3621609e-004
 9.1109256e-004
 9.2821475e-004
 1.0019406e-003
 1.1289043e-003
 1.2880813e-003
 1.4577574e-003
 1.6161433e-003
 1.7419474e-003
 1.8233054e-003
 1.8577636e-003
 1.8432379e-003
 1.7776485e-003
 1.6594135e-003
 1.4975290e-003
 1.3114676e-003
 1.1210582e-003
 9.4621722e-004
 8.0678996e-004
 7.1813288e-004
 6.7815132e-004
 6.8048039e-004
 7.1876467e-004
 7.8665768e-004
 8.7778881e-004
 9.8537875e-004
 1.1008898e-003
 1.2154238e-003
 1.3200295e-003
 1.4058060e-003
 1.4638093e-003
 1.4851269e-003
 1.4645972e-003
 1.4114215e-003
 1.3382053e-003
 1.2575822e-003
 1.1821509e-003
 1.1245452e-003
 1.0973696e-003
 1.1132464e-003
 1.1802927e-003
 1.2896248e-003
 1.4283981e-003
 1.5837108e-003
 1.7427293e-003
 1.8925476e-003
 2.0203169e-003
 2.1131786e-003
 2.1619492e-003
 2.1713015e-003
 2.1491139e-003
 2.1032637e-003
 2.0416428e-003
 1.9721189e-003
 1.9025892e-003
 1.8409198e-003
 1.7932929e-003
 1.7595475e-003
 1.7380858e-003
 1.7272972e-003
 1.7255767e-003
 1.7313188e-003
 1.7429189e-003
 1.7587681e-003
 1.7772651e-003
 1.7967990e-003
 1.8157685e-003
 1.8325638e-003
 1.8459546e-003
 1.8560538e-003
 1.8632857e-003
 1.8680702e-003
 1.8708304e-003
 1.8719872e-003
 1.8719629e-003
 1.8711792e-003
 1.8700579e-003
 1.8690204e-003
 1.8684891e-003
 1.8688852e-003
 1.8704655e-003
 1.8728963e-003
 1.8757118e-003
 1.8784472e-003
 1.8806368e-003
 1.8818157e-003
 1.8815182e-003
 1.8792792e-003
 1.8746337e-003
 1.8671162e-003
 1.8562604e-003
 1.8418252e-003
 1.8243453e-003
 1.8045333e-003
 1.7830937e-003
 1.7607399e-003
 1.7381762e-003
 1.7161166e-003
 1.6952647e-003
 1.6763343e-003
 1.6600301e-003
 1.6468993e-003
 1.6369113e-003
 1.6299124e-003
 1.6257518e-003
 1.6242758e-003
 1.6253318e-003
 1.6287673e-003
 1.6344291e-003
 1.6421652e-003
 1.6518217e-003
 1.6632285e-003
 1.6761454e-003
 1.6903237e-003
 1.7055087e-003
 1.7214518e-003
 1.7378979e-003
 1.7545972e-003
 1.7713001e-003
 1.7877509e-003
 1.8037020e-003
 1.8185691e-003
 1.8306678e-003
 1.8380745e-003
 1.8388688e-003
 1.8311298e-003
 1.8129339e-003
 1.7823648e-003
 1.7374934e-003
 1.6764094e-003
 1.5987519e-003
 1.5093620e-003
 1.4141984e-003
 1.3191763e-003
 1.2302549e-003
 1.1533512e-003
 1.0944202e-003
 1.0593856e-003
 1.0520887e-003
 1.0694276e-003
 1.1068729e-003
 1.1599077e-003
 1.2239937e-003
 1.2946201e-003
 1.3672451e-003
 1.4373517e-003
 1.5013627e-003
 1.5587423e-003
 1.6096075e-003
 1.6540494e-003
 1.6921819e-003
 1.7240993e-003
 1.7499120e-003
 1.7697177e-003
 1.7839361e-003
 1.7939846e-003
 1.8014893e-003
 1.8076885e-003
 1.8154825e-003
 1.8258772e-003
 1.8394485e-003
 1.8551017e-003
 1.8700708e-003
 1.8804610e-003
 1.8818458e-003
 1.8698170e-003
 1.8409519e-003
 1.7944481e-003
 1.7331141e-003
 1.6623250e-003
 1.5884568e-003
 1.5178813e-003
 1.4562465e-003
 1.4077743e-003
 1.3750948e-003
 1.3596311e-003
 1.3621330e-003
 1.3828122e-003
 1.4209315e-003
 1.4741687e-003
 1.5383785e-003
 1.6080033e-003
 1.6768542e-003
 1.7388938e-003
 1.7890615e-003
 1.8239836e-003
 1.8421960e-003
 1.8438073e-003
 1.8299381e-003
 1.8024353e-003
 1.7639714e-003
 1.7183131e-003
 1.6703790e-003
 1.6259530e-003
 1.5910147e-003
 1.5707504e-003
 1.5683309e-003
 1.6490237e-003
 1.6552981e-003
 1.6642403e-003
 1.6737116e-003
 1.6814097e-003
 1.6851604e-003
 1.6831802e-003
 1.6742500e-003
 1.6578747e-003
 1.6343441e-003
 1.6047079e-003
 1.5706324e-003
 1.5341600e-003
 1.4974282e-003
 1.4623454e-003
 1.4303728e-003
 1.4024578e-003
 1.3790268e-003
 1.3601332e-003
 1.3456311e-003
 1.3353766e-003
 1.3293892e-003
 1.3279001e-003
 1.3313257e-003
 1.3401795e-003
 1.3549011e-003
 1.3755960e-003
 1.4018085e-003
 1.4323329e-003
 1.4651999e-003
 1.4979354e-003
 1.5279463e-003
 1.5530102e-003
 1.5716656e-003
 1.5834864e-003
 1.5891514e-003
 1.5902920e-003
 1.5891526e-003
 1.5881188e-003
 1.5892269e-003
 1.5937565e-003
 1.6019939e-003
 1.6132025e-003
 1.6258063e-003
 1.6377193e-003
 1.6467862e-003
 1.6512097e-003
 1.6499199e-003
 1.6427939e-003
 1.6307021e-003
 1.6153650e-003
 1.5990783e-003
 1.5843377e-003
 1.5734481e-003
 1.5682029e-003
 1.5696434e-003
 1.5779536e-003
 1.5924551e-003
 1.6117002e-003
 1.6335967e-003
 1.6555946e-003
 1.6748627e-003
 1.6885285e-003
 1.6939553e-003
 1.6890517e-003
 1.6726187e-003
 1.6446370e-003
 1.6064724e-003
 1.5608507e-003
 1.5116556e-003
 1.4634604e-003
 1.4208860e-003
 1.3879699e-003
 1.3675449e-003
 1.3608993e-003
 1.3676765e-003
 1.3860964e-003
 1.4133854e-003
 1.4463427e-003
 1.4818464e-003
 1.5172543e-003
 1.5506081e-003
 1.5805933e-003
 1.6064050e-003
 1.6274870e-003
 1.6433317e-003
 1.6533639e-003
 1.6569417e-003
 1.6535076e-003
 1.6428151e-003
 1.6251855e-003
 1.6016949e-003
 1.5742559e-003
 1.5455080e-003
 1.5185166e-003
 1.4963563e-003
 1.4815753e-003
 1.4757309e-003
 1.4790337e-003
 1.4902350e-003
 1.5067746e-003
 1.5251974e-003
 1.5417332e-003
 1.5529649e-003
 1.5564359e-003
 1.5510696e-003
 1.5373427e-003
 1.5171709e-003
 1.4935313e-003
 1.4698840e-003
 1.4495431e-003
 1.4350485e-003
 1.4277315e-003
 1.4274935e-003
 1.4328815e-003
 1.4414268e-003
 1.4501800e-003
 1.4563348e-003
 1.4577972e-003
 1.4535994e-003
 1.4440629e-003
 1.4306961e-003
 1.4158449e-003
 1.4022065e-003
 1.3922708e-003
 1.3878436e-003
 1.3896968e-003
 1.3974237e-003
 1.4094979e-003
 1.4235256e-003
 1.4366196e-003
 1.4458577e-003
 1.4487429e-003
 1.4435911e-003
 1.4298083e-003
 1.4080134e-003
 1.3799834e-003
 1.3484099e-003
 1.3165440e-003
 1.2877119e-003
 1.2648004e-003
 1.2498234e-003
 1.2435724e-003
 1.2454963e-003
 1.2537837e-003
 1.2656887e-003
 1.2780209e-003
 1.2877464e-003
 1.2925591e-003
 1.2913467e-003
 1.2844399e-003
 1.2736039e-003
 1.2617593e-003
 1.2524967e-003
 1.2494412e-003
 1.2556001e-003
 1.2728039e-003
 1.3013536e-003
 1.3399215e-003
 1.3857549e-003
 1.4351547e-003
 1.4840553e-003
 1.5287217e-003
 1.5662581e-003
 1.5949663e-003
 1.6144208e-003
 1.6252638e-003
 1.6288577e-003
 1.6268560e-003
 1.6208326e-003
 1.6120508e-003
 1.6014108e-003
 1.5895363e-003
 1.5769326e-003
 1.5641502e-003
 1.5518529e-003
 1.5408022e-003
 1.5317400e-003
 1.5252358e-003
 1.5215725e-003
 1.5206935e-003
 1.5222604e-003
 1.5257841e-003
 1.5307962e-003
 1.5369917e-003
 1.5443052e-003
 1.5528784e-003
 1.5629369e-003
 1.5746109e-003
 1.5877362e-003
 1.6017170e-003
 1.6154886e-003
 1.6275868e-003
 1.6363602e-003
 1.6402475e-003
 1.6381023e-003
 1.6294686e-003
 1.6147520e-003
 1.5952149e-003
 1.5728031e-003
 1.5497893e-003
 1.5283043e-003
 1.5098847e-003
 1.4950788e-003
 1.4832783e-003
 1.4727772e-003
 1.4610919e-003
 1.4454991e-003
 1.4236597e-003
 1.3942493e-003
 1.3574280e-003
 1.3150445e-003
 1.2705644e-003
 1.2286393e-003
 1.1943997e-003
 1.1726376e-003
 1.1669159e-003
 1.1788831e-003
 1.2078511e-003
 1.2508037e-003
 1.3027730e-003
 1.3576293e-003
 1.4089983e-003
 1.4512637e-003
 1.4804003e-003
 1.4944588e-003
 1.4937278e-003
 1.4804848e-003
 1.4584768e-003
 1.4322009e-003
 1.4061796e-003
 1.3842713e-003
 1.3691906e-003
 1.3622083e-003
 1.3630881e-003
 1.3702385e-003
 1.3810332e-003
 1.3922580e-003
 1.4006338e-003
 1.4033469e-003
 1.3985015e-003
 1.3854450e-003
 1.3648752e-003
 1.3387288e-003
 1.3098042e-003
 1.2812446e-003
 1.2559156e-003
 1.2358408e-003
 1.2218532e-003
 1.2134898e-003
 1.2092281e-003
 1.2069560e-003
 1.2045839e-003
 1.2006311e-003
 1.1946295e-003
 1.1872571e-003
 1.1801706e-003
 1.1755963e-003
 1.1758133e-003
 1.1826463e-003
 1.1971012e-003
 1.2191971e-003
 1.2480154e-003
 1.2818758e-003
 1.3186048e-003
 1.3558179e-003
 1.3911043e-003
 1.4222163e-003
 1.4471493e-003
 1.4642517e-003
 1.4723282e-003
 1.4707381e-003
 1.4594995e-003
 1.4393362e-003
 1.4116450e-003
 1.3783411e-003
 1.3416513e-003
 1.3037968e-003
 1.2667428e-003
 1.2319689e-003
 1.2003474e-003
 1.1721853e-003
 1.1473086e-003
 1.1252664e-003
 1.1055061e-003
 1.0875216e-003
 1.0709624e-003
 1.0556452e-003
 1.0415494e-003
 1.0287723e-003
 1.0174897e-003
 1.0079492e-003
 1.0004662e-003
 9.9542935e-004
 9.9329930e-004
 9.9456683e-004
 9.9967991e-004
 1.0089334e-003
 1.0223539e-003
 1.0395846e-003
 1.0598409e-003
 1.0819129e-003
 1.1042787e-003
 1.1253097e-003
 1.1435150e-003
 1.1578463e-003
 1.1679335e-003
 1.1742491e-003
 1.1781197e-003
 1.1815622e-003
 1.1869771e-003
 1.1967306e-003
 1.2127194e-003
 1.2360174e-003
 1.2666574e-003
 1.3036194e-003
 1.3450277e-003
 1.3884393e-003
 1.4312618e-003
 1.4710671e-003
 1.5058583e-003
 1.5341921e-003
 1.5551326e-003
 1.5681657e-003
 1.5730339e-003
 1.5696231e-003
 1.5578932e-003
 1.5378933e-003
 1.5098244e-003
 1.4741617e-003
 1.4317600e-003
 1.3839086e-003
 1.3323892e-003
 1.2793895e-003
 1.2274438e-003
 1.1792658e-003
 1.1375549e-003
 1.1048422e-003
 1.0832875e-003
 1.0745175e-003
 1.0795150e-003
 1.0985330e-003
 1.1310661e-003
 1.1758726e-003
 1.2310803e-003
 1.2942778e-003
 1.3627395e-003
 1.4335746e-003
 1.5039584e-003
 1.5713571e-003
 1.6336390e-003
 1.6892556e-003
 1.7372458e-003
 1.7772503e-003
 1.8094466e-003
 1.8343934e-003
 1.8529110e-003
 1.8659112e-003
 1.8742892e-003
 1.8788524e-003
 1.8802946e-003
 1.8792240e-003
 1.8762050e-003
 1.8717995e-003
 1.8665763e-003
 1.8610904e-003
 1.8558279e-003
 1.8511376e-003
 1.8471860e-003
 1.8439374e-003
 1.8411862e-003
 1.8386177e-003
 1.8358786e-003
 1.8326301e-003
 1.8285554e-003
 1.8233279e-003
 1.8165556e-003
 1.8077375e-003
 1.7962881e-003
 1.7816313e-003
 1.7633936e-003
 1.7416276e-003
 1.7170015e-003
 1.6909142e-003
 1.6654044e-003
 1.6429261e-003
 1.6259444e-003
 1.6164766e-003
 1.6156979e-003
 1.6236746e-003
 1.6393306e-003
 1.6606242e-003
 1.6849238e-003
 1.7094399e-003
 1.7316602e-003
 1.7496799e-003
 1.7623492e-003
 1.7692982e-003
 1.7708114e-003
 1.7676560e-003
 1.7608886e-003
 1.7516934e-003
 1.7412468e-003
 1.7306193e-003
 1.7206785e-003
 1.7119896e-003
 1.7047335e-003
 1.6986368e-003
 1.6929741e-003
 1.6866419e-003
 1.6783198e-003
 1.6667004e-003
 1.6507218e-003
 1.6297763e-003
 1.6038188e-003
 1.5733525e-003
 1.5393411e-003
 1.5030364e-003
 1.4657957e-003
 1.4289955e-003
 1.3939608e-003
 1.3620319e-003
 1.3346164e-003
 1.3132193e-003
 1.2994187e-003
 1.2946943e-003
 1.3001944e-003
 1.3164456e-003
 1.3431264e-003
 1.3789382e-003
 1.4216924e-003
 1.4685268e-003
 1.5162992e-003
 1.5620454e-003
 1.6033391e-003
 1.6386042e-003
 1.6671653e-003
 1.6891541e-003
 1.7052399e-003
 1.7162485e-003
 1.7228099e-003
 1.7250902e-003
 1.7226932e-003
 1.7147729e-003
 1.7003395e-003
 1.6786911e-003
 1.6498436e-003
 1.6148704e-003
 1.5759598e-003
 1.5362246e-003
 1.4991832e-003
 1.4680537e-003
 1.4450690e-003
 1.4309066e-003
 1.4245000e-003
 1.4232282e-003
 1.4235047e-003
 1.4216151e-003
 1.4146012e-003
 1.4009818e-003
 1.3811428e-003
 1.3572989e-003
 1.3330909e-003
 1.3128802e-003
 1.3009295e-003
 1.3006604e-003
 1.3140817e-003
 1.3415037e-003
 1.3815353e-003
 1.4313638e-003
 1.4871546e-003
 1.5446236e-003
 1.5995183e-003
 1.6480965e-003
 1.6874798e-003
 1.7158155e-003
 1.7323731e-003
 1.7374611e-003
 1.7322976e-003
 1.7188048e-003
 1.6993892e-003
 1.6766997e-003
 1.6534177e-003
 1.6320394e-003
 1.6146771e-003
 1.6029146e-003
 1.5976760e-003
 1.5991839e-003
 1.6069791e-003
 1.6200384e-003
 1.6369571e-003
 1.6561851e-003
 1.6762797e-003
 1.6960901e-003
 1.7148973e-003
 1.7324110e-003
 1.7486864e-003
 1.7639583e-003
 1.7784198e-003
 1.7920486e-003
 1.8044699e-003
 1.8149393e-003
 1.8224334e-003
 1.8258274e-003
 1.8241501e-003
 1.8168421e-003
 1.8039801e-003
 1.7863930e-003
 1.7656642e-003
 1.7439560e-003
 1.7237335e-003
 1.7073827e-003
 1.6968206e-003
 1.6931822e-003
 1.6966120e-003
 1.7061981e-003
 1.7200563e-003
 1.7355847e-003
 1.7498084e-003
 1.7598250e-003
 1.7631946e-003
 1.7581515e-003
 1.7437018e-003
 1.7196133e-003
 1.6862936e-003
 1.6447889e-003
 1.5967989e-003
 1.5445475e-003
 1.4906935e-003
 1.4381303e-003
 1.3897298e-003
 1.3481362e-003
 1.3154654e-003
 1.2931059e-003
 1.2814994e-003
 1.2800999e-003
 1.2875822e-003
 1.3020955e-003
 1.3215386e-003
 1.3438095e-003
 1.3669918e-003
 1.3894086e-003
 1.4096380e-003
 1.4264854e-003
 1.4389051e-003
 1.4459641e-003
 1.4468324e-003
 1.4408743e-003
 1.4278066e-003
 1.4079213e-003
 1.3822776e-003
 1.3528325e-003
 1.3223827e-003
 1.2942484e-003
 1.2718252e-003
 1.2580364e-003
 1.2548666e-003
 1.2629923e-003
 1.2816545e-003
 1.3086342e-003
 1.3403432e-003
 1.3721731e-003
 1.3991073e-003
 1.4164862e-003
 1.4207836e-003
 1.4102795e-003
 1.3853578e-003
 1.3484375e-003
 1.3034748e-003
 1.2552263e-003
 1.2083557e-003
 1.1665965e-003
 1.1322949e-003
 1.1063018e-003
 1.0882389e-003
 1.0768882e-003
 1.0706418e-003
 1.0679014e-003
 1.0673454e-003
 1.0680591e-003
 1.0695569e-003
 1.0717057e-003
 1.0745740e-003
 1.0782580e-003
 1.0827241e-003
 1.0877126e-003
 1.0927314e-003
 1.0971286e-003
 1.1002416e-003
 1.1015768e-003
 1.1009824e-003
 1.0987730e-003
 1.0957718e-003
 1.0932538e-003
 1.0927855e-003
 1.0959894e-003
 1.1042678e-003
 1.1185355e-003
 1.1390162e-003
 1.1651576e-003
 1.1956488e-003
 1.2286111e-003
 1.2618449e-003
 1.2931665e-003
 1.3207451e-003
 1.3433406e-003
 1.3604852e-003
 1.3724829e-003
 1.3803061e-003
 1.3853727e-003
 1.3892524e-003
 1.3933775e-003
 1.3987930e-003
 1.4060009e-003
 1.4149250e-003
 1.4249817e-003
 1.4352550e-003
 1.4447268e-003
 1.4525023e-003
 1.4580121e-003
 1.4611183e-003
 1.4621330e-003
 1.4617308e-003
 1.4607809e-003
 1.4601345e-003
 1.4604118e-003
 1.4618302e-003
 1.4641139e-003
 1.4665002e-003
 1.4678480e-003
 1.4668242e-003
 1.4621415e-003
 1.4527943e-003
 1.4382665e-003
 1.4186525e-003
 1.3947085e-003
 1.3677969e-003
 1.3397440e-003
 1.3126746e-003
 1.2887961e-003
 1.2701890e-003
 1.2586509e-003
 1.2555475e-003
 1.2617355e-003
 1.2775034e-003
 1.3025658e-003
 1.3360587e-003
 1.3766023e-003
 1.4223420e-003
 1.4710416e-003
 1.5202203e-003
 1.5672584e-003
 1.6096011e-003
 1.6448768e-003
 1.6710629e-003
 1.6866322e-003
 1.6905803e-003
 1.6824338e-003
 1.6622144e-003
 1.6304003e-003
 1.5878533e-003
 1.5357868e-003
 1.4756590e-003
 1.4092322e-003
 1.3385537e-003
 1.2659060e-003
 1.1938356e-003
 1.1250998e-003
 1.0625997e-003
 1.0093555e-003
 9.6834142e-004
 9.4237877e-004
 9.3389611e-004
 9.4467070e-004
 9.7553321e-004
 1.0261002e-003
 1.0945281e-003
 1.1775155e-003
 1.2706169e-003
 1.3685739e-003
 1.4659252e-003
 1.5574980e-003
 1.6389757e-003
 1.7073358e-003
 1.7609978e-003
 1.7999294e-003
 1.8255078e-003
 1.8402508e-003
 1.8473695e-003
 1.8502285e-003
 1.8518149e-003
 1.8542723e-003
 1.8585772e-003
 1.8644184e-003
 1.8702921e-003
 1.8737999e-003
 1.8720963e-003
 1.8624115e-003
 1.8425720e-003
 1.8114476e-003
 1.7692418e-003
 1.7175635e-003
 1.6593478e-003
 1.5984895e-003
 1.5394179e-003
 1.4865192e-003
 1.4435611e-003
 1.4132565e-003
 1.3969002e-003
 1.3942719e-003
 1.4037098e-003
 1.4224082e-003
 1.4468459e-003
 1.4733009e-003
 1.4983765e-003
 1.5194208e-003
 1.5348552e-003
 1.5442908e-003
 1.5484929e-003
 1.5491716e-003
 1.5486492e-003
 1.5494683e-003
 1.5539958e-003
 1.5640791e-003
 1.5808103e-003
 1.6044012e-003
 1.6342165e-003
 1.6688909e-003
 1.7065557e-003
 1.7451200e-003
 1.7825090e-003
 1.8169315e-003
 1.8470188e-003
 1.8719297e-003
 1.8913678e-003
 1.9055025e-003
 1.9148793e-003
 1.9202728e-003
 1.9225579e-003
 1.9225915e-003
 1.9211218e-003
 1.9187392e-003
 1.9158557e-003
 1.9127191e-003
 1.9094418e-003
 1.9060445e-003
 1.9024992e-003
 1.8987652e-003
 1.8948215e-003
 1.8906803e-003
 1.8863969e-003
 1.8820672e-003
 1.8778173e-003
 1.8737955e-003
 1.8701572e-003
 1.8670561e-003
 1.8646355e-003
 1.8630221e-003
 1.8623248e-003
 1.8626339e-003
 1.8640226e-003
 1.8665476e-003
 1.8702504e-003
 1.8751528e-003
 1.8812494e-003
 1.8884968e-003
 1.8967853e-003
 1.9059142e-003
 1.9155428e-003
 1.9251475e-003
 1.9339822e-003
 1.9410414e-003
 1.9450628e-003
 1.9445525e-003
 1.9378795e-003
 1.9234195e-003
 1.8997689e-003
 1.8659728e-003
 1.8217909e-003
 1.7679062e-003
 1.7060349e-003
 1.6389010e-003
 1.5699195e-003
 1.5029247e-003
 1.4417674e-003
 1.3899179e-003
 1.3501860e-003
 1.3244330e-003
 1.3135439e-003
 1.3173328e-003
 1.3344090e-003
 1.3622047e-003
 1.3971466e-003
 1.4349839e-003
 1.4711919e-003
 1.5015163e-003
 1.5224825e-003
 1.5318665e-003
 1.5289200e-003
 1.5143761e-003
 1.4971129e-003
 1.4620763e-003
 1.4238824e-003
 1.3861543e-003
 1.3519538e-003
 1.3233131e-003
 1.3010019e-003
 1.2846116e-003
 1.2728949e-003
 1.2641647e-003
 1.2565695e-003
 1.2482868e-003
 1.2376824e-003
 1.2235052e-003
 1.2051119e-003
 1.1826169e-003
 1.1569316e-003
 1.1297114e-003
 1.1031474e-003
 1.0797749e-003
 1.0622765e-003
 1.0533180e-003
 1.0553779e-003
 1.0704857e-003
 1.0998998e-003
 1.1437960e-003
 1.2011625e-003
 1.2698823e-003
 1.3470766e-003
 1.4293760e-003
 1.5132067e-003
 1.5950204e-003
 1.6714121e-003
 1.7394349e-003
 1.7968175e-003
 1.8422428e-003
 1.8754553e-003
 1.8971291e-003
 1.9086422e-003
 1.9117936e-003
 1.9085718e-003
 1.9010066e-003
 1.8910489e-003
 1.8804396e-003
 1.8705532e-003
 1.8622752e-003
 1.8559389e-003
 1.8513864e-003
 1.8480943e-003
 1.8453221e-003
 1.8422350e-003
 1.8379895e-003
 1.8318201e-003
 1.8231423e-003
 1.8116736e-003
 1.7975515e-003
 1.7813658e-003
 1.7641262e-003
 1.7471469e-003
 1.7319135e-003
 1.7199841e-003
 1.7128690e-003
 1.7119008e-003
 1.7180163e-003
 1.7314984e-003
 1.7517364e-003
 1.7771301e-003
 1.8051974e-003
 1.8327901e-003
 1.8563886e-003
 1.8723169e-003
 1.8769711e-003
 1.8670884e-003
 1.8401449e-003
 1.7948414e-003
 1.7315623e-003
 1.6525541e-003
 1.5617089e-003
 1.4641905e-003
 1.3658479e-003
 1.2728710e-003
 1.1914162e-003
 1.1272155e-003
 1.0851437e-003
 1.0685523e-003
 1.0787745e-003
 1.1148773e-003
 1.1739078e-003
 1.2514017e-003
 1.3419936e-003
 1.4399457e-003
 1.5394163e-003
 1.6348482e-003
 1.7212358e-003
 1.7945755e-003
 1.8522458e-003
 1.8930963e-003
 1.9173571e-003
 1.9262442e-003
 1.9215815e-003
 1.9054797e-003
 1.8801534e-003
 1.8477979e-003
 1.8105293e-003
 1.7703050e-003
 1.7288467e-003
 1.6876498e-003
 1.6479682e-003
 1.6109076e-003
 1.5774709e-003
 1.5485920e-003
 1.5251711e-003
 1.5080187e-003
 1.4978067e-003
 1.4949619e-003
 1.4995825e-003
 1.5114057e-003
 1.5298370e-003
 1.5540479e-003
 1.5830535e-003
 1.6158081e-003
 1.6512207e-003
 1.6881744e-003
 1.7255320e-003
 1.7620858e-003
 1.7965744e-003
 1.8276450e-003
 1.8538757e-003
 1.8738036e-003
 1.8859303e-003
 1.8887781e-003
 1.8809431e-003
 1.8612391e-003
 1.8289073e-003
 1.7839255e-003
 1.7272347e-003
 1.6608777e-003
 1.5878831e-003
 1.5119747e-003
 1.4373268e-003
 1.3682825e-003
 1.3091117e-003
 1.2638067e-003
 1.2356596e-003
 1.2268453e-003
 1.2379901e-003
 1.2680209e-003
 1.3143157e-003
 1.3731370e-003
 1.4400578e-003
 1.5103493e-003
 1.5792898e-003
 1.6423700e-003
 1.6956899e-003
 1.7363023e-003
 1.7625934e-003
 1.7744264e-003
 1.7729828e-003
 1.7604241e-003
 1.7394962e-003
 1.7132169e-003
 1.6846445e-003
 1.6567225e-003
 1.6320727e-003
 1.6127612e-003
 1.6001189e-003
 1.5946449e-003
 1.5960973e-003
 1.6036819e-003
 1.6162792e-003
 1.6326102e-003
 1.6513617e-003
 1.6712535e-003
 1.6911217e-003
 1.7100126e-003
 1.7272385e-003
 1.7424267e-003
 1.7554733e-003
 1.7664798e-003
 1.7756730e-003
 1.7833333e-003
 1.7897631e-003
 1.7952544e-003
 1.8000705e-003
 1.8044246e-003
 1.8084573e-003
 1.8122330e-003
 1.8157440e-003
 1.8189310e-003
 1.8217044e-003
 1.8239599e-003
 1.8255912e-003
 1.8265016e-003
 1.8266148e-003
 1.8258913e-003
 1.8243403e-003
 1.8220261e-003
 1.8190611e-003
 1.8155955e-003
 1.8117990e-003
 1.8078514e-003
 1.8039277e-003
 1.8001904e-003
 1.7967644e-003
 1.7937167e-003
 1.7910375e-003
 1.7886272e-003
 1.7863084e-003
 1.7838444e-003
 1.7809673e-003
 1.7773941e-003
 1.7728484e-003
 1.7670894e-003
 1.7599430e-003
 1.7513508e-003
 1.7414195e-003
 1.7304254e-003
 1.7188052e-003
 1.7071094e-003
 1.6959660e-003
 1.6860224e-003
 1.6779216e-003
 1.6722674e-003
 1.6695592e-003
 1.6701327e-003
 1.6740985e-003
 1.6813178e-003
 1.6914298e-003
 1.7039001e-003
 1.7181026e-003
 1.7333643e-003
 1.7490084e-003
 1.7643716e-003
 1.7788631e-003
 1.7919956e-003
 1.8034147e-003
 1.8129327e-003
 1.8205025e-003
 1.8261763e-003
 1.8300754e-003
 1.8323496e-003
 1.8331616e-003
 1.8326784e-003
 1.8310698e-003
 1.8285062e-003
 1.8251628e-003
 1.8212153e-003
 1.8168412e-003
 1.8122230e-003
 1.8075408e-003
 1.8029734e-003
 1.7986995e-003
 1.7948837e-003
 1.7916709e-003
 1.7891699e-003
 1.7874439e-003
 1.7865014e-003
 1.7863037e-003
 1.7867774e-003
 1.7878275e-003
 1.7893496e-003
 1.7912359e-003
 1.7933813e-003
 1.7956878e-003
 1.7980702e-003
 1.8004575e-003
 1.8027994e-003
 1.8050619e-003
 1.8072219e-003
 1.8092649e-003
 1.8111804e-003
 1.8129591e-003
 1.8145957e-003
 1.8160889e-003
 1.8174461e-003
 1.8186835e-003
 1.8198300e-003
 1.8209254e-003
 1.8220156e-003
 1.8231522e-003
 1.8243884e-003
 1.8257756e-003
 1.8273619e-003
 1.8291861e-003
 1.8312708e-003
 1.8336184e-003
 1.8362079e-003
 1.8389984e-003
 1.8419311e-003
 1.8449405e-003
 1.8479563e-003
 1.8509052e-003
 1.8537175e-003
 1.8563267e-003
 1.8586707e-003
 1.8606979e-003
 1.8623654e-003
 1.8636389e-003
 1.8644896e-003
 1.8648938e-003
 1.8648300e-003
 1.8642808e-003
 1.8632362e-003
 1.8617013e-003
 1.8597074e-003
 1.8573195e-003
 1.8546396e-003
 1.8518065e-003
 1.8489819e-003
 1.8463428e-003
 1.8440710e-003
 1.8423455e-003
 1.8413274e-003
 1.8411430e-003
 1.8418587e-003
 1.8434607e-003
 1.8458463e-003
 1.8488306e-003
 1.8521710e-003
 1.8555893e-003
 1.8587926e-003
 1.8614859e-003
 1.8633916e-003
 1.8642666e-003
 1.8639264e-003
 1.8622680e-003
 1.8592755e-003
 1.8550167e-003
 1.8496162e-003
 1.8432332e-003
 1.8360498e-003
 1.8282516e-003
 1.8200302e-003
 1.8115807e-003
 1.8031133e-003
 1.7948428e-003
 1.7869971e-003
 1.7798208e-003
 1.7735607e-003
 1.7684677e-003
 1.7647919e-003
 1.7627599e-003
 1.7625475e-003
 1.7642260e-003
 1.7676888e-003
 1.7725917e-003
 1.7783282e-003
 1.7840487e-003
 1.7887332e-003
 1.7912590e-003
 1.7904674e-003
 1.7852342e-003
 1.7745572e-003
 1.7577107e-003
 1.7344112e-003
 1.7049860e-003
 1.6704276e-003
 1.6323630e-003
 1.5928424e-003
 1.5541789e-003
 1.5188218e-003
 1.4891721e-003
 1.4674710e-003
 1.4556061e-003
 1.4548296e-003
 1.4655606e-003
 1.4872955e-003
 1.5186738e-003
 1.5577321e-003
 1.6021458e-003
 1.6493927e-003
 1.6969629e-003
 1.7424604e-003
 1.7837289e-003
 1.8191065e-003
 1.8475527e-003
 1.8687018e-003
 1.8828365e-003
 1.8906941e-003
 1.8932888e-003
 1.8917632e-003
 1.8872964e-003
 1.8810312e-003
 1.8740144e-003
 1.8671150e-003
 1.8609653e-003
 1.8559393e-003
 1.8521702e-003
 1.8496179e-003
 1.8481374e-003
 1.8475340e-003
 1.8475947e-003
 1.8481099e-003
 1.8488856e-003
 1.8497584e-003
 1.8506068e-003
 1.8513539e-003
 1.8519652e-003
 1.8524365e-003
 1.8527819e-003
 1.8530244e-003
 1.8531902e-003
 1.8533069e-003
 1.8534003e-003
 1.8534948e-003
 1.8536123e-003
 1.8537715e-003
 1.8539886e-003
 1.8542781e-003
 1.8546529e-003
 1.8551251e-003
 1.8557060e-003
 1.8564049e-003
 1.8572268e-003
 1.8581703e-003
 1.8592251e-003
 1.8603704e-003
 1.8615770e-003
 1.8628092e-003
 1.8640265e-003
 1.8651878e-003
 1.8662520e-003
 1.8671817e-003
 1.8679450e-003
 1.8685216e-003
 1.8689061e-003
 1.8691093e-003
 1.8691573e-003
 1.8690869e-003
 1.8689414e-003
 1.8687670e-003
 1.8686102e-003
 1.8685149e-003
 1.8685198e-003
 1.8686537e-003
 1.8689325e-003
 1.8693580e-003
 1.8699189e-003
 1.8705949e-003
 1.8713591e-003
 1.8721829e-003
 1.8730378e-003
 1.8738966e-003
 1.8747380e-003
 1.8755494e-003
 1.8763302e-003
 1.8770926e-003
 1.8778612e-003
 1.8786694e-003
 1.8795551e-003
 1.8805594e-003
 1.8817234e-003
 1.8830858e-003
 1.8846816e-003
 1.8865388e-003
 1.8886743e-003
 1.8910951e-003
 1.8937980e-003
 1.8967737e-003
 1.9000074e-003
 1.9034892e-003
 1.9072228e-003
 1.9112454e-003
 1.9156701e-003
 1.9207331e-003
 1.9268333e-003
 1.9345561e-003
 1.9446522e-003
 1.9579977e-003
 1.9755291e-003
 1.9982166e-003
 2.0270145e-003
 2.0627719e-003
 2.1061772e-003
 2.1576260e-003
 2.2170681e-003
 2.2840388e-003
 2.3576724e-003
 2.4367492e-003
 2.5199228e-003
 2.6057502e-003
 2.6927989e-003
 2.7796251e-003
 2.8649736e-003
 2.9478029e-003
 3.0273038e-003
 3.1030497e-003
 3.1749010e-003
 3.2428815e-003
 3.3071931e-003
 3.3680697e-003
 3.4257409e-003
 3.4802980e-003
 3.5316588e-003
 3.5793793e-003
 3.6224932e-003
 3.6595287e-003
 3.6885205e-003
 3.7071262e-003
 3.7128194e-003
 3.7029947e-003
 3.6751346e-003
 3.6270090e-003
 3.5570054e-003
 3.4645195e-003
 3.3504164e-003
 3.2170466e-003
 3.0681433e-003
 2.9085795e-003
 2.7437329e-003
 2.5792369e-003
 2.4208303e-003
 2.2738380e-003
 2.1429514e-003
 2.0317018e-003
 1.9421556e-003
 1.8745901e-003
 1.8277607e-003
 1.7993187e-003
 1.7862002e-003
 1.7850397e-003
 1.7923954e-003
 1.8049297e-003
 1.8195984e-003
 1.8338625e-003
 1.8458561e-003
 1.8544805e-003
 1.8593180e-003
 1.8604529e-003
 1.8582767e-003
 1.8533251e-003
 1.8461924e-003
 1.8374748e-003
 1.8277441e-003
 1.8175327e-003
 1.8073025e-003
 1.7974457e-003
 1.7882888e-003
 1.7801166e-003
 1.7731779e-003
 1.7677051e-003
 1.7639177e-003
 1.7620028e-003
 1.7620942e-003
 1.7642364e-003
 1.7683520e-003
 1.7742307e-003
 1.7815419e-003
 1.7898577e-003
 1.7987016e-003
 1.8075726e-003
 1.8159650e-003
 1.8234086e-003
 1.8294997e-003
 1.8339464e-003
 1.8366199e-003
 1.8375675e-003
 1.8369908e-003
 1.8352007e-003
 1.8325688e-003
 1.8294891e-003
 1.8263521e-003
 1.8235114e-003
 1.8212508e-003
 1.8197445e-003
 1.8190182e-003
 1.8189352e-003
 1.8192059e-003
 1.8194226e-003
 1.8191036e-003
 1.8177339e-003
 1.8147936e-003
 1.8097704e-003
 1.8021660e-003
 1.7915082e-003
 1.7779588e-003
 1.7640203e-003
 1.7423687e-003
 1.7181361e-003
 1.6919271e-003
 1.6643516e-003
 1.6360122e-003
 1.6075324e-003
 1.5795151e-003
 1.5525699e-003
 1.5273064e-003
 1.5042761e-003
 1.4835480e-003
 1.4649030e-003
 1.4481252e-003
 1.4329950e-003
 1.4193032e-003
 1.4068303e-003
 1.3953600e-003
 1.3846736e-003
 1.3745606e-003
 1.3648018e-003
 1.3551812e-003
 1.3454802e-003
 1.3354877e-003
 1.3250138e-003
 1.3141338e-003
 1.3030635e-003
 1.2920176e-003
 1.2812192e-003
 1.2708826e-003
 1.2612252e-003
 1.2524625e-003
 1.2448160e-003
 1.2385009e-003
 1.2337345e-003
 1.2307338e-003
 1.2297174e-003
 1.2309017e-003
 1.2345042e-003
 1.2407424e-003
 1.2498357e-003
 1.2619975e-003
 1.2774088e-003
 1.2959075e-003
 1.3171590e-003
 1.3408116e-003
 1.3665279e-003
 1.3939661e-003
 1.4227917e-003
 1.4526494e-003
 1.4832034e-003
 1.5141125e-003
 1.5450348e-003
 1.5756356e-003
 1.6055587e-003
 1.6344697e-003
 1.6620266e-003
 1.6878939e-003
 1.7117170e-003
 1.7331609e-003
 1.7518837e-003
 1.7675471e-003
 1.7798014e-003
 1.7883095e-003
 1.7927733e-003
 1.7932743e-003
 1.7900872e-003
 1.7834888e-003
 1.7737560e-003
 1.7611649e-003
 1.7459885e-003
 1.7285099e-003
 1.7090029e-003
 1.6877437e-003
 1.6650031e-003
 1.6410688e-003
 1.6162117e-003
 1.5907084e-003
 1.5648291e-003
 1.5388629e-003
 1.5130799e-003
 1.4877567e-003
 1.4631696e-003
 1.4395899e-003
 1.4173050e-003
 1.3965860e-003
 1.3777091e-003
 1.3609473e-003
 1.3465848e-003
 1.3348940e-003
 1.3261195e-003
 1.3202411e-003
 1.3171126e-003
 1.3165820e-003
 1.3184993e-003
 1.3227144e-003
 1.3290790e-003
 1.3374401e-003
 1.3476487e-003
 1.3595549e-003
 1.3730120e-003
 1.3878633e-003
 1.4039621e-003
 1.4211580e-003
 1.4393056e-003
 1.4582461e-003
 1.4778337e-003
 1.4979180e-003
 1.5183543e-003
 1.5389826e-003
 1.5596576e-003
 1.5802291e-003
 1.6005475e-003
 1.6204668e-003
 1.6398280e-003
 1.6584854e-003
 1.6762891e-003
 1.6930932e-003
 1.7087392e-003
 1.7230810e-003
 1.7359856e-003
 1.7474510e-003
 1.7575298e-003
 1.7662824e-003
