s07_ASD Record=2249:  error bars to preceding                
 7.5512048e-004
 7.6691288e-004
 7.7566464e-004
 7.7762140e-004
 7.7048544e-004
 7.5497059e-004
 7.3442125e-004
 7.1312144e-004
 6.9458480e-004
 6.8062934e-004
 6.7144405e-004
 6.6622172e-004
 6.6385005e-004
 6.6342379e-004
 6.6467450e-004
 6.6827371e-004
 6.7567144e-004
 6.8846508e-004
 7.0743862e-004
 7.3151570e-004
 7.5705018e-004
 7.7823759e-004
 7.8899856e-004
 7.8545761e-004
 7.6768413e-004
 7.4027915e-004
 7.1124145e-004
 6.8821089e-004
 6.7465834e-004
 6.6953007e-004
 6.6935201e-004
 6.7062146e-004
 6.7098159e-004
 6.6926214e-004
 6.6545175e-004
 6.6043221e-004
 6.5527967e-004
 6.5087329e-004
 6.4780453e-004
 6.4636947e-004
 6.4661307e-004
 6.4848136e-004
 6.5209664e-004
 6.5800780e-004
 6.6710979e-004
 6.8002654e-004
 6.9614692e-004
 7.1300683e-004
 7.2678906e-004
 7.3409633e-004
 7.3399663e-004
 7.2872773e-004
 7.2215660e-004
 7.1684463e-004
 7.1207702e-004
 7.0452521e-004
 6.9122069e-004
 6.7267421e-004
 6.5238826e-004
 6.3584256e-004
 6.2726607e-004
 6.2420178e-004
 6.2444044e-004
 6.2643067e-004
 6.2844937e-004
 6.3041598e-004
 6.3402270e-004
 6.4115820e-004
 6.5301638e-004
 6.6906033e-004
 6.8649842e-004
 7.0144091e-004
 7.1141130e-004
 7.1713683e-004
 7.2200212e-004
 7.2916097e-004
 7.3816301e-004
 7.4393692e-004
 7.3942164e-004
 7.2018657e-004
 6.8771001e-004
 6.4901094e-004
 6.1302888e-004
 5.8641477e-004
 5.7133188e-004
 5.6605670e-004
 5.6719303e-004
 5.7176634e-004
 5.7821797e-004
 5.8637216e-004
 5.9690216e-004
 6.1065808e-004
 6.2795565e-004
 6.4801442e-004
 6.6889601e-004
 6.8819470e-004
 7.0428982e-004
 7.1728911e-004
 7.2865433e-004
 7.3972269e-004
 7.5078779e-004
 7.6182943e-004
 7.7413971e-004
 7.9100858e-004
 8.1607961e-004
 8.4945146e-004
 8.8487030e-004
 9.1158866e-004
 9.2038338e-004
 9.0947584e-004
 8.8533951e-004
 8.5775380e-004
 8.3371840e-004
 8.1551709e-004
 8.0372748e-004
 8.0087729e-004
 8.1077783e-004
 8.3329924e-004
 8.5997762e-004
 8.7634986e-004
 8.7070529e-004
 8.4201910e-004
 8.0005062e-004
 7.5827487e-004
 7.2661269e-004
 7.0923520e-004
 7.0647319e-004
 7.1703072e-004
 7.3853001e-004
 7.6698663e-004
 7.9664128e-004
 8.2129060e-004
 8.3688099e-004
 8.4321003e-004
 8.4252021e-004
 8.3605567e-004
 8.2260644e-004
 8.0128631e-004
 7.7556353e-004
 7.5324136e-004
 7.4115896e-004
 7.3961279e-004
 7.4231706e-004
 7.4196362e-004
 7.3585910e-004
 7.2687096e-004
 7.1994239e-004
 7.1779237e-004
 7.1908836e-004
 7.2013715e-004
 7.1863725e-004
 7.1637769e-004
 7.1857357e-004
 7.3043257e-004
 7.5348013e-004
 7.8394031e-004
 8.1490446e-004
 8.4246177e-004
 8.7058818e-004
 9.0631476e-004
 9.4631995e-004
 9.7147195e-004
 9.6148992e-004
 9.1616117e-004
 8.5800834e-004
 8.1363763e-004
 7.9540315e-004
 7.9929456e-004
 8.1481686e-004
 8.3615974e-004
 8.6691027e-004
 9.1201189e-004
 9.6096116e-004
 9.8387385e-004
 9.5477479e-004
 8.8022189e-004
 7.9748273e-004
 7.4297283e-004
 7.2742754e-004
 7.4014714e-004
 7.6791208e-004
 8.0566690e-004
 8.5346389e-004
 9.0761407e-004
 9.5542613e-004
 9.7991410e-004
 9.7280828e-004
 9.4353594e-004
 9.1300049e-004
 8.9760555e-004
 8.9940347e-004
 9.0862665e-004
 9.1172452e-004
 8.9858822e-004
 8.6806482e-004
 8.2933361e-004
 7.9582719e-004
 7.7590975e-004
 7.6934107e-004
 7.7160087e-004
 7.7940011e-004
 7.9186761e-004
 8.0857414e-004
 8.2878023e-004
 8.5508463e-004
 8.9967158e-004
 9.8211551e-004
 1.1062735e-003
 1.2303628e-003
 1.2765659e-003
 1.1969692e-003
 1.0285362e-003
 8.6191198e-004
 7.5872673e-004
 7.1797293e-004
 7.1121781e-004
 7.1918045e-004
 7.3308276e-004
 7.4743928e-004
 7.6319143e-004
 7.8682869e-004
 8.1877678e-004
 8.4709405e-004
 8.5715950e-004
 8.4644125e-004
 8.2585483e-004
 8.0487592e-004
 7.8003883e-004
 7.4386114e-004
 7.0032419e-004
 6.6210027e-004
 6.3526776e-004
 6.1659416e-004
 6.0350006e-004
 5.9635547e-004
 5.9217663e-004
 5.8593496e-004
 5.7861209e-004
 5.7638163e-004
 5.8121956e-004
 5.8757665e-004
 5.8796286e-004
 5.7977345e-004
 5.7408784e-004
 6.0474552e-004
 7.1381335e-004
 9.0304122e-004
 1.1020076e-003
 1.2091600e-003
 1.1769389e-003
 1.0430507e-003
 8.8221475e-004
 7.4837683e-004
 6.6161109e-004
 6.2701677e-004
 6.4450991e-004
 7.0029148e-004
 7.7342201e-004
 8.6436141e-004
 9.9479314e-004
 1.1548833e-003
 1.2696118e-003
 1.2569908e-003
 1.1205052e-003
 9.5164252e-004
 8.3590753e-004
 7.8761386e-004
 7.7798835e-004
 7.8102463e-004
 7.8297645e-004
 7.8265875e-004
 7.8682671e-004
 7.9365732e-004
 7.9343165e-004
 7.8737852e-004
 7.8959792e-004
 8.0958998e-004
 8.4024062e-004
 8.6156093e-004
 8.5796026e-004
 8.3941652e-004
 8.4806752e-004
 9.2700287e-004
 1.0642580e-003
 1.1829470e-003
 1.2032408e-003
 1.1057452e-003
 9.4257045e-004
 7.9827424e-004
 7.3346705e-004
 7.4750528e-004
 7.8353717e-004
 7.7751488e-004
 7.1449636e-004
 6.3339312e-004
 5.7632598e-004
 5.5013254e-004
 5.3922669e-004
 5.3493970e-004
 5.4070365e-004
 5.5531441e-004
 5.6891819e-004
 5.9821969e-004
 7.1006588e-004
 9.3981368e-004
 1.1761711e-003
 1.2396441e-003
 1.1177775e-003
 9.8964956e-004
 9.7209105e-004
 9.9959783e-004
 9.9837675e-004
 1.0007824e-003
 1.0271103e-003
 1.0178577e-003
 9.5541956e-004
 9.1857603e-004
 9.5690682e-004
 1.0139403e-003
 1.0089925e-003
 9.5400476e-004
 9.2165923e-004
 9.3119446e-004
 9.3145814e-004
 8.7836263e-004
 7.9114467e-004
 7.3477445e-004
 7.5439707e-004
 8.2784455e-004
 8.8453974e-004
 8.7028265e-004
 7.9307513e-004
 7.0929335e-004
 6.7052076e-004
 6.8437355e-004
 7.1955705e-004
 7.3868438e-004
 7.2392105e-004
 6.8080961e-004
 6.3046126e-004
 6.0110795e-004
 6.1679899e-004
 6.8089605e-004
 7.6655223e-004
 8.2990428e-004
 8.4119977e-004
 8.0620317e-004
 7.5596554e-004
 7.1680290e-004
 6.9059298e-004
 6.6141470e-004
 6.1919785e-004
 5.7635974e-004
 5.5880548e-004
 5.7238177e-004
 5.9649569e-004
 6.0607510e-004
 5.9428188e-004
 5.7985674e-004
 5.8270030e-004
 6.0067244e-004
 6.1766437e-004
 6.2194449e-004
 6.1032100e-004
 5.8606511e-004
 5.6160364e-004
 5.5636337e-004
 5.8111880e-004
 6.2613271e-004
 6.6968997e-004
 6.9403742e-004
 6.9302256e-004
 6.7281327e-004
 6.4960786e-004
 6.4247294e-004
 6.6006492e-004
 6.9095363e-004
 7.1023469e-004
 7.0756720e-004
 7.2128285e-004
 8.1266405e-004
 9.5940381e-004
 1.0306303e-003
 9.5069979e-004
 8.1614527e-004
 7.6199137e-004
 7.9502451e-004
 8.2804036e-004
 8.0358796e-004
 7.4058527e-004
 6.9740141e-004
 7.0410495e-004
 7.3446770e-004
 7.5272110e-004
 7.5833843e-004
 7.6495035e-004
 7.6612539e-004
 7.5037940e-004
 7.1990455e-004
 6.9287093e-004
 6.7824876e-004
 6.6212792e-004
 6.4319355e-004
 6.4635481e-004
 6.9107220e-004
 7.6311716e-004
 8.1976666e-004
 8.2465529e-004
 7.9193996e-004
 7.8528334e-004
 8.5846207e-004
 9.9029008e-004
 1.0884146e-003
 1.0679450e-003
 9.3428243e-004
 7.8144384e-004
 7.0620194e-004
 7.2737224e-004
 7.8623748e-004
 8.1679074e-004
 8.0581073e-004
 7.9416059e-004
 8.2549331e-004
 8.9450023e-004
 9.5175725e-004
 9.5201831e-004
 8.8635919e-004
 7.8689842e-004
 7.0792076e-004
 6.8536011e-004
 6.9196400e-004
 7.0507039e-004
 7.0100458e-004
 6.8209937e-004
 6.6113420e-004
 6.5091706e-004
 6.6126039e-004
 6.8229012e-004
 6.9619995e-004
 6.8515784e-004
 6.3705782e-004
 5.7747349e-004
 5.4721819e-004
 5.8715889e-004
 7.2760496e-004
 9.2919852e-004
 1.1243110e-003
 1.2452399e-003
 1.2359249e-003
 1.1178622e-003
 9.1338588e-004
 7.4160931e-004
 6.2779308e-004
 5.8759109e-004
 6.0076965e-004
 6.4552849e-004
 7.0005737e-004
 7.4309902e-004
 7.6556380e-004
 7.7043113e-004
 7.6120510e-004
 7.4139016e-004
 7.1453297e-004
 6.8526989e-004
 6.5928954e-004
 6.4233795e-004
 6.4015202e-004
 6.5817288e-004
 6.9520262e-004
 7.4351864e-004
 7.9514447e-004
 8.4208074e-004
 8.7634771e-004
 8.9220784e-004
 8.9264131e-004
 8.8274840e-004
 8.6763053e-004
 8.5238426e-004
 8.4211235e-004
 8.4060489e-004
 8.4662403e-004
 8.5772248e-004
 8.7144953e-004
 8.8535988e-004
 8.9700212e-004
 9.0392964e-004
 9.0481789e-004
 9.0262311e-004
 9.0132165e-004
 9.0489024e-004
 9.1730664e-004
 9.4254449e-004
 9.8458643e-004
 1.0473990e-003
 1.1331864e-003
 1.2373781e-003
 1.3538605e-003
 1.4764682e-003
 1.5990916e-003
 1.7155643e-003
 1.8197633e-003
 1.9055613e-003
 1.9682231e-003
 2.0083578e-003
 2.0277856e-003
 2.0283416e-003
 2.0118565e-003
 1.9801562e-003
 1.9350786e-003
 1.8784442e-003
 1.8121105e-003
 1.7379613e-003
 1.6579250e-003
 1.5739042e-003
 1.4877999e-003
 1.4015435e-003
 1.3170257e-003
 1.2361780e-003
 1.1608928e-003
 1.0930987e-003
 1.0346911e-003
 9.8759518e-004
 9.5315214e-004
 9.3069376e-004
 9.1907935e-004
 9.1717578e-004
 9.2384702e-004
 9.3795604e-004
 9.5836743e-004
 9.8394940e-004
 1.0135599e-003
 1.0460706e-003
 1.0803380e-003
 1.1152346e-003
 1.1497028e-003
 1.1830094e-003
 1.2144735e-003
 1.2434298e-003
 1.2691990e-003
 1.2911138e-003
 1.3084968e-003
 1.3206790e-003
 1.3269850e-003
 1.3267434e-003
 1.3192806e-003
 1.3042552e-003
 1.2824791e-003
 1.2550275e-003
 1.2229638e-003
 1.1873652e-003
 1.1492935e-003
 1.1098271e-003
 1.0700271e-003
 1.0309726e-003
 9.9372421e-004
 9.5915678e-004
 9.2742546e-004
 8.9853356e-004
 8.7249494e-004
 8.4930978e-004
 8.2899065e-004
 8.1153912e-004
 7.9696637e-004
 7.8527542e-004
 7.7647594e-004
 7.7053654e-004
 7.6730741e-004
 7.6660968e-004
 7.6826609e-004
 7.7209919e-004
 7.7793055e-004
 7.8558258e-004
 7.9487904e-004
 8.0563989e-004
 8.1769010e-004
 8.3074195e-004
 8.4415317e-004
 8.5719890e-004
 8.6916075e-004
 8.7931455e-004
 8.8694104e-004
 8.9131697e-004
 8.9172192e-004
 8.8743411e-004
 8.7809085e-004
 8.6451927e-004
 8.4779994e-004
 8.2900643e-004
 8.0922048e-004
 7.8951486e-004
 7.7097159e-004
 7.5466378e-004
 7.4132526e-004
 7.3053845e-004
 7.2165631e-004
 7.1402709e-004
 7.0700288e-004
 6.9993234e-004
 6.9216744e-004
 6.8305800e-004
 6.7256362e-004
 6.6263787e-004
 6.5563462e-004
 6.5391161e-004
 6.5982458e-004
 6.7572825e-004
 7.0398260e-004
 7.4693613e-004
 8.0490438e-004
 8.7156682e-004
 9.3930151e-004
 9.9462143e-004
 1.0375200e-003
 1.0579185e-003
 1.0512135e-003
 1.0181284e-003
 9.6408080e-004
 8.9769618e-004
 8.2913117e-004
 7.6877937e-004
 7.2556129e-004
 7.0426048e-004
 7.0383667e-004
 7.1904738e-004
 7.4298261e-004
 7.6869054e-004
 7.9034688e-004
 8.0434117e-004
 8.0959505e-004
 8.0692669e-004
 7.9809444e-004
 7.8515359e-004
 7.7015971e-004
 7.5504836e-004
 7.4159680e-004
 7.3144346e-004
 7.2606903e-004
 7.2662334e-004
 7.3353387e-004
 7.4607937e-004
 7.6225051e-004
 7.7904551e-004
 7.9304847e-004
 8.0116041e-004
 8.0141885e-004
 7.9368852e-004
 7.7986700e-004
 7.6346885e-004
 7.4876897e-004
 7.3975645e-004
 7.3905831e-004
 7.6847582e-004
 7.7025587e-004
 7.7205012e-004
 7.7316997e-004
 7.7300717e-004
 7.7119417e-004
 7.6771621e-004
 7.6295011e-004
 7.5764459e-004
 7.5280241e-004
 7.4949826e-004
 7.4865832e-004
 7.5086131e-004
 7.5621274e-004
 7.6436379e-004
 7.7462470e-004
 7.8610948e-004
 7.9789746e-004
 8.0914691e-004
 8.1917743e-004
 8.2750234e-004
 8.3381240e-004
 8.3795819e-004
 8.3991408e-004
 8.3974568e-004
 8.3760248e-004
 8.3372829e-004
 8.2846358e-004
 8.2225021e-004
 8.1562140e-004
 8.0915884e-004
 8.0344290e-004
 7.9898414e-004
 7.9616328e-004
 7.9517707e-004
 7.9600606e-004
 7.9841097e-004
 8.0196693e-004
 8.0613082e-004
 8.1033539e-004
 8.1409269e-004
 8.1707526e-004
 8.1916410e-004
 8.2044187e-004
 8.2112709e-004
 8.2146720e-004
 8.2161138e-004
 8.2150265e-004
 8.2082342e-004
 8.1901939e-004
 8.1540470e-004
 8.0932979e-004
 8.0037036e-004
 7.8848092e-004
 7.7408733e-004
 7.5806008e-004
 7.4161193e-004
 7.2610885e-004
 7.1285560e-004
 7.0292363e-004
 6.9701648e-004
 6.9543399e-004
 6.9809286e-004
 7.0460123e-004
 7.1434287e-004
 7.2655093e-004
 7.4036489e-004
 7.5485185e-004
 7.6904771e-004
 7.8198861e-004
 7.9278625e-004
 8.0072368e-004
 8.0534618e-004
 8.0654712e-004
 8.0459542e-004
 8.0010656e-004
 7.9394231e-004
 7.8706944e-004
 7.8039017e-004
 7.7460130e-004
 7.7009277e-004
 7.6691725e-004
 7.6483563e-004
 7.6341553e-004
 7.6216972e-004
 7.6069444e-004
 7.5878040e-004
 7.5647212e-004
 7.5406011e-004
 7.5200654e-004
 7.5082335e-004
 7.5092481e-004
 7.5249374e-004
 7.5539184e-004
 7.5914280e-004
 7.6299283e-004
 7.6604856e-004
 7.6745532e-004
 7.6658867e-004
 7.6321012e-004
 7.5755682e-004
 7.5033732e-004
 7.4264081e-004
 7.3576282e-004
 7.3098153e-004
 7.2933559e-004
 7.3142879e-004
 7.3731533e-004
 7.4648031e-004
 7.5793447e-004
 7.7038730e-004
 7.8249600e-004
 7.9310237e-004
 8.0144190e-004
 8.0726331e-004
 8.1083033e-004
 8.1282470e-004
 8.1416237e-004
 8.1576995e-004
 8.1837416e-004
 8.2234264e-004
 8.2760624e-004
 8.3367422e-004
 8.3972001e-004
 8.4473274e-004
 8.4768358e-004
 8.4769836e-004
 8.4419915e-004
 8.3700672e-004
 8.2638609e-004
 8.1304513e-004
 7.9807051e-004
 7.8280654e-004
 7.6871115e-004
 7.5716025e-004
 7.4927590e-004
 7.4576266e-004
 7.4680761e-004
 7.5206120e-004
 7.6070061e-004
 7.7157957e-004
 7.8341487e-004
 7.9499680e-004
 8.0534170e-004
 8.1378606e-004
 8.1999163e-004
 8.2386780e-004
 8.2546915e-004
 8.2488958e-004
 8.2221098e-004
 8.1751286e-004
 8.1094372e-004
 8.0280774e-004
 7.9363532e-004
 7.8417966e-004
 7.7532465e-004
 7.6793006e-004
 7.6263055e-004
 7.5967837e-004
 7.5886137e-004
 7.5954484e-004
 7.6083030e-004
 7.6179148e-004
 7.6172507e-004
 7.6034979e-004
 7.5789710e-004
 7.5507653e-004
 7.5292517e-004
 7.5258600e-004
 7.5507502e-004
 7.6109148e-004
 7.7090930e-004
 7.8436692e-004
 8.0095307e-004
 8.1993162e-004
 8.4051187e-004
 8.6196733e-004
 8.8372320e-004
 9.0537837e-004
 9.2663494e-004
 9.4721996e-004
 9.6675358e-004
 9.8466629e-004
 1.0001697e-003
 1.0122854e-003
 1.0199834e-003
 1.0223561e-003
 1.0188327e-003
 1.0093608e-003
 9.9452329e-004
 9.7555289e-004
 9.5422275e-004
 9.3266158e-004
 9.1306638e-004
 8.9742918e-004
 8.8726275e-004
 8.8340236e-004
 8.8591385e-004
 8.9410093e-004
 9.0662180e-004
 9.2168991e-004
 9.3733810e-004
 9.5167814e-004
 9.6316217e-004
 9.7075902e-004
 9.7406324e-004
 9.7329711e-004
 9.6921378e-004
 9.6292066e-004
 9.5565344e-004
 9.4853400e-004
 9.4235392e-004
 9.3743473e-004
 9.3357411e-004
 9.3010050e-004
 9.2602649e-004
 9.2025875e-004
 9.1183273e-004
 9.0011215e-004
 8.8490866e-004
 8.6652150e-004
 8.4565656e-004
 8.2330499e-004
 8.0057076e-004
 7.7850744e-004
 7.5802591e-004
 7.3982001e-004
 7.2438124e-004
 7.1201689e-004
 7.0287788e-004
 6.9698319e-004
 6.9420389e-004
 6.9424603e-004
 6.9662830e-004
 7.0068962e-004
 7.0563104e-004
 7.1060390e-004
 7.1481778e-004
 7.1765884e-004
 7.1878318e-004
 7.1816164e-004
 7.1607082e-004
 7.1302615e-004
 7.0967898e-004
 7.0669438e-004
 7.0464495e-004
 7.0393458e-004
 7.0477172e-004
 7.0719304e-004
 7.1112835e-004
 7.1648485e-004
 7.2322850e-004
 7.3143933e-004
 7.4130844e-004
 7.5309403e-004
 7.6701614e-004
 7.8314060e-004
 8.0128177e-004
 8.2093355e-004
 8.4130460e-004
 8.6139853e-004
 8.8017585e-004
 8.9673582e-004
 9.1045210e-004
 9.2106313e-004
 9.2866889e-004
 9.3363499e-004
 9.3646004e-004
 9.3762454e-004
 9.3748601e-004
 9.3623891e-004
 9.3394925e-004
 9.3064050e-004
 9.2639698e-004
 9.2143990e-004
 9.1614638e-004
 9.1101282e-004
 9.0656133e-004
 9.0323878e-004
 9.0132811e-004
 9.0090657e-004
 9.0185925e-004
 9.0393267e-004
 9.0680650e-004
 9.1015361e-004
 9.1367128e-004
 9.1706990e-004
 9.2004228e-004
 9.2222425e-004
 9.2318101e-004
 9.2243083e-004
 9.1950869e-004
 9.1405859e-004
 9.0592232e-004
 8.9520984e-004
 8.8230876e-004
 8.6785370e-004
 8.5263711e-004
 8.3748950e-004
 8.2317711e-004
 8.1029552e-004
 7.9922739e-004
 7.9012319e-004
 7.8292115e-004
 7.7739917e-004
 7.7322056e-004
 7.6998846e-004
 7.6728396e-004
 7.6469476e-004
 7.6183985e-004
 7.5838430e-004
 7.5405842e-004
 7.4867252e-004
 7.4212818e-004
 7.3443068e-004
 7.2569074e-004
 7.1611657e-004
 7.0601277e-004
 6.9575867e-004
 6.8580231e-004
 6.7663868e-004
 6.6878390e-004
 6.6274952e-004
 6.5899006e-004
 6.5785157e-004
 6.5950380e-004
 6.6388311e-004
 6.7065074e-004
 6.7919242e-004
 6.8865501e-004
 6.9803948e-004
 7.0633547e-004
 7.1266724e-004
 7.1644969e-004
 7.1749865e-004
 7.1609323e-004
 7.1296020e-004
 7.0918468e-004
 7.0605328e-004
 7.0485182e-004
 7.0665422e-004
 7.1213115e-004
 7.2141661e-004
 7.3405716e-004
 7.4906548e-004
 7.6504890e-004
 7.8043313e-004
 7.9369487e-004
 8.0360798e-004
 8.0944051e-004
 8.1106828e-004
 8.0901501e-004
 8.0440153e-004
 7.9883088e-004
 7.9421920e-004
 7.9260406e-004
 7.9592684e-004
 8.0581242e-004
 8.2334195e-004
 8.4885582e-004
 8.8177260e-004
 9.2052913e-004
 9.6259254e-004
 1.0046604e-003
 1.0430272e-003
 1.0740334e-003
 1.0946272e-003
 1.1028756e-003
 1.0983212e-003
 1.0821340e-003
 1.0569873e-003
 1.0266803e-003
 9.9555391e-004
 9.6786820e-004
 9.4716763e-004
 9.3584484e-004
 9.3487947e-004
 9.4383134e-004
 9.6103502e-004
 9.8395254e-004
 1.0095795e-003
 1.0348670e-003
 1.0570872e-003
 1.0740694e-003
 1.0843618e-003
 1.0872483e-003
 1.0827041e-003
 1.0712765e-003
 1.0539495e-003
 1.0320038e-003
 1.0068822e-003
 9.8010746e-004
 9.5317891e-004
 9.2752575e-004
 9.0443436e-004
 8.8497921e-004
 8.6998619e-004
 8.5997372e-004
 8.5515185e-004
 8.5543311e-004
 8.6048560e-004
 8.6980168e-004
 8.8277448e-004
 8.9874305e-004
 9.1701216e-004
 9.3684392e-004
 9.5740549e-004
 9.7775646e-004
 9.9683739e-004
 1.0135367e-003
 1.0268127e-003
 1.0358315e-003
 1.0401242e-003
 1.0396721e-003
 1.0349161e-003
 1.0266555e-003
 1.0158702e-003
 1.0035028e-003
 9.9026051e-004
 9.7651908e-004
 9.6232205e-004
 9.4752409e-004
 9.3200326e-004
 9.1589271e-004
 8.9978066e-004
 8.8476995e-004
 8.7241916e-004
 8.6451822e-004
 8.6276210e-004
 8.6838746e-004
 8.8183908e-004
 9.0254704e-004
 9.2887494e-004
 9.5828151e-004
 9.8763173e-004
 1.0136882e-003
 1.0335974e-003
 1.0453529e-003
 1.0480892e-003
 1.0421431e-003
 1.0288957e-003
 1.0104064e-003
 9.8896993e-004
 9.6666533e-004
 9.4506645e-004
 9.2512049e-004
 9.0723025e-004
 8.9150755e-004
 8.7804784e-004
 8.6718652e-004
 8.5960102e-004
 8.5624988e-004
 8.5816486e-004
 8.6614519e-004
 8.8044972e-004
 9.0056797e-004
 9.2514651e-004
 9.5205539e-004
 9.7864831e-004
 1.0020873e-003
 1.0197437e-003
 1.0295677e-003
 1.0303525e-003
 1.0218977e-003
 1.0050070e-003
 9.8137255e-004
 9.5332996e-004
 9.2359487e-004
 8.9496886e-004
 8.7008311e-004
 8.5123954e-004
 8.4027724e-004
 8.3853153e-004
 8.4679417e-004
 8.6529762e-004
 8.9367630e-004
 9.3095558e-004
 9.7552460e-004
 1.0251889e-003
 1.0773122e-003
 1.1289722e-003
 1.1772672e-003
 1.2195475e-003
 1.2536759e-003
 1.2781960e-003
 1.2923555e-003
 1.2960745e-003
 1.2898010e-003
 1.2743642e-003
 1.2508285e-003
 1.2204217e-003
 1.1845101e-003
 1.1445960e-003
 1.1023654e-003
 1.0596288e-003
 1.0182746e-003
 9.8011352e-004
 9.4669661e-004
 9.1919024e-004
 8.9824788e-004
 8.8402670e-004
 8.7625731e-004
 8.7439409e-004
 8.7779353e-004
 8.8586065e-004
 8.9813361e-004
 9.1429008e-004
 9.3409402e-004
 9.5727784e-004
 9.8345359e-004
 1.0120196e-003
 1.0421410e-003
 1.0727851e-003
 1.1027607e-003
 1.1307999e-003
 1.1556390e-003
 1.1760599e-003
 1.1909674e-003
 1.1994204e-003
 1.2007329e-003
 1.1944979e-003
 1.1806027e-003
 1.1592378e-003
 1.1308930e-003
 1.0962914e-003
 1.0564009e-003
 1.0124459e-003
 9.6578582e-004
 9.1783964e-004
 8.6994231e-004
 8.2321127e-004
 7.7852694e-004
 7.3649536e-004
 6.9755380e-004
 6.6205132e-004
 6.3033984e-004
 6.0289656e-004
 5.8032037e-004
 5.6332711e-004
 5.5266701e-004
 5.4904743e-004
 5.5305223e-004
 5.6499965e-004
 5.8483990e-004
 6.1205798e-004
 6.4564688e-004
 6.8409659e-004
 7.2547415e-004
 7.6757709e-004
 8.0808398e-004
 8.4480568e-004
 8.7585981e-004
 8.9987990e-004
 9.1614353e-004
 9.2454522e-004
 9.2554325e-004
 9.2003663e-004
 9.0923358e-004
 8.9449366e-004
 8.7723043e-004
 8.5881248e-004
 8.4046368e-004
 8.2315732e-004
 8.0753438e-004
 7.9387211e-004
 7.8207802e-004
 7.7174150e-004
 7.6224352e-004
 7.5288262e-004
 7.4303820e-004
 7.3231471e-004
 7.2064798e-004
 7.0834416e-004
 6.9602329e-004
 6.8453292e-004
 6.7481992e-004
 6.6780113e-004
 6.6426373e-004
 6.6479173e-004
 6.6970882e-004
 6.7903509e-004
 6.9247937e-004
 7.0943969e-004
 7.2904257e-004
 7.5017486e-004
 7.7155320e-004
 7.9181773e-004
 8.0961478e-004
 8.2371250e-004
 8.3311152e-004
 8.3712966e-004
 8.3547842e-004
 8.2828896e-004
 8.1610499e-004
 7.9982152e-004
 7.8060461e-004
 7.5976277e-004
 7.3864125e-004
 7.1850250e-004
 7.0042670e-004
 6.8526180e-004
 6.7356927e-004
 6.6562498e-004
 6.6141947e-004
 6.6068338e-004
 6.6292821e-004
 6.6749763e-004
 6.7363074e-004
 6.8053819e-004
 6.8748771e-004
 6.9387921e-004
 6.9931854e-004
 7.0365489e-004
 7.0699031e-004
 7.0964574e-004
 7.1208394e-004
 7.1480591e-004
 7.1823329e-004
 7.2259601e-004
 7.2785612e-004
 7.3367369e-004
 7.3943689e-004
 7.4435072e-004
 7.4756495e-004
 7.4833329e-004
 7.4615958e-004
 7.4091408e-004
 7.3288538e-004
 7.2276714e-004
 7.1156118e-004
 7.0043787e-004
 6.9055473e-004
 6.8287615e-004
 6.7804032e-004
 6.7627250e-004
 6.7738589e-004
 6.8085070e-004
 6.8593025e-004
 6.9184584e-004
 6.9794594e-004
 7.0384401e-004
 7.0948928e-004
 7.1517186e-004
 7.2144368e-004
 7.2898646e-004
 7.3845003e-004
 7.5028156e-004
 7.6460664e-004
 7.8115234e-004
 7.9925195e-004
 8.1793126e-004
 8.3603797e-004
 8.5244299e-004
 8.6621474e-004
 8.7678753e-004
 8.8406698e-004
 8.8842050e-004
 8.9060230e-004
 8.9161884e-004
 8.9257676e-004
 8.9453295e-004
 8.9837040e-004
 9.0472779e-004
 9.1394095e-004
 9.2601590e-004
 9.4065216e-004
 9.5728773e-004
 9.7518449e-004
 9.9353108e-004
 1.0115255e-003
 1.0284787e-003
 1.0438665e-003
 1.0573855e-003
 1.0689928e-003
 1.0789206e-003
 1.0877019e-003
 1.0961551e-003
 1.1053381e-003
 1.1164607e-003
 1.1307534e-003
 1.1493263e-003
 1.1729940e-003
 1.2021275e-003
 1.2365557e-003
 1.2754928e-003
 1.3175771e-003
 1.3609059e-003
 1.4032047e-003
 1.4420626e-003
 1.4751608e-003
 1.5005536e-003
 1.5169039e-003
 1.5236278e-003
 1.5209719e-003
 1.5099497e-003
 1.4921993e-003
 1.4697501e-003
 1.4447799e-003
 1.4193354e-003
 1.3951312e-003
 1.3733844e-003
 1.3547309e-003
 1.3392504e-003
 1.3265262e-003
 1.3157926e-003
 1.3060888e-003
 1.2964193e-003
 1.2859048e-003
 1.2738799e-003
 1.2599665e-003
 1.2440934e-003
 1.2264773e-003
 1.2075998e-003
 1.1881544e-003
 1.1689907e-003
 1.1510834e-003
 1.1354706e-003
 1.1232257e-003
 1.1153998e-003
 1.1129619e-003
 1.1167348e-003
 1.1273165e-003
 1.1450031e-003
 1.1697239e-003
 1.2010185e-003
 1.2380169e-003
 1.2795173e-003
 1.3240468e-003
 1.3699986e-003
 1.4157936e-003
 1.4599839e-003
 1.5014163e-003
 1.5392759e-003
 1.5731334e-003
 1.6029300e-003
 1.6288738e-003
 1.6513536e-003
 1.6707820e-003
 1.6874732e-003
 1.7015354e-003
 1.7127892e-003
 1.7207569e-003
 1.7247053e-003
 1.7237369e-003
 1.7169329e-003
 1.7035187e-003
 1.6830334e-003
 1.6554598e-003
 1.6213343e-003
 1.5817464e-003
 1.5383138e-003
 1.4930532e-003
 1.4481881e-003
 1.4059832e-003
 1.3684987e-003
 1.3374464e-003
 1.3140412e-003
 1.2989233e-003
 1.2921628e-003
 1.2932847e-003
 1.3013514e-003
 1.3150489e-003
 1.3327911e-003
 1.3528006e-003
 1.3732001e-003
 1.3921125e-003
 1.4077495e-003
 1.4185514e-003
 1.4233191e-003
 1.4213818e-003
 1.4127454e-003
 1.3982119e-003
 1.3794153e-003
 1.3587916e-003
 1.3394151e-003
 1.3246879e-003
 1.3179285e-003
 1.3218542e-003
 1.3380704e-003
 1.3666208e-003
 1.4057141e-003
 1.4517636e-003
 1.4998300e-003
 1.5441423e-003
 1.5787664e-003
 1.5982705e-003
 1.5982706e-003
 1.5758660e-003
 1.5297652e-003
 1.4604334e-003
 1.3702983e-003
 1.2637553e-003
 1.1468637e-003
 1.0267893e-003
 9.1118843e-004
 8.0725574e-004
 7.2093029e-004
 6.5609347e-004
 6.1418477e-004
 5.9422752e-004
 5.7772885e-004
 5.9767225e-004
 6.2631816e-004
 6.5779820e-004
 6.8703131e-004
 7.1037182e-004
 7.2596950e-004
 7.3365489e-004
 7.3445460e-004
 7.3004112e-004
 7.2233932e-004
 7.1330118e-004
 7.0475577e-004
 6.9825904e-004
 6.9494982e-004
 6.9544523e-004
 6.9981883e-004
 7.0764910e-004
 7.1814837e-004
 7.3030050e-004
 7.4298284e-004
 7.5506413e-004
 7.6548290e-004
 7.7337050e-004
 7.7817979e-004
 7.7981758e-004
 7.7869801e-004
 7.7569147e-004
 7.7200209e-004
 7.6903054e-004
 7.6825620e-004
 7.7114115e-004
 7.7902223e-004
 7.9296506e-004
 8.1357494e-004
 8.4083696e-004
 8.7406539e-004
 9.1194879e-004
 9.5271959e-004
 9.9435542e-004
 1.0346979e-003
 1.0716114e-003
 1.1030725e-003
 1.1273503e-003
 1.1432109e-003
 1.1500783e-003
 1.1481193e-003
 1.1381655e-003
 1.1215423e-003
 1.0998612e-003
 1.0748740e-003
 1.0483378e-003
 1.0219348e-003
 9.9714077e-004
 9.7507378e-004
 9.5638837e-004
 9.4120484e-004
 9.2917611e-004
 9.1960427e-004
 9.1158057e-004
 9.0410851e-004
 8.9618063e-004
 8.8686484e-004
 8.7540114e-004
 8.6131605e-004
 8.4453489e-004
 8.2542130e-004
 8.0472679e-004
 7.8350253e-004
 7.6296198e-004
 7.4439874e-004
 7.2909839e-004
 7.1824878e-004
 7.1283604e-004
 7.1349303e-004
 7.2038017e-004
 7.3312927e-004
 7.5090246e-004
 7.7250483e-004
 7.9654332e-004
 8.2152541e-004
 8.4595307e-004
 8.6841400e-004
 8.8766596e-004
 9.0278231e-004
 9.1324508e-004
 9.1899856e-004
 9.2040445e-004
 9.1812853e-004
 9.1302081e-004
 9.0601260e-004
 8.9805137e-004
 8.9003611e-004
 8.8275573e-004
 8.7680679e-004
 8.7252248e-004
 8.6994935e-004
 8.6887099e-004
 8.6887972e-004
 8.6945319e-004
 8.7002007e-004
 8.7000895e-004
 8.6889876e-004
 8.6628337e-004
 8.6195208e-004
 8.5595628e-004
 8.4864238e-004
 8.4061746e-004
 8.3268550e-004
 8.2576426e-004
 8.2081428e-004
 8.1878388e-004
 8.2053238e-004
 8.2672911e-004
 8.3772076e-004
 8.5342320e-004
 8.7326718e-004
 8.9624635e-004
 9.2104310e-004
 9.4614021e-004
 9.6995529e-004
 9.9091302e-004
 1.0075627e-003
 1.0187334e-003
 1.0237067e-003
 1.0223915e-003
 1.0153842e-003
 1.0039076e-003
 9.8963839e-004
 9.7453035e-004
 9.6064497e-004
 9.5003756e-004
 9.4461476e-004
 9.4595010e-004
 9.5506100e-004
 9.7221101e-004
 9.9682342e-004
 1.0275617e-003
 1.0625437e-003
 1.0995459e-003
 1.1362000e-003
 1.1701492e-003
 1.1991573e-003
 1.2213229e-003
 1.2352723e-003
 1.2403678e-003
 1.2367836e-003
 1.2254253e-003
 1.2077346e-003
 1.1854775e-003
 1.1605665e-003
 1.1349219e-003
 1.1103788e-003
 1.0885260e-003
 1.0705636e-003
 1.0571497e-003
 1.0483396e-003
 1.0436537e-003
 1.0422106e-003
 1.0428941e-003
 1.0444808e-003
 1.0457365e-003
 1.0455002e-003
 1.0427893e-003
 1.0369214e-003
 1.0276254e-003
 1.0150797e-003
 9.9987513e-004
 9.8290562e-004
 9.6523785e-004
 9.4802747e-004
 9.3243120e-004
 9.1955729e-004
 9.1038132e-004
 9.0565189e-004
 9.0581720e-004
 9.1098802e-004
 9.2097145e-004
 9.3534816e-004
 9.5356919e-004
 9.7501115e-004
 9.9903159e-004
 1.0249678e-003
 1.0521450e-003
 1.0798835e-003
 1.1074712e-003
 1.1341868e-003
 1.1592803e-003
 1.1819889e-003
 1.2015527e-003
 1.2172128e-003
 1.2282522e-003
 1.2340622e-003
 1.2342434e-003
 1.2287520e-003
 1.2180245e-003
 1.2030316e-003
 1.1852190e-003
 1.1663926e-003
 1.1485571e-003
 1.1338055e-003
 1.1241892e-003
 1.1215940e-003
 1.1275186e-003
 1.1428337e-003
 1.1675359e-003
 1.2006763e-003
 1.2404412e-003
 1.2843934e-003
 1.3296886e-003
 1.3733575e-003
 1.4124493e-003
 1.4441994e-003
 1.4663519e-003
 1.4774490e-003
 1.4771210e-003
 1.4662195e-003
 1.4466868e-003
 1.4212643e-003
 1.3931893e-003
 1.3658849e-003
 1.3427626e-003
 1.3270120e-003
 1.3212643e-003
 1.3272502e-003
 1.3454588e-003
 1.3750147e-003
 1.4138164e-003
 1.4588238e-003
 1.5064859e-003
 1.5530133e-003
 1.5946382e-003
 1.6278275e-003
 1.6496804e-003
 1.6582982e-003
 1.6531532e-003
 1.6352482e-003
 1.6069494e-003
 1.5716571e-003
 1.5333511e-003
 1.4962726e-003
 1.4646443e-003
 1.4424181e-003
 1.4328555e-003
 1.4381083e-003
 1.4587989e-003
 1.4938653e-003
 1.5407352e-003
 1.5956803e-003
 1.6543405e-003
 1.7120725e-003
 1.7641981e-003
 1.8063880e-003
 1.8349997e-003
 1.8475716e-003
 1.8432386e-003
 1.8229219e-003
 1.7891314e-003
 1.7455840e-003
 1.6966731e-003
 1.6470910e-003
 1.6015657e-003
 1.5644840e-003
 1.5395432e-003
 1.5292580e-003
 1.5345415e-003
 1.5545186e-003
 1.5867207e-003
 1.6274714e-003
 1.6724160e-003
 1.7168990e-003
 1.7562327e-003
 1.7860684e-003
 1.8027512e-003
 1.8038119e-003
 1.7883960e-003
 1.7574382e-003
 1.7134723e-003
 1.6602535e-003
 1.6022114e-003
 1.5440803e-003
 1.4906477e-003
 1.4463773e-003
 1.4150890e-003
 1.3995232e-003
 1.4008994e-003
 1.4187897e-003
 1.4512797e-003
 1.4953276e-003
 1.5472565e-003
 1.6031006e-003
 1.6588132e-003
 1.7105718e-003
 1.7549988e-003
 1.7894481e-003
 1.8123440e-003
 1.8232472e-003
 1.8227540e-003
 1.8122271e-003
 1.7934865e-003
 1.7685586e-003
 1.7395407e-003
 1.7084469e-003
 1.6771028e-003
 1.6470349e-003
 1.6193094e-003
 1.5945098e-003
 1.5727994e-003
 1.5540005e-003
 1.5377491e-003
 1.5235891e-003
 1.5110568e-003
 1.4997164e-003
 1.4892342e-003
 1.4794557e-003
 1.4704535e-003
 1.4625596e-003
 1.4563459e-003
 1.4525504e-003
 1.4520126e-003
 1.4556085e-003
 1.4641827e-003
 1.4784654e-003
 1.4989440e-003
 1.5256761e-003
 1.5581705e-003
 1.5953184e-003
 1.6354211e-003
 1.6763923e-003
 1.7159039e-003
 1.7515016e-003
 1.7807876e-003
 1.8015287e-003
 1.8118778e-003
 1.8106264e-003
 1.7974508e-003
 1.7729864e-003
 1.7387626e-003
 1.6969373e-003
 1.6500448e-003
 1.6008253e-003
 1.5520009e-003
 1.5061767e-003
 1.4656450e-003
 1.4322132e-003
 1.4069596e-003
 1.3901964e-003
 1.3815481e-003
 1.3801106e-003
 1.3846777e-003
 1.3938912e-003
 1.4063485e-003
 1.4206647e-003
 1.4355092e-003
 1.4496772e-003
 1.4621186e-003
 1.4719607e-003
 1.4784819e-003
 1.4810859e-003
 1.4792451e-003
 1.4724797e-003
 1.4603551e-003
 1.4425192e-003
 1.4188015e-003
 1.3892974e-003
 1.3544833e-003
 1.3152430e-003
 1.2728658e-003
 1.2288901e-003
 1.1850168e-003
 1.1430467e-003
 1.1047402e-003
 1.0717668e-003
 1.0456087e-003
 1.0273695e-003
 1.0176803e-003
 1.0166459e-003
 1.0238833e-003
 1.0386584e-003
 1.0600311e-003
 1.0869455e-003
 1.1183346e-003
 1.1531616e-003
 1.1904418e-003
 1.2293481e-003
 1.2692378e-003
 1.3096415e-003
 1.3503003e-003
 1.3910795e-003
 1.4319348e-003
 1.4728289e-003
 1.5137597e-003
 1.5547054e-003
 1.5955648e-003
 1.6361817e-003
 1.6762849e-003
 1.7154469e-003
 1.7531540e-003
 1.7887986e-003
 1.8217323e-003
 1.8512664e-003
 1.8767525e-003
 1.8976005e-003
 1.9133384e-003
 1.9237313e-003
 1.9288395e-003
 1.9290529e-003
 1.9250659e-003
 1.9177899e-003
 1.9082736e-003
 1.8976168e-003
 1.8869215e-003
 1.8772302e-003
 1.8694617e-003
 1.8643064e-003
 1.8621574e-003
 1.8630765e-003
 1.8668234e-003
 1.8729396e-003
 1.8808298e-003
 1.8898420e-003
 1.8993110e-003
 1.9086007e-003
 1.9171376e-003
 1.9244747e-003
 1.9303260e-003
 1.9345807e-003
 1.9372950e-003
 1.9386429e-003
 1.9388696e-003
 1.9382546e-003
 1.9370852e-003
 1.9356405e-003
 1.9341717e-003
 1.9328833e-003
 1.9319159e-003
 1.9313401e-003
 1.9311620e-003
 1.9313411e-003
 1.9318084e-003
 1.9324822e-003
 1.9332779e-003
 1.9341147e-003
 1.9349254e-003
 1.9356642e-003
 1.9363149e-003
 1.9368934e-003
 1.9374462e-003
 1.9380408e-003
 1.9387578e-003
 1.9396828e-003
 1.9408999e-003
 1.9424830e-003
 1.9444857e-003
 1.9469267e-003
 1.9497747e-003
 1.9529474e-003
 1.9563138e-003
 1.9597085e-003
 1.9629437e-003
 1.9658266e-003
 1.9681710e-003
 1.9698138e-003
 1.9706485e-003
 1.9706571e-003
 1.9699452e-003
 1.9687528e-003
 1.9674427e-003
 1.9664683e-003
 1.9663367e-003
 1.9675808e-003
 1.9707431e-003
 1.9763601e-003
 1.9849590e-003
 1.9970485e-003
 2.0130996e-003
 2.0335591e-003
 2.0588492e-003
 2.0893516e-003
 2.1254490e-003
 2.1675006e-003
 2.2158385e-003
 2.2706657e-003
 2.3320310e-003
 2.3996765e-003
 2.4728708e-003
 2.5504620e-003
 2.6308771e-003
 2.7121732e-003
 2.7922809e-003
 2.8690337e-003
 2.9402850e-003
 3.0039293e-003
 3.0581222e-003
 3.1013619e-003
 3.1325934e-003
 3.1513225e-003
 3.1575202e-003
 3.1515071e-003
 3.1338225e-003
 3.1051042e-003
 3.0660704e-003
 3.0174733e-003
 2.9601590e-003
 2.8950961e-003
 2.8234900e-003
 2.7467071e-003
 2.6662978e-003
 2.5840083e-003
 2.5016072e-003
 2.4208894e-003
 2.3436798e-003
 2.2716396e-003
 2.2062273e-003
 2.1485137e-003
 2.0991038e-003
 2.0579989e-003
 2.0247018e-003
 1.9983647e-003
 1.9778928e-003
 1.9620936e-003
 1.9497646e-003
 1.9397367e-003
 1.9309608e-003
 1.9225844e-003
 1.9140309e-003
 1.9050166e-003
 1.8955281e-003
 1.8857577e-003
 1.8760104e-003
 1.8666484e-003
 1.8580569e-003
 1.8506042e-003
 1.8446255e-003
 1.8404004e-003
 1.8381221e-003
 1.8378950e-003
 1.8397418e-003
 1.8436235e-003
 1.8494645e-003
 1.8571673e-003
 1.8666040e-003
 1.8776045e-003
 1.8899097e-003
 1.9031012e-003
 1.9165665e-003
 1.9294646e-003
 1.9407503e-003
 1.9492165e-003
 1.9535755e-003
 1.9525085e-003
 1.9447427e-003
 1.9291653e-003
 1.9050005e-003
 1.8720750e-003
 1.8309968e-003
 1.7832525e-003
 1.7311292e-003
 1.6774109e-003
 1.6251823e-003
 1.5776104e-003
 1.5378190e-003
 1.5086249e-003
 1.4923264e-003
 1.4904019e-003
 1.5032222e-003
 1.5299518e-003
 1.5685937e-003
 1.6162833e-003
 1.6695994e-003
 1.7248807e-003
 1.7783745e-003
 1.8264194e-003
 1.8654478e-003
 1.8919907e-003
 1.9028896e-003
 1.8958686e-003
 1.8702901e-003
 1.8315876e-003
 1.7824265e-003
 1.7254773e-003
 1.6633950e-003
 1.5988800e-003
 1.5345883e-003
 1.4731899e-003
 1.4173555e-003
 1.3695199e-003
 1.3300520e-003
 1.2981393e-003
 1.2729708e-003
 1.2537307e-003
 1.2396170e-003
 1.2298126e-003
 1.2235066e-003
 1.2198868e-003
 1.2181436e-003
 1.2174642e-003
 1.2170373e-003
 1.2160514e-003
 1.2136949e-003
 1.2092220e-003
 1.2024835e-003
 1.1936504e-003
 1.1828940e-003
 1.1703934e-003
 1.1563204e-003
 1.1408492e-003
 1.1241493e-003
 1.1064034e-003
 1.0877810e-003
 1.0684566e-003
 1.0485994e-003
 1.0283930e-003
 1.0080066e-003
 9.8761439e-004
 9.6739043e-004
 9.4750401e-004
 9.2813867e-004
 9.0945285e-004
 8.9151156e-004
 8.7432464e-004
 8.5791369e-004
 8.4228796e-004
 8.2746084e-004
 8.1344240e-004
 8.0025295e-004
 7.8790216e-004
 7.7640364e-004
 7.6577062e-004
 7.5601443e-004
 7.4715301e-004
 7.3919742e-004
 7.3216099e-004
 7.2605582e-004
 7.2089810e-004
 7.1669993e-004
 7.1347435e-004
 7.1123458e-004
 7.0999499e-004
 7.0976844e-004
 7.1056257e-004
 7.1233721e-004
 7.1502588e-004
 7.1856321e-004
 7.2288350e-004
 7.2792097e-004
 7.3361129e-004
 7.3988608e-004
 7.4668095e-004
 7.5393001e-004
 7.6156954e-004
 7.6953013e-004
 7.7774771e-004
 7.8615651e-004
 7.9469313e-004
 8.0328755e-004
 8.1187609e-004
 8.2039315e-004
 8.2877284e-004
 8.3695137e-004
 8.4485911e-004
 8.5243239e-004
 8.5960544e-004
 8.6631399e-004
 8.7248918e-004
 8.7806687e-004
 8.8299136e-004
 8.8728982e-004
 8.9102681e-004
 8.9427049e-004
 8.9708786e-004
 8.9954579e-004
 9.0171181e-004
 9.0365187e-004
 9.0543361e-004
 9.0712379e-004
 9.0879004e-004
 9.1049843e-004
 9.1231632e-004
 9.1431069e-004
 9.1654912e-004
 9.1909763e-004
 9.2202367e-004
 9.2539395e-004
 9.2927681e-004
 9.3373726e-004
 9.3884306e-004
 9.4466127e-004
 9.5125899e-004
 9.5870480e-004
 9.6706231e-004
 9.7640033e-004
 9.8678540e-004
 9.9828793e-004
 1.0109690e-003
 1.0248985e-003
 1.0401286e-003
 1.0566016e-003
 1.0741930e-003
 1.0927902e-003
