s07_ASD Record=7633:  error bars to preceding                
 6.2886789e-004
 5.9723988e-004
 5.6625804e-004
 5.3895958e-004
 5.1706278e-004
 5.0030340e-004
 4.8690429e-004
 4.7473470e-004
 4.6239112e-004
 4.4975404e-004
 4.3788052e-004
 4.2852410e-004
 4.2367566e-004
 4.2527332e-004
 4.3483905e-004
 4.5322225e-004
 4.8056070e-004
 5.1633827e-004
 5.5902888e-004
 6.0543924e-004
 6.5019092e-004
 6.8616431e-004
 7.0629071e-004
 7.0590567e-004
 6.8447791e-004
 6.4646016e-004
 6.0079206e-004
 5.5754685e-004
 5.2356930e-004
 5.0096703e-004
 4.8840832e-004
 4.8334710e-004
 4.8361759e-004
 4.8794452e-004
 4.9584900e-004
 5.0725503e-004
 5.2195514e-004
 5.3935824e-004
 5.5865233e-004
 5.7926198e-004
 6.0121185e-004
 6.2498124e-004
 6.5080106e-004
 6.7780673e-004
 7.0372608e-004
 7.2555355e-004
 7.4083143e-004
 7.4854185e-004
 7.4880390e-004
 7.4172893e-004
 7.2673120e-004
 7.0329959e-004
 6.7272573e-004
 6.3901889e-004
 6.0765457e-004
 5.8303511e-004
 5.6631921e-004
 5.5546092e-004
 5.4785871e-004
 5.4213667e-004
 5.3849211e-004
 5.3671794e-004
 5.3641718e-004
 5.3738145e-004
 5.3963385e-004
 5.4393365e-004
 5.5092905e-004
 5.5990735e-004
 5.6849007e-004
 5.7285151e-004
 5.6916365e-004
 5.5573811e-004
 5.3417124e-004
 5.0885114e-004
 4.8516734e-004
 4.6724119e-004
 4.5633235e-004
 4.5090538e-004
 4.4832574e-004
 4.4692788e-004
 4.4694441e-004
 4.4966355e-004
 4.5558251e-004
 4.6312535e-004
 4.6901673e-004
 4.7006330e-004
 4.6504973e-004
 4.5548013e-004
 4.4482423e-004
 4.3689454e-004
 4.3433180e-004
 4.3786102e-004
 4.4646335e-004
 4.5818673e-004
 4.7113182e-004
 4.8424659e-004
 4.9774349e-004
 5.1297591e-004
 5.3168804e-004
 5.5487041e-004
 5.8171415e-004
 6.0923130e-004
 6.3289236e-004
 6.4800249e-004
 6.5144437e-004
 6.4317492e-004
 6.2609842e-004
 6.0456392e-004
 5.8312673e-004
 5.6669553e-004
 5.6165043e-004
 5.7587167e-004
 6.1579508e-004
 6.8119238e-004
 7.6124765e-004
 8.3582365e-004
 8.8285952e-004
 8.8851474e-004
 8.5406756e-004
 7.9516636e-004
 7.3381868e-004
 6.8815355e-004
 6.6586939e-004
 6.6392898e-004
 6.7298784e-004
 6.8330503e-004
 6.8940502e-004
 6.9194793e-004
 6.9643854e-004
 7.0956338e-004
 7.3461747e-004
 7.6768524e-004
 7.9678348e-004
 8.0621638e-004
 7.8536244e-004
 7.3633267e-004
 6.7409576e-004
 6.1837293e-004
 5.8317487e-004
 5.7062868e-004
 5.7180069e-004
 5.7331083e-004
 5.6591933e-004
 5.4982951e-004
 5.3313741e-004
 5.2510935e-004
 5.2984722e-004
 5.4439349e-004
 5.6127243e-004
 5.7333347e-004
 5.7821389e-004
 5.7937310e-004
 5.8242213e-004
 5.8996922e-004
 6.0012488e-004
 6.0961867e-004
 6.1709859e-004
 6.2259648e-004
 6.2440179e-004
 6.1799813e-004
 5.9952494e-004
 5.7115371e-004
 5.4303056e-004
 5.2870781e-004
 5.3630047e-004
 5.6180579e-004
 5.9046666e-004
 6.0644909e-004
 6.0378993e-004
 5.8930722e-004
 5.7522778e-004
 5.6982908e-004
 5.7539967e-004
 5.9238327e-004
 6.2128057e-004
 6.5958133e-004
 6.9954066e-004
 7.3121634e-004
 7.4795698e-004
 7.4927113e-004
 7.4006757e-004
 7.2841701e-004
 7.2284258e-004
 7.2820933e-004
 7.4159267e-004
 7.5338705e-004
 7.5561367e-004
 7.4961851e-004
 7.4379082e-004
 7.4399571e-004
 7.4823370e-004
 7.5008394e-004
 7.4465817e-004
 7.3086232e-004
 7.1027578e-004
 6.8533613e-004
 6.5804098e-004
 6.2988081e-004
 6.0321530e-004
 5.8227056e-004
 5.7141244e-004
 5.7180261e-004
 5.8110105e-004
 5.9836358e-004
 6.2798144e-004
 6.7289185e-004
 7.2111102e-004
 7.4824231e-004
 7.4492081e-004
 7.3602051e-004
 7.5672928e-004
 8.0994080e-004
 8.6049270e-004
 8.7102305e-004
 8.3267887e-004
 7.6412747e-004
 6.9557340e-004
 6.5719150e-004
 6.6988904e-004
 7.3154864e-004
 8.0769265e-004
 8.4663957e-004
 8.1925513e-004
 7.4484741e-004
 6.6855678e-004
 6.1592396e-004
 5.8006233e-004
 5.4726482e-004
 5.1866990e-004
 5.0542940e-004
 5.1397359e-004
 5.4008310e-004
 5.7247496e-004
 5.9921551e-004
 6.1317615e-004
 6.1507482e-004
 6.1274797e-004
 6.1581068e-004
 6.2800274e-004
 6.4345327e-004
 6.5128459e-004
 6.4429437e-004
 6.2315894e-004
 5.9411873e-004
 5.6518422e-004
 5.4462854e-004
 5.4025633e-004
 5.5572344e-004
 5.8453181e-004
 6.1094656e-004
 6.2356092e-004
 6.2618777e-004
 6.3075131e-004
 6.4225524e-004
 6.5451331e-004
 6.5934617e-004
 6.5478304e-004
 6.4298382e-004
 6.2661024e-004
 6.1294565e-004
 6.1573560e-004
 6.3907605e-004
 6.6050747e-004
 6.5053249e-004
 6.1324734e-004
 5.8597152e-004
 5.9205975e-004
 6.1345281e-004
 6.1936502e-004
 6.0608250e-004
 5.9357710e-004
 5.9381319e-004
 6.0133921e-004
 6.1313302e-004
 6.3828891e-004
 6.7790045e-004
 7.0893281e-004
 7.0679397e-004
 6.7907316e-004
 6.5576995e-004
 6.5482617e-004
 6.7955768e-004
 7.2770281e-004
 7.7176292e-004
 7.6317624e-004
 6.9208280e-004
 6.1053119e-004
 5.7610037e-004
 5.9604988e-004
 6.3733920e-004
 6.6630758e-004
 6.6955312e-004
 6.5504061e-004
 6.4378278e-004
 6.5053022e-004
 6.6387904e-004
 6.5301487e-004
 6.0129928e-004
 5.2725611e-004
 4.6920820e-004
 4.5331891e-004
 4.7531383e-004
 5.0963450e-004
 5.3542864e-004
 5.5177638e-004
 5.6895701e-004
 5.8968423e-004
 6.0056220e-004
 5.8393471e-004
 5.4260372e-004
 5.1316561e-004
 5.4553489e-004
 6.4993271e-004
 7.6003332e-004
 7.8026258e-004
 6.9099036e-004
 5.6897657e-004
 4.9232936e-004
 4.7376554e-004
 4.8147101e-004
 4.9597089e-004
 5.2271842e-004
 5.6605117e-004
 6.1667216e-004
 6.5856334e-004
 6.7718700e-004
 6.6485174e-004
 6.2643754e-004
 5.8175804e-004
 5.5609760e-004
 5.6098046e-004
 5.8201328e-004
 5.8901304e-004
 5.6233053e-004
 5.1094039e-004
 4.6422312e-004
 4.4574530e-004
 4.5459246e-004
 4.7033612e-004
 4.7342284e-004
 4.6017562e-004
 4.4098680e-004
 4.2815213e-004
 4.2670802e-004
 4.3435121e-004
 4.4675003e-004
 4.6186731e-004
 4.8088515e-004
 5.0724181e-004
 5.4457417e-004
 5.9163111e-004
 6.3494820e-004
 6.4817508e-004
 6.1381172e-004
 5.5347430e-004
 5.0135079e-004
 4.7085396e-004
 4.5701466e-004
 4.5153560e-004
 4.5024595e-004
 4.5222364e-004
 4.5759158e-004
 4.6788022e-004
 4.8887485e-004
 5.2808895e-004
 5.8294670e-004
 6.3623564e-004
 6.7147432e-004
 6.8668323e-004
 6.8678882e-004
 6.7351630e-004
 6.5160997e-004
 6.3487620e-004
 6.3449651e-004
 6.4417935e-004
 6.4248295e-004
 6.1605126e-004
 5.8985985e-004
 6.1423576e-004
 6.8953767e-004
 7.4004725e-004
 7.1474054e-004
 6.6345057e-004
 6.5593160e-004
 6.8560487e-004
 7.0461759e-004
 6.9743145e-004
 6.7984645e-004
 6.7076093e-004
 6.9748139e-004
 7.8866759e-004
 9.1838569e-004
 9.9362514e-004
 9.5029216e-004
 8.2652463e-004
 7.0489862e-004
 6.1828544e-004
 5.5896695e-004
 5.2125746e-004
 5.1362393e-004
 5.3993601e-004
 5.8240368e-004
 6.1194593e-004
 5.9913809e-004
 5.3230819e-004
 4.4451520e-004
 4.0660895e-004
 4.7913333e-004
 6.4892205e-004
 8.2867336e-004
 9.2876429e-004
 9.2226651e-004
 8.4528414e-004
 7.4936484e-004
 6.6930440e-004
 6.2009617e-004
 6.0469308e-004
 6.1146467e-004
 6.1693462e-004
 6.0469616e-004
 5.8849959e-004
 6.1031641e-004
 7.0166640e-004
 8.3524775e-004
 9.3460776e-004
 9.3544886e-004
 8.2856679e-004
 6.6639780e-004
 5.3504331e-004
 4.9484998e-004
 5.0857168e-004
 5.4960081e-004
 5.8602006e-004
 6.0972624e-004
 6.2217505e-004
 6.2484812e-004
 6.2023173e-004
 6.1740808e-004
 6.2811724e-004
 6.6411326e-004
 7.3340512e-004
 8.1944256e-004
 8.9573464e-004
 9.3576428e-004
 9.1787888e-004
 8.5268769e-004
 7.6387520e-004
 6.7515427e-004
 6.0761016e-004
 5.6464854e-004
 5.4056803e-004
 5.3792854e-004
 5.4792955e-004
 5.6712679e-004
 5.9240405e-004
 6.2066951e-004
 6.4881926e-004
 6.7390379e-004
 6.9624209e-004
 7.1938877e-004
 7.4704923e-004
 7.8291626e-004
 8.3041674e-004
 8.8664290e-004
 9.4248290e-004
 9.8853547e-004
 1.0154222e-003
 1.0141536e-003
 9.8473602e-004
 9.3599525e-004
 8.7710953e-004
 8.1728166e-004
 7.6569233e-004
 7.2957802e-004
 7.0862833e-004
 7.0068619e-004
 7.0360152e-004
 7.1522291e-004
 7.3339569e-004
 7.5627188e-004
 7.8314746e-004
 8.1360788e-004
 8.4722496e-004
 8.8358548e-004
 9.2226005e-004
 9.6283172e-004
 1.0050616e-003
 1.0493695e-003
 1.0963563e-003
 1.1466014e-003
 1.2007070e-003
 1.2592510e-003
 1.3228374e-003
 1.3920417e-003
 1.4667540e-003
 1.5441290e-003
 1.6207200e-003
 1.6930447e-003
 1.7576554e-003
 1.8110727e-003
 1.8498404e-003
 1.8704964e-003
 1.8709154e-003
 1.8539894e-003
 1.8237811e-003
 1.7843432e-003
 1.7397442e-003
 1.6940328e-003
 1.6512797e-003
 1.6155337e-003
 1.5898832e-003
 1.5737902e-003
 1.5658946e-003
 1.5648300e-003
 1.5692334e-003
 1.5777396e-003
 1.5889864e-003
 1.6016070e-003
 1.6142403e-003
 1.6255195e-003
 1.6340825e-003
 1.6385637e-003
 1.6379973e-003
 1.6328571e-003
 1.6239427e-003
 1.6120570e-003
 1.5979974e-003
 1.5825685e-003
 1.5665683e-003
 1.5507963e-003
 1.5360563e-003
 1.5231456e-003
 1.5128679e-003
 1.5060214e-003
 1.5031832e-003
 1.5041248e-003
 1.5084393e-003
 1.5157210e-003
 1.5255614e-003
 1.5375559e-003
 1.5512953e-003
 1.5663757e-003
 1.5823873e-003
 1.5989244e-003
 1.6155828e-003
 1.6318866e-003
 1.6471383e-003
 1.6605833e-003
 1.6714733e-003
 1.6790541e-003
 1.6825766e-003
 1.6812882e-003
 1.6744377e-003
 1.6612749e-003
 1.6410458e-003
 1.6133754e-003
 1.5791713e-003
 1.5396166e-003
 1.4959095e-003
 1.4492278e-003
 1.4007716e-003
 1.3517173e-003
 1.3032656e-003
 1.2565932e-003
 1.2129000e-003
 1.1731477e-003
 1.1375789e-003
 1.1062605e-003
 1.0792753e-003
 1.0566921e-003
 1.0385916e-003
 1.0250460e-003
 1.0161299e-003
 1.0119206e-003
 1.0124929e-003
 1.0178458e-003
 1.0277263e-003
 1.0418241e-003
 1.0598345e-003
 1.0814448e-003
 1.1063523e-003
 1.1342429e-003
 1.1648152e-003
 1.1977535e-003
 1.2323608e-003
 1.2666318e-003
 1.2982769e-003
 1.3250220e-003
 1.3445790e-003
 1.3546711e-003
 1.3530143e-003
 1.3373266e-003
 1.3065258e-003
 1.2634568e-003
 1.2117920e-003
 1.1551820e-003
 1.0973024e-003
 1.0418020e-003
 9.9235633e-004
 9.5262000e-004
 9.2518976e-004
 9.0920768e-004
 9.0310071e-004
 9.0530136e-004
 9.1424072e-004
 9.2834776e-004
 9.4605639e-004
 9.6579362e-004
 9.8655245e-004
 1.0091141e-003
 1.0346319e-003
 1.0627629e-003
 1.0984010e-003
 1.1405004e-003
 1.1888254e-003
 1.2409741e-003
 1.2922951e-003
 1.3365801e-003
 1.3668906e-003
 1.3763880e-003
 1.3599646e-003
 1.3170361e-003
 1.2532227e-003
 1.1785447e-003
 1.1046643e-003
 1.0427977e-003
 1.0014892e-003
 9.8418188e-004
 9.8847225e-004
 1.0075714e-003
 1.0326537e-003
 1.0548595e-003
 1.0671128e-003
 1.0657412e-003
 1.0510540e-003
 1.0264622e-003
 9.9693704e-004
 9.6764241e-004
 9.4284187e-004
 9.2509651e-004
 9.1502094e-004
 9.1166585e-004
 9.1321883e-004
 9.1763993e-004
 9.2312437e-004
 9.2838827e-004
 9.3275768e-004
 9.3606499e-004
 9.3845621e-004
 9.4021822e-004
 9.4167248e-004
 9.4318535e-004
 9.4517990e-004
 9.4686629e-004
 9.4808923e-004
 9.4865455e-004
 9.4835513e-004
 9.4702374e-004
 9.4460475e-004
 9.4125600e-004
 9.3744881e-004
 9.3404442e-004
 9.3229784e-004
 9.3374605e-004
 9.3994476e-004
 9.5214142e-004
 9.7096438e-004
 9.9617441e-004
 1.0265915e-003
 1.0601615e-003
 1.0942213e-003
 1.1258887e-003
 1.1524252e-003
 1.1716101e-003
 1.1819660e-003
 1.1828598e-003
 1.1745766e-003
 1.1583709e-003
 1.1363457e-003
 1.1112259e-003
 1.0860095e-003
 1.0635372e-003
 1.0461832e-003
 1.0356196e-003
 1.0327226e-003
 1.0375539e-003
 1.0494202e-003
 1.0669739e-003
 1.0883837e-003
 1.1115158e-003
 1.1341526e-003
 1.1542207e-003
 1.1699761e-003
 1.1801858e-003
 1.1842516e-003
 1.1822626e-003
 1.1749815e-003
 1.1637449e-003
 1.1502818e-003
 1.1364574e-003
 1.1239992e-003
 1.1142042e-003
 1.1077265e-003
 1.1044565e-003
 1.1035480e-003
 1.1036000e-003
 1.1029628e-003
 1.1001137e-003
 1.0940220e-003
 1.0844073e-003
 1.0718427e-003
 1.0576460e-003
 1.0436183e-003
 1.0316620e-003
 1.0233874e-003
 1.0198151e-003
 1.0212117e-003
 1.0271101e-003
 1.0364730e-003
 1.0479543e-003
 1.0601615e-003
 1.0718741e-003
 1.0821661e-003
 1.0904118e-003
 1.0962285e-003
 1.0993651e-003
 1.0996095e-003
 1.0967345e-003
 1.0905035e-003
 1.0807292e-003
 1.0673695e-003
 1.0506199e-003
 1.0309662e-003
 1.0092009e-003
 9.8633929e-004
 9.6350809e-004
 9.4177114e-004
 9.2195190e-004
 9.0451894e-004
 8.8952133e-004
 8.7662431e-004
 8.6525158e-004
 8.5476559e-004
 8.4468431e-004
 8.3484274e-004
 8.2546886e-004
 8.1716123e-004
 8.1074768e-004
 8.0709520e-004
 8.0689637e-004
 8.1050559e-004
 8.1785745e-004
 8.2848669e-004
 8.4162311e-004
 8.5633900e-004
 8.7170547e-004
 8.8689476e-004
 9.0125500e-004
 9.1430359e-004
 9.2570437e-004
 9.3523075e-004
 9.4272982e-004
 9.4812771e-004
 9.5144176e-004
 9.5281005e-004
 9.5250533e-004
 9.5092139e-004
 9.4852707e-004
 9.4578892e-004
 9.4308530e-004
 9.4062474e-004
 9.3840028e-004
 9.3618600e-004
 9.3358487e-004
 9.3012315e-004
 9.2536694e-004
 9.1904559e-004
 9.1114792e-004
 9.0196583e-004
 8.9208526e-004
 8.8229607e-004
 8.7346777e-004
 8.6638879e-004
 8.6162123e-004
 8.5940992e-004
 8.5965631e-004
 8.6197769e-004
 8.6582685e-004
 8.7064609e-004
 8.7600300e-004
 8.8167697e-004
 8.8766922e-004
 8.9412695e-004
 9.0122037e-004
 9.0899057e-004
 9.1722939e-004
 9.2542340e-004
 9.3276973e-004
 9.3828683e-004
 9.4097166e-004
 9.3999237e-004
 9.3486102e-004
 9.2556112e-004
 9.1259403e-004
 8.9695194e-004
 8.8000204e-004
 8.6330355e-004
 8.4841216e-004
 8.3665631e-004
 8.2897604e-004
 8.2580396e-004
 8.2703540e-004
 8.3208410e-004
 8.4001158e-004
 8.4970467e-004
 8.6007774e-004
 8.7026291e-004
 8.7974023e-004
 8.8840432e-004
 8.9654326e-004
 9.0472453e-004
 9.1363402e-004
 9.2387514e-004
 9.3579351e-004
 9.4936445e-004
 9.6415216e-004
 9.7938708e-004
 9.9409651e-004
 1.0072942e-003
 1.0181627e-003
 1.0261739e-003
 1.0311538e-003
 1.0332526e-003
 1.0328682e-003
 1.0305392e-003
 1.0268496e-003
 1.0223631e-003
 1.0175977e-003
 1.0130183e-003
 1.0090250e-003
 1.0059244e-003
 1.0038661e-003
 1.0027698e-003
 1.0022759e-003
 1.0017516e-003
 1.0003871e-003
 9.9737488e-004
 9.9213887e-004
 9.8455593e-004
 9.7508798e-004
 9.6478255e-004
 9.5510564e-004
 9.4763690e-004
 9.4371103e-004
 9.4407471e-004
 9.4867410e-004
 9.5661543e-004
 9.6632517e-004
 9.7584963e-004
 9.8324125e-004
 9.8690810e-004
 9.8587666e-004
 9.7989955e-004
 9.6941396e-004
 9.5538242e-004
 9.3905826e-004
 9.2176482e-004
 9.0468966e-004
 8.8877621e-004
 8.7466772e-004
 8.6271629e-004
 8.5304736e-004
 8.4562122e-004
 8.4031653e-004
 8.3699095e-004
 8.3553209e-004
 8.3589286e-004
 8.3810469e-004
 8.4226968e-004
 8.4852934e-004
 8.5701363e-004
 8.6776318e-004
 8.8065775e-004
 8.9533487e-004
 9.1114506e-004
 9.2715165e-004
 9.4216364e-004
 9.5485098e-004
 9.6388051e-004
 9.6810004e-004
 9.6671830e-004
 9.5945230e-004
 9.4662287e-004
 9.2915376e-004
 9.0849452e-004
 8.8642671e-004
 8.6483813e-004
 8.4545312e-004
 8.2959456e-004
 8.1804750e-004
 8.1100513e-004
 8.0815778e-004
 8.0885855e-004
 8.1234053e-004
 8.1791409e-004
 8.2509621e-004
 8.3363079e-004
 8.4341288e-004
 8.5434743e-004
 8.6618180e-004
 8.7839930e-004
 8.9017826e-004
 9.0046460e-004
 9.0812746e-004
 9.1214746e-004
 9.1181078e-004
 9.0684375e-004
 8.9746853e-004
 8.8436576e-004
 8.6857536e-004
 8.5134583e-004
 8.3396700e-004
 8.1764325e-004
 8.0337212e-004
 7.9189584e-004
 7.8367029e-004
 7.7886990e-004
 7.7741884e-004
 7.7902130e-004
 7.8320294e-004
 7.8935159e-004
 7.9676794e-004
 8.0471579e-004
 8.1249338e-004
 8.1949972e-004
 8.2531071e-004
 8.2974200e-004
 8.3287654e-004
 8.3505810e-004
 8.3682302e-004
 8.3878567e-004
 8.4148737e-004
 8.4523950e-004
 8.5000129e-004
 8.5532956e-004
 8.6041453e-004
 8.6421630e-004
 8.6565799e-004
 8.6384563e-004
 8.5824728e-004
 8.4879430e-004
 8.3586917e-004
 8.2020706e-004
 8.0272643e-004
 7.8434363e-004
 7.6585199e-004
 7.4784335e-004
 7.3074119e-004
 7.1486592e-004
 7.0051488e-004
 6.8802800e-004
 6.7776715e-004
 6.7005743e-004
 6.6507410e-004
 6.6274055e-004
 6.6268072e-004
 6.6424592e-004
 6.6663144e-004
 6.6905137e-004
 6.7093375e-004
 6.7207892e-004
 6.7274523e-004
 6.7363743e-004
 6.7580148e-004
 6.8045547e-004
 6.8878807e-004
 7.0176751e-004
 7.1999803e-004
 7.4361463e-004
 7.7226711e-004
 8.0512284e-004
 8.4093685e-004
 8.7816414e-004
 9.1505225e-004
 9.4981655e-004
 9.8076160e-004
 1.0064457e-003
 1.0258192e-003
 1.0382977e-003
 1.0438095e-003
 1.0427623e-003
 1.0359458e-003
 1.0243925e-003
 1.0092296e-003
 9.9154701e-004
 9.7231125e-004
 9.5236558e-004
 9.3246053e-004
 9.1335498e-004
 8.9589547e-004
 8.8106154e-004
 8.6996821e-004
 8.6376851e-004
 8.6351862e-004
 8.6999254e-004
 8.8351610e-004
 9.0383482e-004
 9.3008031e-004
 9.6080621e-004
 9.9413923e-004
 1.0280180e-003
 1.0604318e-003
 1.0897194e-003
 1.1147611e-003
 1.1351260e-003
 1.1510978e-003
 1.1635617e-003
 1.1738135e-003
 1.1832955e-003
 1.1933058e-003
 1.2047581e-003
 1.2180024e-003
 1.2327600e-003
 1.2481749e-003
 1.2629445e-003
 1.2755478e-003
 1.2844765e-003
 1.2884773e-003
 1.2867362e-003
 1.2789877e-003
 1.2655357e-003
 1.2471963e-003
 1.2251715e-003
 1.2008750e-003
 1.1757867e-003
 1.1512894e-003
 1.1285944e-003
 1.1086820e-003
 1.0922854e-003
 1.0799111e-003
 1.0718385e-003
 1.0681108e-003
 1.0685191e-003
 1.0725695e-003
 1.0794696e-003
 1.0881431e-003
 1.0973004e-003
 1.1055476e-003
 1.1115548e-003
 1.1142282e-003
 1.1128866e-003
 1.1073883e-003
 1.0981937e-003
 1.0863332e-003
 1.0732946e-003
 1.0608215e-003
 1.0506557e-003
 1.0442808e-003
 1.0426773e-003
 1.0461647e-003
 1.0543359e-003
 1.0661157e-003
 1.0799114e-003
 1.0938552e-003
 1.1060605e-003
 1.1148810e-003
 1.1191181e-003
 1.1181436e-003
 1.1119543e-003
 1.1011380e-003
 1.0867883e-003
 1.0703601e-003
 1.0535143e-003
 1.0379296e-003
 1.0251079e-003
 1.0162062e-003
 1.0118734e-003
 1.0121603e-003
 1.0164964e-003
 1.0237730e-003
 1.0325172e-003
 1.0411548e-003
 1.0482915e-003
 1.0529739e-003
 1.0548576e-003
 1.0542341e-003
 1.0519167e-003
 1.0490069e-003
 1.0466061e-003
 1.0455520e-003
 1.0462565e-003
 1.0486813e-003
 1.0524589e-003
 1.0571070e-003
 1.0622756e-003
 1.0679327e-003
 1.0744402e-003
 1.0824901e-003
 1.0929056e-003
 1.1063828e-003
 1.1232093e-003
 1.1430609e-003
 1.1649233e-003
 1.1871326e-003
 1.2075899e-003
 1.2240404e-003
 1.2344300e-003
 1.2372376e-003
 1.2317273e-003
 1.2180882e-003
 1.1974317e-003
 1.1716442e-003
 1.1431121e-003
 1.1144095e-003
 1.0879496e-003
 1.0656822e-003
 1.0489118e-003
 1.0381908e-003
 1.0333608e-003
 1.0336688e-003
 1.0379582e-003
 1.0448840e-003
 1.0531266e-003
 1.0615641e-003
 1.0693995e-003
 1.0762272e-003
 1.0820240e-003
 1.0870903e-003
 1.0919254e-003
 1.0970697e-003
 1.1029347e-003
 1.1096444e-003
 1.1169419e-003
 1.1241746e-003
 1.1303964e-003
 1.1345756e-003
 1.1358679e-003
 1.1339110e-003
 1.1290491e-003
 1.1224264e-003
 1.1158908e-003
 1.1117252e-003
 1.1122376e-003
 1.1193143e-003
 1.1340419e-003
 1.1565038e-003
 1.1857792e-003
 1.2201671e-003
 1.2575726e-003
 1.2958902e-003
 1.3333834e-003
 1.3688451e-003
 1.4016138e-003
 1.4314183e-003
 1.4580863e-003
 1.4812991e-003
 1.5003785e-003
 1.5142515e-003
 1.5215712e-003
 1.5209687e-003
 1.5114085e-003
 1.4925292e-003
 1.4649061e-003
 1.4301422e-003
 1.3908023e-003
 1.3501389e-003
 1.3116685e-003
 1.2786840e-003
 1.2536825e-003
 1.2379468e-003
 1.2312538e-003
 1.2320048e-003
 1.2375980e-003
 1.2448853e-003
 1.2506315e-003
 1.2518460e-003
 1.2460621e-003
 1.2316528e-003
 1.2080409e-003
 1.1757936e-003
 1.1365494e-003
 1.0927352e-003
 1.0472438e-003
 1.0030131e-003
 9.6270937e-004
 9.2840649e-004
 9.0138521e-004
 8.8217988e-004
 8.7066629e-004
 8.6624030e-004
 8.6797890e-004
 8.7480934e-004
 8.8562118e-004
 8.9932891e-004
 9.1493921e-004
 9.3157269e-004
 9.4848761e-004
 9.6505752e-004
 9.8075659e-004
 9.9513936e-004
 1.0078035e-003
 1.0183858e-003
 1.0265444e-003
 1.0319795e-003
 1.0344606e-003
 1.0338441e-003
 1.0301025e-003
 1.0233452e-003
 1.0138276e-003
 1.0019322e-003
 9.8816096e-004
 9.7310985e-004
 9.5742918e-004
 9.4175123e-004
 9.2660979e-004
 9.1238180e-004
 8.9923688e-004
 8.8713277e-004
 8.7587355e-004
 8.6518930e-004
 8.5486204e-004
 8.4483554e-004
 8.3528511e-004
 8.2663033e-004
 8.1946031e-004
 8.1442657e-004
 8.1210322e-004
 8.1286294e-004
 8.1678963e-004
 8.2364463e-004
 8.3285751e-004
 8.4357063e-004
 8.5473689e-004
 8.6523331e-004
 8.7400392e-004
 8.8017440e-004
 8.8315603e-004
 8.8270125e-004
 8.7891408e-004
 8.7222963e-004
 8.6335908e-004
 8.5322518e-004
 8.4287184e-004
 8.3338155e-004
 8.2577497e-004
 8.2090759e-004
 8.1937510e-004
 8.2141935e-004
 8.2686538e-004
 8.3509408e-004
 8.4507669e-004
 8.5546158e-004
 8.6473743e-004
 8.7142555e-004
 8.7430538e-004
 8.7261928e-004
 8.6622592e-004
 8.5567206e-004
 8.4217207e-004
 8.2748494e-004
 8.1370422e-004
 8.0301671e-004
 7.9742563e-004
 7.9852127e-004
 8.0728933e-004
 8.2400488e-004
 8.4818911e-004
 8.7863975e-004
 9.1353315e-004
 9.5053011e-004
 9.8697690e-004
 1.0200776e-003
 1.0471448e-003
 1.0658681e-003
 1.0745664e-003
 1.0724596e-003
 1.0598556e-003
 1.0382528e-003
 1.0102777e-003
 9.7948778e-004
 9.4997004e-004
 9.2586514e-004
 9.1079948e-004
 9.0736180e-004
 9.1671763e-004
 9.3841203e-004
 9.7041205e-004
 1.0093917e-003
 1.0512347e-003
 1.0915999e-003
 1.1265407e-003
 1.1530262e-003
 1.1692510e-003
 1.1747697e-003
 1.1703669e-003
 1.1577751e-003
 1.1392628e-003
 1.1172186e-003
 1.0937615e-003
 1.0705024e-003
 1.0484273e-003
 1.0279256e-003
 1.0089742e-003
 9.9136471e-004
 9.7498816e-004
 9.6004945e-004
 9.4717857e-004
 9.3742530e-004
 9.3210972e-004
 9.3261187e-004
 9.4011583e-004
 9.5538486e-004
 9.7858708e-004
 1.0092393e-003
 1.0461252e-003
 1.0873326e-003
 1.1304205e-003
 1.1726225e-003
 1.2111564e-003
 1.2435481e-003
 1.2678897e-003
 1.2830651e-003
 1.2888139e-003
 1.2857252e-003
 1.2751201e-003
 1.2588912e-003
 1.2393066e-003
 1.2188407e-003
 1.1999824e-003
 1.1850774e-003
 1.1762246e-003
 1.1751488e-003
 1.1830981e-003
 1.2007373e-003
 1.2280884e-003
 1.2644998e-003
 1.3086929e-003
 1.3587868e-003
 1.4124454e-003
 1.4670892e-003
 1.5200779e-003
 1.5689548e-003
 1.6116598e-003
 1.6466399e-003
 1.6729654e-003
 1.6902919e-003
 1.6988077e-003
 1.6991157e-003
 1.6920913e-003
 1.6787456e-003
 1.6601111e-003
 1.6371545e-003
 1.6107134e-003
 1.5814992e-003
 1.5500805e-003
 1.5169351e-003
 1.4824794e-003
 1.4470955e-003
 1.4111951e-003
 1.3752107e-003
 1.3396378e-003
 1.3050201e-003
 1.2719240e-003
 1.2409418e-003
 1.2126495e-003
 1.1875699e-003
 1.1661696e-003
 1.1488172e-003
 1.1357919e-003
 1.1272732e-003
 1.1233472e-003
 1.1240249e-003
 1.1292517e-003
 1.1389224e-003
 1.1528888e-003
 1.1709715e-003
 1.1929476e-003
 1.2185602e-003
 1.2474878e-003
 1.2793320e-003
 1.3136081e-003
 1.3496961e-003
 1.3868578e-003
 1.4242061e-003
 1.4607358e-003
 1.4953804e-003
 1.5270528e-003
 1.5547692e-003
 1.5777287e-003
 1.5954308e-003
 1.6077659e-003
 1.6150494e-003
 1.6180257e-003
 1.6178003e-003
 1.6157115e-003
 1.6131562e-003
 1.6113898e-003
 1.6113261e-003
 1.6133722e-003
 1.6173254e-003
 1.6223587e-003
 1.6270987e-003
 1.6297976e-003
 1.6285790e-003
 1.6217201e-003
 1.6079340e-003
 1.5866128e-003
 1.5579876e-003
 1.5231631e-003
 1.4840717e-003
 1.4432593e-003
 1.4036454e-003
 1.3681903e-003
 1.3395628e-003
 1.3198872e-003
 1.3105252e-003
 1.3119787e-003
 1.3239085e-003
 1.3452389e-003
 1.3743173e-003
 1.4091127e-003
 1.4474295e-003
 1.4870501e-003
 1.5259009e-003
 1.5621025e-003
 1.5940365e-003
 1.6203832e-003
 1.6401053e-003
 1.6524734e-003
 1.6570477e-003
 1.6536890e-003
 1.6425715e-003
 1.6241637e-003
 1.5991424e-003
 1.5683497e-003
 1.5327312e-003
 1.4932664e-003
 1.4509504e-003
 1.4067189e-003
 1.3614569e-003
 1.3159872e-003
 1.2710537e-003
 1.2273432e-003
 1.1854657e-003
 1.1459389e-003
 1.1092249e-003
 1.0756938e-003
 1.0456471e-003
 1.0192941e-003
 9.9674973e-004
 9.7805553e-004
 9.5868192e-004
 9.4772578e-004
 9.4037200e-004
 9.3639607e-004
 9.3547697e-004
 9.3713799e-004
 9.4072468e-004
 9.4542897e-004
 9.5034059e-004
 9.5449894e-004
 9.5694431e-004
 9.5676276e-004
 9.5316255e-004
 9.4558421e-004
 9.3383261e-004
 9.1816700e-004
 8.9932489e-004
 8.7849644e-004
 8.5719570e-004
 8.3714654e-004
 8.2015910e-004
 8.0801977e-004
 8.0237596e-004
 8.0453942e-004
 8.1525586e-004
 8.3447562e-004
 8.6127123e-004
 8.9390896e-004
 9.3008665e-004
 9.6714980e-004
 1.0023048e-003
 1.0327961e-003
 1.0560597e-003
 1.0700012e-003
 1.0732797e-003
 1.0655874e-003
 1.0477480e-003
 1.0216133e-003
 9.8979496e-004
 9.5534167e-004
 9.2150999e-004
 8.9153036e-004
 8.6842419e-004
 8.5470488e-004
 8.5202995e-004
 8.6090219e-004
 8.8054221e-004
 9.0900878e-004
 9.4350363e-004
 9.8073715e-004
 1.0171884e-003
 1.0493676e-003
 1.0740246e-003
 1.0884868e-003
 1.0910531e-003
 1.0813301e-003
 1.0603741e-003
 1.0305559e-003
 9.9521549e-004
 9.5825020e-004
 9.2381664e-004
 8.9603662e-004
 8.7874907e-004
 8.7511895e-004
 8.8718510e-004
 9.1546000e-004
 9.5875666e-004
 1.0143761e-003
 1.0784710e-003
 1.1465542e-003
 1.2138248e-003
 1.2754784e-003
 1.3270132e-003
 1.3645480e-003
 1.3853142e-003
 1.3880122e-003
 1.3729936e-003
 1.3420874e-003
 1.2982265e-003
 1.2449789e-003
 1.1862261e-003
 1.1259076e-003
 1.0677957e-003
 1.0153196e-003
 9.7125099e-004
 9.3752117e-004
 9.1510481e-004
 9.0410950e-004
 9.0401666e-004
 9.1392000e-004
 9.3272689e-004
 9.5925329e-004
 9.9227787e-004
 1.0305158e-003
 1.0725986e-003
 1.1170647e-003
 1.1623127e-003
 1.2066544e-003
 1.2483072e-003
 1.2854473e-003
 1.3162614e-003
 1.3389775e-003
 1.3519966e-003
 1.3540448e-003
 1.3444085e-003
 1.3231226e-003
 1.2910631e-003
 1.2498461e-003
 1.2016529e-003
 1.1489979e-003
 1.0945217e-003
 1.0408986e-003
 9.9065830e-004
 9.4606768e-004
 9.0891303e-004
 8.8031910e-004
 8.6070632e-004
 8.4984204e-004
 8.4701210e-004
 8.5121876e-004
 8.6132740e-004
 8.7615900e-004
 8.9454779e-004
 9.1539946e-004
 9.3772414e-004
 9.6069783e-004
 9.8366116e-004
 1.0061106e-003
 1.0276660e-003
 1.0480069e-003
 1.0668607e-003
 1.0839731e-003
 1.0991249e-003
 1.1121649e-003
 1.1230366e-003
 1.1318268e-003
 1.1387706e-003
 1.1442419e-003
 1.1487171e-003
 1.1527300e-003
 1.1568372e-003
 1.1615866e-003
 1.1674728e-003
 1.1748811e-003
 1.1840080e-003
 1.1947955e-003
 1.2069086e-003
 1.2197535e-003
 1.2325557e-003
 1.2444272e-003
 1.2544382e-003
 1.2616807e-003
 1.2653370e-003
 1.2647960e-003
 1.2597876e-003
 1.2505079e-003
 1.2376638e-003
 1.2224317e-003
 1.2063226e-003
 1.1910545e-003
 1.1784271e-003
 1.1702179e-003
 1.1680759e-003
 1.1733534e-003
 1.1869111e-003
 1.2089350e-003
 1.2388779e-003
 1.2755147e-003
 1.3171238e-003
 1.3617061e-003
 1.4071150e-003
 1.4512237e-003
 1.4920116e-003
 1.5277434e-003
 1.5571772e-003
 1.5797068e-003
 1.5954605e-003
 1.6052092e-003
 1.6102067e-003
 1.6119921e-003
 1.6122246e-003
 1.6125593e-003
 1.6145146e-003
 1.6192985e-003
 1.6275973e-003
 1.6393845e-003
 1.6538528e-003
 1.6694801e-003
 1.6842230e-003
 1.6957362e-003
 1.7015476e-003
 1.6992280e-003
 1.6865816e-003
 1.6619313e-003
 1.6244526e-003
 1.5744998e-003
 1.5137272e-003
 1.4449377e-003
 1.3718250e-003
 1.2985576e-003
 1.2295491e-003
 1.1691395e-003
 1.1214162e-003
 1.0897430e-003
 1.0763569e-003
 1.0819529e-003
 1.1054991e-003
 1.1444192e-003
 1.1950100e-003
 1.2528532e-003
 1.3132687e-003
 1.3715676e-003
 1.4232857e-003
 1.4646226e-003
 1.4928171e-003
 1.5065140e-003
 1.5059571e-003
 1.4928061e-003
 1.4697633e-003
 1.4401738e-003
 1.4076454e-003
 1.3758109e-003
 1.3481253e-003
 1.3275379e-003
 1.3161896e-003
 1.3151197e-003
 1.3241310e-003
 1.3419270e-003
 1.3663804e-003
 1.3948904e-003
 1.4246360e-003
 1.4527807e-003
 1.4766238e-003
 1.4938589e-003
 1.5028061e-003
 1.5026404e-003
 1.4934968e-003
 1.4763622e-003
 1.4528707e-003
 1.4250224e-003
 1.3949929e-003
 1.3649802e-003
 1.3371122e-003
 1.3132651e-003
 1.2949280e-003
 1.2830707e-003
 1.2780604e-003
 1.2797387e-003
 1.2875533e-003
 1.3007167e-003
 1.3183338e-003
 1.3394603e-003
 1.3631743e-003
 1.3885980e-003
 1.4149451e-003
 1.4415267e-003
 1.4678019e-003
 1.4933465e-003
 1.5178043e-003
 1.5408895e-003
 1.5623424e-003
 1.5819041e-003
 1.5993495e-003
 1.6144782e-003
 1.6271411e-003
 1.6372475e-003
 1.6447890e-003
 1.6498213e-003
 1.6524454e-003
 1.6527968e-003
 1.6510243e-003
 1.6472907e-003
 1.6417728e-003
 1.6346778e-003
 1.6262581e-003
 1.6168378e-003
 1.6068071e-003
 1.5966203e-003
 1.5867868e-003
 1.5778356e-003
 1.5703047e-003
 1.5647225e-003
 1.5615644e-003
 1.5612072e-003
 1.5638595e-003
 1.5695016e-003
 1.5778620e-003
 1.5884440e-003
 1.6005755e-003
 1.6134925e-003
 1.6263890e-003
 1.6384519e-003
 1.6489262e-003
 1.6571647e-003
 1.6626997e-003
 1.6653216e-003
 1.6650965e-003
 1.6623408e-003
 1.6575587e-003
 1.6513625e-003
 1.6444135e-003
 1.6373843e-003
 1.6309124e-003
 1.6255603e-003
 1.6217664e-003
 1.6197909e-003
 1.6197038e-003
 1.6214008e-003
 1.6246492e-003
 1.6291399e-003
 1.6345289e-003
 1.6404580e-003
 1.6465813e-003
 1.6525773e-003
 1.6581637e-003
 1.6631217e-003
 1.6672970e-003
 1.6705912e-003
 1.6729533e-003
 1.6743570e-003
 1.6747910e-003
 1.6742540e-003
 1.6727592e-003
 1.6703448e-003
 1.6670940e-003
 1.6631451e-003
 1.6587004e-003
 1.6540226e-003
 1.6494134e-003
 1.6451986e-003
 1.6417135e-003
 1.6392774e-003
 1.6381671e-003
 1.6385672e-003
 1.6405095e-003
 1.6438175e-003
 1.6480860e-003
 1.6526990e-003
 1.6568904e-003
 1.6598039e-003
 1.6605444e-003
 1.6582267e-003
 1.6520235e-003
 1.6412338e-003
 1.6253828e-003
 1.6042850e-003
 1.5780769e-003
 1.5472106e-003
 1.5123381e-003
 1.4742390e-003
 1.4337854e-003
 1.3918480e-003
 1.3493040e-003
 1.3070639e-003
 1.2660077e-003
 1.2270253e-003
 1.1909978e-003
 1.1588315e-003
 1.1314057e-003
 1.1096004e-003
 1.0942976e-003
 1.0863232e-003
 1.0864116e-003
 1.0950958e-003
 1.1125735e-003
 1.1385920e-003
 1.1724062e-003
 1.2127941e-003
 1.2582241e-003
 1.3069726e-003
 1.3571937e-003
 1.4070746e-003
 1.4548851e-003
 1.4990504e-003
 1.5383516e-003
 1.5720000e-003
 1.5996660e-003
 1.6214802e-003
 1.6378859e-003
 1.6495209e-003
 1.6571068e-003
 1.6614017e-003
 1.6631474e-003
 1.6630357e-003
 1.6616738e-003
 1.6595495e-003
 1.6570223e-003
 1.6543320e-003
 1.6516319e-003
 1.6490225e-003
 1.6465796e-003
 1.6443663e-003
 1.6424390e-003
 1.6408489e-003
 1.6396348e-003
 1.6388228e-003
 1.6384238e-003
 1.6384345e-003
 1.6388416e-003
 1.6396261e-003
 1.6407651e-003
 1.6422352e-003
 1.6440119e-003
 1.6460690e-003
 1.6483796e-003
 1.6509150e-003
 1.6536425e-003
 1.6565290e-003
 1.6595401e-003
 1.6626385e-003
 1.6657880e-003
 1.6689521e-003
 1.6720941e-003
 1.6751747e-003
 1.6781560e-003
 1.6809984e-003
 1.6836590e-003
 1.6860956e-003
 1.6882649e-003
 1.6901214e-003
 1.6916218e-003
 1.6927248e-003
 1.6933939e-003
 1.6936044e-003
 1.6933506e-003
 1.6926524e-003
 1.6915584e-003
 1.6901426e-003
 1.6884977e-003
 1.6867287e-003
 1.6849444e-003
 1.6832530e-003
 1.6817589e-003
 1.6805528e-003
 1.6797052e-003
 1.6792581e-003
 1.6792227e-003
 1.6795819e-003
 1.6802981e-003
 1.6813205e-003
 1.6825927e-003
 1.6840564e-003
 1.6856515e-003
 1.6873198e-003
 1.6890037e-003
 1.6906472e-003
 1.6921957e-003
 1.6935966e-003
 1.6947991e-003
 1.6957518e-003
 1.6964066e-003
 1.6967186e-003
 1.6966522e-003
 1.6961916e-003
 1.6953526e-003
 1.6941951e-003
 1.6928265e-003
 1.6913979e-003
 1.6900923e-003
 1.6891127e-003
 1.6886714e-003
 1.6889855e-003
 1.6902761e-003
 1.6927698e-003
 1.6967034e-003
 1.7023224e-003
 1.7098885e-003
 1.7196743e-003
 1.7319648e-003
 1.7470415e-003
 1.7651996e-003
 1.7867446e-003
 1.8119840e-003
 1.8412744e-003
 1.8750335e-003
 1.9137318e-003
 1.9579495e-003
 2.0083492e-003
 2.0656129e-003
 2.1304868e-003
 2.2037029e-003
 2.2859611e-003
 2.3777513e-003
 2.4793139e-003
 2.5903881e-003
 2.7099389e-003
 2.8362426e-003
 2.9668873e-003
 3.0988571e-003
 3.2289289e-003
 3.3537198e-003
 3.4698804e-003
 3.5741287e-003
 3.6636104e-003
 3.7360317e-003
 3.7898305e-003
 3.8243625e-003
 3.8397475e-003
 3.8366725e-003
 3.8161853e-003
 3.7794891e-003
 3.7278903e-003
 3.6627077e-003
 3.5853046e-003
 3.4970767e-003
 3.3995551e-003
 3.2942868e-003
 3.1828827e-003
 3.0670865e-003
 2.9485920e-003
 2.8290984e-003
 2.7103715e-003
 2.5940344e-003
 2.4816177e-003
 2.3744225e-003
 2.2735503e-003
 2.1797197e-003
 2.0933808e-003
 2.0148412e-003
 1.9442207e-003
 1.8815824e-003
 1.8269926e-003
 1.7804248e-003
 1.7417853e-003
 1.7108391e-003
 1.6871904e-003
 1.6702192e-003
 1.6591301e-003
 1.6530001e-003
 1.6508190e-003
 1.6515469e-003
 1.6541474e-003
 1.6576308e-003
 1.6611116e-003
 1.6638758e-003
 1.6654485e-003
 1.6656165e-003
 1.6644017e-003
 1.6620012e-003
 1.6587151e-003
 1.6548906e-003
 1.6508903e-003
 1.6470607e-003
 1.6437093e-003
 1.6410783e-003
 1.6393167e-003
 1.6384729e-003
 1.6385041e-003
 1.6392986e-003
 1.6407038e-003
 1.6425477e-003
 1.6446539e-003
 1.6468554e-003
 1.6490092e-003
 1.6510112e-003
 1.6528148e-003
 1.6544348e-003
 1.6559394e-003
 1.6574354e-003
 1.6590508e-003
 1.6609199e-003
 1.6631683e-003
 1.6658979e-003
 1.6691618e-003
 1.6729329e-003
 1.6770826e-003
 1.6813683e-003
 1.6854363e-003
 1.6888538e-003
 1.6911358e-003
 1.6917764e-003
 1.6902689e-003
 1.6861174e-003
 1.6788428e-003
 1.6679951e-003
 1.6538000e-003
 1.6391011e-003
 1.6166604e-003
 1.5922958e-003
 1.5670520e-003
 1.5419780e-003
 1.5181182e-003
 1.4965333e-003
 1.4782669e-003
 1.4643685e-003
 1.4558875e-003
 1.4537425e-003
 1.4576270e-003
 1.4665637e-003
 1.4795699e-003
 1.4956673e-003
 1.5138651e-003
 1.5331841e-003
 1.5526414e-003
 1.5712590e-003
 1.5880446e-003
 1.6020203e-003
 1.6122035e-003
 1.6176120e-003
 1.6172604e-003
 1.6102755e-003
 1.5967669e-003
 1.5773721e-003
 1.5527270e-003
 1.5234860e-003
 1.4902868e-003
 1.4537714e-003
 1.4145729e-003
 1.3733527e-003
 1.3307444e-003
 1.2873900e-003
 1.2439224e-003
 1.2010045e-003
 1.1592685e-003
 1.1193571e-003
 1.0819128e-003
 1.0475701e-003
 1.0169883e-003
 9.9074061e-004
 9.6886948e-004
 9.5113099e-004
 9.3729096e-004
 9.2710176e-004
 9.2032098e-004
 9.1670523e-004
 9.1601355e-004
 9.1800204e-004
 9.2242798e-004
 9.2904881e-004
 9.3762414e-004
 9.4790687e-004
 9.5965649e-004
 9.7262987e-004
 9.8658830e-004
 1.0012820e-003
 1.0164717e-003
 1.0319146e-003
 1.0473717e-003
 1.0625930e-003
 1.0773394e-003
 1.0913847e-003
 1.1046485e-003
 1.1171128e-003
 1.1287705e-003
 1.1396111e-003
 1.1496237e-003
 1.1587995e-003
 1.1671240e-003
 1.1745886e-003
 1.1811826e-003
 1.1868968e-003
 1.1917177e-003
 1.1956360e-003
 1.1986411e-003
 1.2007231e-003
 1.2018699e-003
 1.2020717e-003
 1.2013178e-003
 1.1995975e-003
 1.1968993e-003
 1.1932142e-003
 1.1885307e-003
 1.1828383e-003
 1.1761247e-003
 1.1683822e-003
 1.1595989e-003
 1.1497720e-003
 1.1389615e-003
 1.1272680e-003
 1.1147839e-003
 1.1016050e-003
 1.0878266e-003
 1.0735403e-003
 1.0588485e-003
 1.0438431e-003
 1.0286195e-003
 1.0132694e-003
 9.9789549e-004
 9.8258932e-004
 9.6744631e-004
 9.5255842e-004
 9.3802798e-004
 9.2394691e-004
 9.1041037e-004
 8.9751079e-004
 8.8534976e-004
 8.7401929e-004
 8.6361484e-004
 8.5423177e-004
 8.4596366e-004
 8.3890959e-004
 8.3316310e-004
 8.2881923e-004
 8.2597311e-004
 8.2472124e-004
 8.2515826e-004
 8.2736491e-004
 8.3130761e-004
 8.3689520e-004
 8.4403867e-004
