s07_ASD Record=8429:  error bars to preceding                
 9.6986390e-004
 9.7061490e-004
 9.8655722e-004
 1.0198983e-003
 1.0694501e-003
 1.1312815e-003
 1.2003493e-003
 1.2716405e-003
 1.3404757e-003
 1.4023031e-003
 1.4525370e-003
 1.4867262e-003
 1.5009423e-003
 1.4925107e-003
 1.4617394e-003
 1.4133214e-003
 1.3558273e-003
 1.2990754e-003
 1.2512057e-003
 1.2163932e-003
 1.1939028e-003
 1.1790517e-003
 1.1658306e-003
 1.1498105e-003
 1.1299574e-003
 1.1092211e-003
 1.0936848e-003
 1.0896277e-003
 1.1001327e-003
 1.1241228e-003
 1.1572746e-003
 1.1937787e-003
 1.2276579e-003
 1.2529101e-003
 1.2641503e-003
 1.2590550e-003
 1.2397051e-003
 1.2120907e-003
 1.1842508e-003
 1.1631352e-003
 1.1519801e-003
 1.1499807e-003
 1.1541906e-003
 1.1620547e-003
 1.1726340e-003
 1.1857370e-003
 1.1998520e-003
 1.2107618e-003
 1.2123723e-003
 1.1998594e-003
 1.1734930e-003
 1.1408277e-003
 1.1158736e-003
 1.1154793e-003
 1.1545471e-003
 1.2414119e-003
 1.3714433e-003
 1.5227735e-003
 1.6631325e-003
 1.7454909e-003
 1.7289625e-003
 1.6386636e-003
 1.5002909e-003
 1.3347102e-003
 1.1769513e-003
 1.0541239e-003
 9.6730352e-004
 9.0656424e-004
 8.6149544e-004
 8.2465936e-004
 7.9407892e-004
 7.7266264e-004
 7.6538458e-004
 7.7601959e-004
 8.0444594e-004
 8.4500609e-004
 8.8692689e-004
 9.1734790e-004
 9.2602742e-004
 9.0946851e-004
 8.7212876e-004
 8.2394731e-004
 7.7564566e-004
 7.3465629e-004
 7.0378307e-004
 6.8268186e-004
 6.7039119e-004
 6.6688837e-004
 6.7280163e-004
 6.8786734e-004
 7.0955552e-004
 7.3315133e-004
 7.5365329e-004
 7.6859491e-004
 7.8005105e-004
 7.9444505e-004
 8.1976608e-004
 8.6118694e-004
 9.1784372e-004
 9.8328036e-004
 1.0489062e-003
 1.1078160e-003
 1.1563697e-003
 1.1931228e-003
 1.2168735e-003
 1.2259836e-003
 1.2196538e-003
 1.1993983e-003
 1.1684783e-003
 1.1295879e-003
 1.0836748e-003
 1.0318366e-003
 9.7842922e-004
 9.3173952e-004
 9.0072106e-004
 8.9026609e-004
 8.9889986e-004
 9.2051510e-004
 9.4809145e-004
 9.7603875e-004
 1.0000810e-003
 1.0166314e-003
 1.0234978e-003
 1.0210492e-003
 1.0119164e-003
 9.9966349e-004
 9.8860788e-004
 9.8453043e-004
 9.9291408e-004
 1.0137364e-003
 1.0381750e-003
 1.0535769e-003
 1.0541308e-003
 1.0460324e-003
 1.0409760e-003
 1.0462451e-003
 1.0631732e-003
 1.0923356e-003
 1.1339360e-003
 1.1810866e-003
 1.2171594e-003
 1.2246091e-003
 1.1975949e-003
 1.1458136e-003
 1.0871232e-003
 1.0370010e-003
 1.0029546e-003
 9.8538585e-004
 9.8165730e-004
 9.8965922e-004
 1.0087014e-003
 1.0370864e-003
 1.0682428e-003
 1.0899587e-003
 1.0900613e-003
 1.0657578e-003
 1.0284759e-003
 9.9833298e-004
 9.9115935e-004
 1.0081974e-003
 1.0370847e-003
 1.0632104e-003
 1.0816631e-003
 1.0994152e-003
 1.1257284e-003
 1.1594108e-003
 1.1859287e-003
 1.1895093e-003
 1.1692372e-003
 1.1403013e-003
 1.1168945e-003
 1.0975979e-003
 1.0719926e-003
 1.0369377e-003
 9.9850912e-004
 9.6132775e-004
 9.2609180e-004
 8.9681114e-004
 8.8060799e-004
 8.7956816e-004
 8.9080509e-004
 9.1466476e-004
 9.5492630e-004
 1.0106845e-003
 1.0747792e-003
 1.1387273e-003
 1.1916232e-003
 1.2176961e-003
 1.2076612e-003
 1.1749500e-003
 1.1494826e-003
 1.1474743e-003
 1.1519014e-003
 1.1316717e-003
 1.0810557e-003
 1.0297137e-003
 1.0053874e-003
 9.9750236e-004
 9.7400736e-004
 9.2674070e-004
 8.7907998e-004
 8.5107773e-004
 8.3858328e-004
 8.3048304e-004
 8.2954986e-004
 8.4717211e-004
 8.8501157e-004
 9.3116658e-004
 9.7545888e-004
 1.0220218e-003
 1.0792922e-003
 1.1371674e-003
 1.1626860e-003
 1.1295262e-003
 1.0558465e-003
 1.0022733e-003
 1.0176884e-003
 1.0902009e-003
 1.1648824e-003
 1.2024341e-003
 1.2024218e-003
 1.1779285e-003
 1.1356603e-003
 1.0880390e-003
 1.0668002e-003
 1.1068900e-003
 1.2111878e-003
 1.3362456e-003
 1.4224197e-003
 1.4412503e-003
 1.4108070e-003
 1.3685218e-003
 1.3371047e-003
 1.3196458e-003
 1.3207517e-003
 1.3538442e-003
 1.4129746e-003
 1.4527889e-003
 1.4253857e-003
 1.3332287e-003
 1.2212595e-003
 1.1245107e-003
 1.0496099e-003
 9.9650118e-004
 9.6641935e-004
 9.5422886e-004
 9.6197653e-004
 1.0124645e-003
 1.1178514e-003
 1.2418297e-003
 1.3304569e-003
 1.3686855e-003
 1.3756432e-003
 1.3630419e-003
 1.3234263e-003
 1.2505356e-003
 1.1600237e-003
 1.0894941e-003
 1.0610643e-003
 1.0458780e-003
 1.0030582e-003
 9.4214309e-004
 9.0337405e-004
 9.0045488e-004
 9.1842352e-004
 9.3925087e-004
 9.4903953e-004
 9.4611640e-004
 9.5224089e-004
 9.9238765e-004
 1.0597091e-003
 1.1266383e-003
 1.1817330e-003
 1.2201287e-003
 1.2198560e-003
 1.1679560e-003
 1.0899001e-003
 1.0299307e-003
 1.0107375e-003
 1.0098051e-003
 9.7929232e-004
 9.0593443e-004
 8.3813234e-004
 8.1921410e-004
 8.2681474e-004
 8.1612676e-004
 7.8155124e-004
 7.5392844e-004
 7.6211651e-004
 8.0927589e-004
 8.7019621e-004
 9.0472749e-004
 8.9161121e-004
 8.6004648e-004
 8.7001530e-004
 9.4679417e-004
 1.0477661e-003
 1.1021360e-003
 1.0750705e-003
 9.9429488e-004
 9.2145085e-004
 8.9796691e-004
 9.2018803e-004
 9.6342387e-004
 1.0179096e-003
 1.0921821e-003
 1.1756036e-003
 1.2104545e-003
 1.1457566e-003
 1.0290168e-003
 9.7938755e-004
 1.0414443e-003
 1.1356721e-003
 1.1790177e-003
 1.1796544e-003
 1.1877387e-003
 1.2139028e-003
 1.2272716e-003
 1.1953033e-003
 1.1142454e-003
 1.0140098e-003
 9.3494606e-004
 9.0028159e-004
 9.0847036e-004
 9.4077905e-004
 9.6981513e-004
 9.7055233e-004
 9.3700545e-004
 8.9206756e-004
 8.7355351e-004
 9.0196368e-004
 9.5931132e-004
 1.0024233e-003
 1.0006075e-003
 9.6198794e-004
 9.2366489e-004
 9.1750897e-004
 9.4536546e-004
 9.8355266e-004
 1.0059723e-003
 1.0018694e-003
 9.7709103e-004
 9.4622059e-004
 9.2605973e-004
 9.3240192e-004
 9.7741385e-004
 1.0658591e-003
 1.1881846e-003
 1.3102160e-003
 1.3729820e-003
 1.3238348e-003
 1.1721965e-003
 1.0135515e-003
 9.5249823e-004
 9.6780574e-004
 9.8134403e-004
 9.7510748e-004
 9.7551773e-004
 9.9372945e-004
 1.0130048e-003
 1.0119072e-003
 9.8593265e-004
 9.6334593e-004
 1.0082148e-003
 1.1732489e-003
 1.4012263e-003
 1.5245505e-003
 1.4545667e-003
 1.3001664e-003
 1.2003849e-003
 1.1518497e-003
 1.1016340e-003
 1.0785047e-003
 1.1211439e-003
 1.1816149e-003
 1.1997556e-003
 1.1963015e-003
 1.2179761e-003
 1.2568743e-003
 1.2814844e-003
 1.2898075e-003
 1.2850268e-003
 1.2539841e-003
 1.2211673e-003
 1.2625020e-003
 1.3914200e-003
 1.4931650e-003
 1.4560604e-003
 1.3127686e-003
 1.1956495e-003
 1.2046335e-003
 1.3343986e-003
 1.4857660e-003
 1.5389679e-003
 1.4359634e-003
 1.2328650e-003
 1.0565658e-003
 9.8102225e-004
 9.8984351e-004
 9.9532283e-004
 9.6972357e-004
 1.0047852e-003
 1.1246651e-003
 1.2122813e-003
 1.1582526e-003
 9.7676553e-004
 7.8804727e-004
 7.1518938e-004
 7.7663263e-004
 8.8236813e-004
 9.3467528e-004
 9.1566087e-004
 8.8630553e-004
 9.1060007e-004
 9.8497130e-004
 1.0394430e-003
 1.0093589e-003
 9.0914784e-004
 8.2896883e-004
 8.5235725e-004
 9.7427302e-004
 1.1009512e-003
 1.1333496e-003
 1.0525228e-003
 9.1615436e-004
 7.9131930e-004
 7.1667921e-004
 6.9954182e-004
 7.3016732e-004
 7.8207714e-004
 8.5402967e-004
 9.1515511e-004
 9.4954821e-004
 9.7556080e-004
 1.0252929e-003
 1.1308993e-003
 1.3143525e-003
 1.5310928e-003
 1.7097172e-003
 1.7787466e-003
 1.6816148e-003
 1.4601526e-003
 1.1959563e-003
 9.7071414e-004
 8.5410581e-004
 8.3580869e-004
 8.7310560e-004
 9.2319149e-004
 9.4817590e-004
 9.4292901e-004
 9.0952154e-004
 8.6688396e-004
 8.2001812e-004
 7.7648828e-004
 7.4323337e-004
 7.2714727e-004
 7.3513464e-004
 7.7366893e-004
 8.3963206e-004
 9.2035031e-004
 1.0027745e-003
 1.0738184e-003
 1.1208154e-003
 1.1397032e-003
 1.1349480e-003
 1.1113727e-003
 1.0737946e-003
 1.0270027e-003
 9.7483321e-004
 9.2023087e-004
 8.6607697e-004
 8.1527838e-004
 7.7072211e-004
 7.3445344e-004
 7.0525252e-004
 6.8108883e-004
 6.5994507e-004
 6.3979265e-004
 6.1861315e-004
 5.9674785e-004
 5.8366667e-004
 5.9102598e-004
 6.3048163e-004
 7.1370247e-004
 8.5232634e-004
 1.0580168e-003
 1.3370333e-003
 1.6748175e-003
 2.0520207e-003
 2.4491269e-003
 2.8468017e-003
 3.2255242e-003
 3.5659557e-003
 3.8485886e-003
 4.0583699e-003
 4.1963742e-003
 4.2675850e-003
 4.2769345e-003
 4.2293780e-003
 4.1298759e-003
 3.9833756e-003
 3.7948033e-003
 3.5701592e-003
 3.3191026e-003
 3.0522761e-003
 2.7802028e-003
 2.5135314e-003
 2.2627837e-003
 2.0386050e-003
 1.8515264e-003
 1.7093628e-003
 1.6094737e-003
 1.5468842e-003
 1.5165829e-003
 1.5135732e-003
 1.5328577e-003
 1.5694422e-003
 1.6183200e-003
 1.6745041e-003
 1.7329827e-003
 1.7887711e-003
 1.8368580e-003
 1.8734174e-003
 1.8988147e-003
 1.9143844e-003
 1.9214517e-003
 1.9213466e-003
 1.9153979e-003
 1.9049344e-003
 1.8912826e-003
 1.8757745e-003
 1.8597345e-003
 1.8444955e-003
 1.8313826e-003
 1.8214127e-003
 1.8144767e-003
 1.8102187e-003
 1.8082809e-003
 1.8083061e-003
 1.8099378e-003
 1.8128175e-003
 1.8165895e-003
 1.8208957e-003
 1.8253789e-003
 1.8296827e-003
 1.8335104e-003
 1.8367830e-003
 1.8394676e-003
 1.8415321e-003
 1.8429436e-003
 1.8436703e-003
 1.8436791e-003
 1.8429382e-003
 1.8414150e-003
 1.8390768e-003
 1.8359401e-003
 1.8321887e-003
 1.8280416e-003
 1.8237204e-003
 1.8194437e-003
 1.8154330e-003
 1.8119073e-003
 1.8090875e-003
 1.8071929e-003
 1.8064445e-003
 1.8069657e-003
 1.8085523e-003
 1.8109309e-003
 1.8138263e-003
 1.8169651e-003
 1.8200725e-003
 1.8228745e-003
 1.8250975e-003
 1.8264665e-003
 1.8267079e-003
 1.8256571e-003
 1.8235216e-003
 1.8205870e-003
 1.8171381e-003
 1.8134610e-003
 1.8098403e-003
 1.8065625e-003
 1.8039119e-003
 1.8021747e-003
 1.8015330e-003
 1.8018259e-003
 1.8028213e-003
 1.8042874e-003
 1.8059915e-003
 1.8077022e-003
 1.8091870e-003
 1.8102137e-003
 1.8106044e-003
 1.8103593e-003
 1.8095154e-003
 1.8081097e-003
 1.8061787e-003
 1.8037600e-003
 1.8008903e-003
 1.7976066e-003
 1.7939825e-003
 1.7902135e-003
 1.7865187e-003
 1.7831187e-003
 1.7802321e-003
 1.7780794e-003
 1.7768797e-003
 1.7768528e-003
 1.7781211e-003
 1.7804933e-003
 1.7837157e-003
 1.7873049e-003
 1.7914114e-003
 1.7955550e-003
 1.7995274e-003
 1.8032066e-003
 1.8065355e-003
 1.8094961e-003
 1.8120875e-003
 1.8143089e-003
 1.8161410e-003
 1.8175188e-003
 1.8183220e-003
 1.8183885e-003
 1.8175453e-003
 1.8156505e-003
 1.8126745e-003
 1.8087970e-003
 1.8044414e-003
 1.8002134e-003
 1.7967923e-003
 1.7948094e-003
 1.7946855e-003
 1.7964626e-003
 1.7997412e-003
 1.8037817e-003
 1.8076882e-003
 1.8105980e-003
 1.8118772e-003
 1.8112868e-003
 1.8090352e-003
 1.8056849e-003
 1.8019768e-003
 1.7986456e-003
 1.7962491e-003
 1.7950397e-003
 1.7949254e-003
 1.7955349e-003
 1.7963479e-003
 1.7968394e-003
 1.7966102e-003
 1.7923823e-003
 1.7909874e-003
 1.7894076e-003
 1.7876581e-003
 1.7857651e-003
 1.7837584e-003
 1.7816671e-003
 1.7795205e-003
 1.7773591e-003
 1.7752462e-003
 1.7732839e-003
 1.7716193e-003
 1.7704348e-003
 1.7699181e-003
 1.7702183e-003
 1.7714022e-003
 1.7734221e-003
 1.7761067e-003
 1.7791763e-003
 1.7822861e-003
 1.7850838e-003
 1.7872627e-003
 1.7886073e-003
 1.7890164e-003
 1.7885065e-003
 1.7872060e-003
 1.7853434e-003
 1.7832100e-003
 1.7811154e-003
 1.7793379e-003
 1.7780846e-003
 1.7774798e-003
 1.7775705e-003
 1.7783439e-003
 1.7797488e-003
 1.7817117e-003
 1.7841434e-003
 1.7869421e-003
 1.7899863e-003
 1.7931309e-003
 1.7962075e-003
 1.7990293e-003
 1.8014078e-003
 1.8031759e-003
 1.8042115e-003
 1.8044619e-003
 1.8039577e-003
 1.8028161e-003
 1.8012283e-003
 1.7994350e-003
 1.7976887e-003
 1.7962160e-003
 1.7951812e-003
 1.7946626e-003
 1.7946456e-003
 1.7950335e-003
 1.7956732e-003
 1.7963888e-003
 1.7970154e-003
 1.7974249e-003
 1.7975377e-003
 1.7973238e-003
 1.7967914e-003
 1.7959740e-003
 1.7949186e-003
 1.7936812e-003
 1.7923279e-003
 1.7909401e-003
 1.7896170e-003
 1.7884719e-003
 1.7876184e-003
 1.7871484e-003
 1.7871107e-003
 1.7874904e-003
 1.7882010e-003
 1.7890880e-003
 1.7899435e-003
 1.7905249e-003
 1.7905693e-003
 1.7898001e-003
 1.7879237e-003
 1.7846214e-003
 1.7795503e-003
 1.7723589e-003
 1.7627334e-003
 1.7504691e-003
 1.7355498e-003
 1.7182410e-003
 1.6991438e-003
 1.6791946e-003
 1.6596302e-003
 1.6418549e-003
 1.6272954e-003
 1.6172078e-003
 1.6124991e-003
 1.6135953e-003
 1.6203620e-003
 1.6321063e-003
 1.6476527e-003
 1.6654979e-003
 1.6839877e-003
 1.7015417e-003
 1.7168310e-003
 1.7289348e-003
 1.7374241e-003
 1.7423523e-003
 1.7441817e-003
 1.7436316e-003
 1.7414907e-003
 1.7384222e-003
 1.7348042e-003
 1.7306337e-003
 1.7255316e-003
 1.7188471e-003
 1.7098490e-003
 1.6979807e-003
 1.6831073e-003
 1.6656946e-003
 1.6468868e-003
 1.6284040e-003
 1.6123207e-003
 1.6007117e-003
 1.5952707e-003
 1.5969912e-003
 1.6059673e-003
 1.6213771e-003
 1.6416425e-003
 1.6647407e-003
 1.6885482e-003
 1.7112010e-003
 1.7313190e-003
 1.7481216e-003
 1.7613979e-003
 1.7713488e-003
 1.7783965e-003
 1.7829774e-003
 1.7853986e-003
 1.7857751e-003
 1.7840542e-003
 1.7801180e-003
 1.7739189e-003
 1.7656211e-003
 1.7556857e-003
 1.7448934e-003
 1.7342719e-003
 1.7249424e-003
 1.7179337e-003
 1.7139787e-003
 1.7133746e-003
 1.7159187e-003
 1.7209552e-003
 1.7275122e-003
 1.7345031e-003
 1.7409307e-003
 1.7460588e-003
 1.7495069e-003
 1.7512512e-003
 1.7515563e-003
 1.7508565e-003
 1.7496317e-003
 1.7483082e-003
 1.7472063e-003
 1.7465324e-003
 1.7464055e-003
 1.7468947e-003
 1.7480479e-003
 1.7499006e-003
 1.7524625e-003
 1.7556930e-003
 1.7594747e-003
 1.7636067e-003
 1.7678137e-003
 1.7717812e-003
 1.7752058e-003
 1.7778423e-003
 1.7795475e-003
 1.7803006e-003
 1.7802034e-003
 1.7794580e-003
 1.7783303e-003
 1.7771057e-003
 1.7760476e-003
 1.7753639e-003
 1.7751871e-003
 1.7755694e-003
 1.7764906e-003
 1.7778770e-003
 1.7796223e-003
 1.7816110e-003
 1.7837299e-003
 1.7858719e-003
 1.7879276e-003
 1.7897617e-003
 1.7911885e-003
 1.7919450e-003
 1.7916805e-003
 1.7899686e-003
 1.7863512e-003
 1.7804145e-003
 1.7718937e-003
 1.7607843e-003
 1.7474279e-003
 1.7325649e-003
 1.7172925e-003
 1.7029636e-003
 1.6909958e-003
 1.6826390e-003
 1.6787638e-003
 1.6796890e-003
 1.6851216e-003
 1.6942043e-003
 1.7056809e-003
 1.7181158e-003
 1.7301379e-003
 1.7406443e-003
 1.7489104e-003
 1.7546224e-003
 1.7578144e-003
 1.7587673e-003
 1.7578955e-003
 1.7556587e-003
 1.7525130e-003
 1.7489002e-003
 1.7452500e-003
 1.7419746e-003
 1.7394428e-003
 1.7379208e-003
 1.7375046e-003
 1.7380593e-003
 1.7391979e-003
 1.7403149e-003
 1.7406796e-003
 1.7395725e-003
 1.7364381e-003
 1.7310177e-003
 1.7234347e-003
 1.7142043e-003
 1.7041779e-003
 1.6944176e-003
 1.6860297e-003
 1.6800027e-003
 1.6770548e-003
 1.6775364e-003
 1.6813956e-003
 1.6882068e-003
 1.6972478e-003
 1.7076065e-003
 1.7182926e-003
 1.7283108e-003
 1.7367144e-003
 1.7426043e-003
 1.7451280e-003
 1.7434841e-003
 1.7369713e-003
 1.7250911e-003
 1.7077030e-003
 1.6851870e-003
 1.6585486e-003
 1.6294543e-003
 1.6000827e-003
 1.5728846e-003
 1.5502096e-003
 1.5339203e-003
 1.5251023e-003
 1.5239019e-003
 1.5295721e-003
 1.5406954e-003
 1.5555272e-003
 1.5723449e-003
 1.5897289e-003
 1.6067009e-003
 1.6226763e-003
 1.6373142e-003
 1.6502858e-003
 1.6610918e-003
 1.6689828e-003
 1.6730078e-003
 1.6722091e-003
 1.6658824e-003
 1.6538510e-003
 1.6366525e-003
 1.6156103e-003
 1.5927139e-003
 1.5703771e-003
 1.5510623e-003
 1.5368642e-003
 1.5291567e-003
 1.5283324e-003
 1.5337388e-003
 1.5438013e-003
 1.5563376e-003
 1.5689768e-003
 1.5796194e-003
 1.5868268e-003
 1.5900469e-003
 1.5896566e-003
 1.5867989e-003
 1.5830824e-003
 1.5802124e-003
 1.5796524e-003
 1.5823778e-003
 1.5887637e-003
 1.5986012e-003
 1.6112175e-003
 1.6256262e-003
 1.6407016e-003
 1.6552988e-003
 1.6683569e-003
 1.6789758e-003
 1.6864700e-003
 1.6904474e-003
 1.6908726e-003
 1.6881245e-003
 1.6830045e-003
 1.6766797e-003
 1.6705432e-003
 1.6660044e-003
 1.6642474e-003
 1.6659952e-003
 1.6713437e-003
 1.6796977e-003
 1.6898438e-003
 1.7001341e-003
 1.7087786e-003
 1.7141599e-003
 1.7151425e-003
 1.7112935e-003
 1.7029771e-003
 1.6912956e-003
 1.6778945e-003
 1.6646514e-003
 1.6533192e-003
 1.6452164e-003
 1.6410019e-003
 1.6406231e-003
 1.6434165e-003
 1.6483534e-003
 1.6543481e-003
 1.6605529e-003
 1.6665601e-003
 1.6724507e-003
 1.6787038e-003
 1.6859792e-003
 1.6948604e-003
 1.7056311e-003
 1.7181337e-003
 1.7317708e-003
 1.7456101e-003
 1.7585849e-003
 1.7697233e-003
 1.7783334e-003
 1.7841361e-003
 1.7872846e-003
 1.7883098e-003
 1.7879884e-003
 1.7871804e-003
 1.7866684e-003
 1.7870284e-003
 1.7885520e-003
 1.7912320e-003
 1.7947991e-003
 1.7988078e-003
 1.8027372e-003
 1.8060994e-003
 1.8085263e-003
 1.8098220e-003
 1.8099803e-003
 1.8091640e-003
 1.8076580e-003
 1.8058069e-003
 1.8039524e-003
 1.8023807e-003
 1.8012858e-003
 1.8007557e-003
 1.8007768e-003
 1.8012545e-003
 1.8020439e-003
 1.8029847e-003
 1.8039339e-003
 1.8047909e-003
 1.8055141e-003
 1.8061236e-003
 1.8066951e-003
 1.8073419e-003
 1.8081926e-003
 1.8093657e-003
 1.8109473e-003
 1.8129755e-003
 1.8154321e-003
 1.8182457e-003
 1.8213051e-003
 1.8244733e-003
 1.8276086e-003
 1.8305777e-003
 1.8332646e-003
 1.8355738e-003
 1.8374246e-003
 1.8387489e-003
 1.8394889e-003
 1.8396034e-003
 1.8390816e-003
 1.8379585e-003
 1.8363298e-003
 1.8343580e-003
 1.8322625e-003
 1.8302932e-003
 1.8286934e-003
 1.8276538e-003
 1.8272755e-003
 1.8275451e-003
 1.8283339e-003
 1.8294189e-003
 1.8305238e-003
 1.8313692e-003
 1.8317226e-003
 1.8314369e-003
 1.8304720e-003
 1.8288956e-003
 1.8268640e-003
 1.8245927e-003
 1.8223168e-003
 1.8202559e-003
 1.8185844e-003
 1.8174121e-003
 1.8167807e-003
 1.8166688e-003
 1.8170080e-003
 1.8177025e-003
 1.8186498e-003
 1.8197562e-003
 1.8209476e-003
 1.8221724e-003
 1.8233998e-003
 1.8246147e-003
 1.8258111e-003
 1.8269896e-003
 1.8281537e-003
 1.8293115e-003
 1.8304767e-003
 1.8316685e-003
 1.8329106e-003
 1.8342276e-003
 1.8356391e-003
 1.8371554e-003
 1.8387730e-003
 1.8404743e-003
 1.8422304e-003
 1.8440055e-003
 1.8457645e-003
 1.8474774e-003
 1.8491249e-003
 1.8506987e-003
 1.8521983e-003
 1.8536267e-003
 1.8549834e-003
 1.8562590e-003
 1.8574307e-003
 1.8584618e-003
 1.8593054e-003
 1.8599108e-003
 1.8602323e-003
 1.8602394e-003
 1.8599235e-003
 1.8593015e-003
 1.8584143e-003
 1.8573209e-003
 1.8560885e-003
 1.8547823e-003
 1.8534582e-003
 1.8521575e-003
 1.8509094e-003
 1.8497346e-003
 1.8486521e-003
 1.8476837e-003
 1.8468543e-003
 1.8461895e-003
 1.8457085e-003
 1.8454184e-003
 1.8453129e-003
 1.8453763e-003
 1.8455957e-003
 1.8459761e-003
 1.8465557e-003
 1.8474127e-003
 1.8486610e-003
 1.8504306e-003
 1.8528382e-003
 1.8559495e-003
 1.8597462e-003
 1.8641072e-003
 1.8688029e-003
 1.8735154e-003
 1.8778775e-003
 1.8815184e-003
 1.8841207e-003
 1.8854636e-003
 1.8854557e-003
 1.8841461e-003
 1.8817142e-003
 1.8784383e-003
 1.8746529e-003
 1.8706986e-003
 1.8668737e-003
 1.8634013e-003
 1.8604090e-003
 1.8579329e-003
 1.8559351e-003
 1.8543352e-003
 1.8530478e-003
 1.8520124e-003
 1.8512151e-003
 1.8506920e-003
 1.8505175e-003
 1.8507802e-003
 1.8515530e-003
 1.8528620e-003
 1.8546622e-003
 1.8568301e-003
 1.8591703e-003
 1.8614464e-003
 1.8634243e-003
 1.8649050e-003
 1.8657469e-003
 1.8658658e-003
 1.8652163e-003
 1.8637695e-003
 1.8614806e-003
 1.8582453e-003
 1.8538656e-003
 1.8480456e-003
 1.8404328e-003
 1.8307215e-003
 1.8187937e-003
 1.8048839e-003
 1.7896923e-003
 1.7743631e-003
 1.7603394e-003
 1.7491160e-003
 1.7419922e-003
 1.7398437e-003
 1.7430014e-003
 1.7512171e-003
 1.7636849e-003
 1.7791771e-003
 1.7962321e-003
 1.8133908e-003
 1.8293863e-003
 1.8432930e-003
 1.8545886e-003
 1.8631179e-003
 1.8690105e-003
 1.8725479e-003
 1.8740521e-003
 1.8738002e-003
 1.8719876e-003
 1.8687474e-003
 1.8641987e-003
 1.8584974e-003
 1.8518685e-003
 1.8446309e-003
 1.8371925e-003
 1.8300161e-003
 1.8235467e-003
 1.8181192e-003
 1.8138745e-003
 1.8106977e-003
 1.8082185e-003
 1.8058807e-003
 1.8030681e-003
 1.7992720e-003
 1.7942496e-003
 1.7881230e-003
 1.7813692e-003
 1.7746930e-003
 1.7688434e-003
 1.7643987e-003
 1.7615819e-003
 1.7601524e-003
 1.7593816e-003
 1.7581148e-003
 1.7549323e-003
 1.7483929e-003
 1.7373270e-003
 1.7211104e-003
 1.6998891e-003
 1.6746782e-003
 1.6472911e-003
 1.6201511e-003
 1.5959613e-003
 1.5773129e-003
 1.5663261e-003
 1.5643282e-003
 1.5716844e-003
 1.5877566e-003
 1.6110337e-003
 1.6393617e-003
 1.6702880e-003
 1.7013798e-003
 1.7305352e-003
 1.7562100e-003
 1.7774990e-003
 1.7941518e-003
 1.8064510e-003
 1.8150578e-003
 1.8208248e-003
 1.8246156e-003
 1.8271767e-003
 1.8290564e-003
 1.8305872e-003
 1.8319150e-003
 1.8330604e-003
 1.8339939e-003
 1.8347040e-003
 1.8352444e-003
 1.8357545e-003
 1.8364467e-003
 1.8375715e-003
 1.8393665e-003
 1.8420019e-003
 1.8455372e-003
 1.8498941e-003
 1.8548550e-003
 1.8600893e-003
 1.8651921e-003
 1.8697463e-003
 1.8733746e-003
 1.8757929e-003
 1.8768433e-003
 1.8765058e-003
 1.8748912e-003
 1.8722154e-003
 1.8687631e-003
 1.8648462e-003
 1.8607698e-003
 1.8568013e-003
 1.8531578e-003
 1.8500005e-003
 1.8474410e-003
 1.8455560e-003
 1.8444007e-003
 1.8440213e-003
 1.8444627e-003
 1.8457680e-003
 1.8479698e-003
 1.8510773e-003
 1.8550605e-003
 1.8598322e-003
 1.8652425e-003
 1.8710718e-003
 1.8770401e-003
 1.8828275e-003
 1.8880963e-003
 1.8925292e-003
 1.8958569e-003
 1.8978897e-003
 1.8985374e-003
 1.8978086e-003
 1.8957974e-003
 1.8926639e-003
 1.8886100e-003
 1.8838539e-003
 1.8786145e-003
 1.8730928e-003
 1.8674730e-003
 1.8619191e-003
 1.8565772e-003
 1.8515885e-003
 1.8470997e-003
 1.8432739e-003
 1.8403013e-003
 1.8383972e-003
 1.8377951e-003
 1.8387247e-003
 1.8413832e-003
 1.8458978e-003
 1.8522930e-003
 1.8604575e-003
 1.8701355e-003
 1.8809516e-003
 1.8924342e-003
 1.9040710e-003
 1.9153472e-003
 1.9257970e-003
 1.9350429e-003
 1.9428085e-003
 1.9489349e-003
 1.9533751e-003
 1.9561853e-003
 1.9575048e-003
 1.9575283e-003
 1.9564808e-003
 1.9545944e-003
 1.9520903e-003
 1.9491651e-003
 1.9459858e-003
 1.9426867e-003
 1.9393697e-003
 1.9361081e-003
 1.9329472e-003
 1.9299089e-003
 1.9269933e-003
 1.9241809e-003
 1.9214395e-003
 1.9187267e-003
 1.9159989e-003
 1.9132179e-003
 1.9103575e-003
 1.9074114e-003
 1.9043949e-003
 1.9013498e-003
 1.8983406e-003
 1.8954515e-003
 1.8927817e-003
 1.8904384e-003
 1.8885294e-003
 1.8871586e-003
 1.8864201e-003
 1.8863952e-003
 1.8871501e-003
 1.8887343e-003
 1.8911781e-003
 1.8944930e-003
 1.8986681e-003
 1.9036687e-003
 1.9094370e-003
 1.9158869e-003
 1.9229092e-003
 1.9303667e-003
 1.9380966e-003
 1.9459139e-003
 1.9536060e-003
 1.9609418e-003
 1.9676690e-003
 1.9735254e-003
 1.9782535e-003
 1.9816144e-003
 1.9834167e-003
 1.9835399e-003
 1.9819634e-003
 1.9787871e-003
 1.9742439e-003
 1.9686949e-003
 1.9626047e-003
 1.9565069e-003
 1.9509436e-003
 1.9464077e-003
 1.9432786e-003
 1.9417692e-003
 1.9418946e-003
 1.9434637e-003
 1.9460998e-003
 1.9492883e-003
 1.9524469e-003
 1.9550023e-003
 1.9564736e-003
 1.9565364e-003
 1.9550705e-003
 1.9521757e-003
 1.9481591e-003
 1.9434892e-003
 1.9387348e-003
 1.9344864e-003
 1.9312773e-003
 1.9295203e-003
 1.9294574e-003
 1.9311392e-003
 1.9344293e-003
 1.9390346e-003
 1.9445471e-003
 1.9504979e-003
 1.9564133e-003
 1.9618559e-003
 1.9664643e-003
 1.9699715e-003
 1.9722178e-003
 1.9731550e-003
 1.9728404e-003
 1.9714304e-003
 1.9691719e-003
 1.9663936e-003
 1.9634902e-003
 1.9608999e-003
 1.9590703e-003
 1.9584289e-003
 1.9593455e-003
 1.9620997e-003
 1.9668504e-003
 1.9736188e-003
 1.9822845e-003
 1.9925758e-003
 2.0040590e-003
 2.0161408e-003
 2.0280995e-003
 2.0391385e-003
 2.0484428e-003
 2.0552671e-003
 2.0590136e-003
 2.0593104e-003
 2.0560422e-003
 2.0493523e-003
 2.0424603e-003
 2.0293982e-003
 2.0144326e-003
 1.9982548e-003
 1.9815264e-003
 1.9648254e-003
 1.9486322e-003
 1.9333264e-003
 1.9192088e-003
 1.9065436e-003
 1.8955652e-003
 1.8864918e-003
 1.8795079e-003
 1.8747365e-003
 1.8722118e-003
 1.8718553e-003
 1.8734700e-003
 1.8767458e-003
 1.8812902e-003
 1.8866574e-003
 1.8923780e-003
 1.8979837e-003
 1.9030282e-003
 1.9071259e-003
 1.9099901e-003
 1.9114756e-003
 1.9115956e-003
 1.9105054e-003
 1.9084641e-003
 1.9057937e-003
 1.9028435e-003
 1.8999662e-003
 1.8975001e-003
 1.8957441e-003
 1.8949334e-003
 1.8952158e-003
 1.8966431e-003
 1.8991804e-003
 1.9027279e-003
 1.9071491e-003
 1.9122870e-003
 1.9179807e-003
 1.9240706e-003
 1.9304055e-003
 1.9368526e-003
 1.9432986e-003
 1.9496578e-003
 1.9558643e-003
 1.9618687e-003
 1.9676338e-003
 1.9731233e-003
 1.9783052e-003
 1.9831420e-003
 1.9875902e-003
 1.9915965e-003
 1.9950911e-003
 1.9979884e-003
 2.0001871e-003
 2.0015747e-003
 2.0020334e-003
 2.0014441e-003
 1.9996930e-003
 1.9966846e-003
 1.9923593e-003
 1.9867173e-003
 1.9798416e-003
 1.9719072e-003
 1.9631672e-003
 1.9539399e-003
 1.9445739e-003
 1.9354364e-003
 1.9268902e-003
 1.9192705e-003
 1.9128624e-003
 1.9078563e-003
 1.9043220e-003
 1.9021912e-003
 1.9012719e-003
 1.9012818e-003
 1.9018844e-003
 1.9027207e-003
 1.9034324e-003
 1.9036891e-003
 1.9032212e-003
 1.9018620e-003
 1.8995851e-003
 1.8965196e-003
 1.8929335e-003
 1.8891989e-003
 1.8857486e-003
 1.8830401e-003
 1.8815288e-003
 1.8816348e-003
 1.8837018e-003
 1.8879424e-003
 1.8943950e-003
 1.9028999e-003
 1.9131253e-003
 1.9246060e-003
 1.9367996e-003
 1.9491338e-003
 1.9610291e-003
 1.9719414e-003
 1.9813906e-003
 1.9890137e-003
 1.9946082e-003
 1.9981426e-003
 1.9997463e-003
 1.9996632e-003
 1.9982078e-003
 1.9957258e-003
 1.9925709e-003
 1.9890834e-003
 1.9855704e-003
 1.9822831e-003
 1.9793927e-003
 1.9769853e-003
 1.9750695e-003
 1.9735955e-003
 1.9724797e-003
 1.9716225e-003
 1.9709191e-003
 1.9702702e-003
 1.9695878e-003
 1.9688059e-003
 1.9678872e-003
 1.9668271e-003
 1.9656499e-003
 1.9644017e-003
 1.9631411e-003
 1.9619323e-003
 1.9608408e-003
 1.9599274e-003
 1.9592433e-003
 1.9588242e-003
 1.9586834e-003
 1.9588091e-003
 1.9591684e-003
 1.9597115e-003
 1.9603795e-003
 1.9611092e-003
 1.9618378e-003
 1.9625078e-003
 1.9630739e-003
 1.9635104e-003
 1.9638189e-003
 1.9640310e-003
 1.9642059e-003
 1.9644224e-003
 1.9647705e-003
 1.9653460e-003
 1.9662427e-003
 1.9675454e-003
 1.9693205e-003
 1.9716020e-003
 1.9743801e-003
 1.9775985e-003
 1.9811555e-003
 1.9849197e-003
 1.9887388e-003
 1.9924529e-003
 1.9959041e-003
 1.9989433e-003
 2.0014429e-003
 2.0033147e-003
 2.0045191e-003
 2.0050744e-003
 2.0050490e-003
 2.0045484e-003
 2.0037014e-003
 2.0026455e-003
 2.0015198e-003
 2.0004557e-003
 1.9995673e-003
 1.9989379e-003
 1.9986108e-003
 1.9985840e-003
 1.9988143e-003
 1.9992290e-003
 1.9997372e-003
 2.0002404e-003
 2.0006387e-003
 2.0008385e-003
 2.0007589e-003
 2.0003428e-003
 1.9995640e-003
 1.9984306e-003
 1.9969821e-003
 1.9952815e-003
 1.9934047e-003
 1.9914340e-003
 1.9894533e-003
 1.9875420e-003
 1.9857711e-003
 1.9841958e-003
 1.9828512e-003
 1.9817490e-003
 1.9808805e-003
 1.9802216e-003
 1.9797387e-003
 1.9793948e-003
 1.9791515e-003
 1.9789732e-003
 1.9788290e-003
 1.9786987e-003
 1.9785732e-003
 1.9784591e-003
 1.9783746e-003
 1.9783478e-003
 1.9784125e-003
 1.9786039e-003
 1.9789559e-003
 1.9794959e-003
 1.9802386e-003
 1.9811755e-003
 1.9822682e-003
 1.9834447e-003
 1.9846023e-003
 1.9856170e-003
 1.9863504e-003
 1.9866608e-003
 1.9864098e-003
 1.9854752e-003
 1.9837674e-003
 1.9812519e-003
 1.9779706e-003
 1.9740481e-003
 1.9696825e-003
 1.9651311e-003
 1.9606806e-003
 1.9566317e-003
 1.9532819e-003
 1.9509104e-003
 1.9497467e-003
 1.9499437e-003
 1.9515479e-003
 1.9544880e-003
 1.9585884e-003
 1.9635914e-003
 1.9691966e-003
 1.9750812e-003
 1.9809224e-003
 1.9864074e-003
 1.9912638e-003
 1.9952790e-003
 1.9983205e-003
 2.0003491e-003
 2.0014076e-003
 2.0015985e-003
 2.0010616e-003
 1.9999531e-003
 1.9984345e-003
 1.9966620e-003
 1.9947789e-003
 1.9929046e-003
 1.9911281e-003
 1.9895032e-003
 1.9880512e-003
 1.9867721e-003
 1.9856500e-003
 1.9846638e-003
 1.9837897e-003
 1.9830053e-003
 1.9822922e-003
 1.9816386e-003
 1.9810428e-003
 1.9805124e-003
 1.9800654e-003
 1.9797261e-003
 1.9795231e-003
 1.9794863e-003
 1.9796456e-003
 1.9800267e-003
 1.9806481e-003
 1.9815166e-003
 1.9826212e-003
 1.9839325e-003
 1.9854051e-003
 1.9869797e-003
 1.9885907e-003
 1.9901698e-003
 1.9916473e-003
 1.9929591e-003
 1.9940489e-003
 1.9948746e-003
 1.9954145e-003
 1.9956685e-003
 1.9956559e-003
 1.9954110e-003
 1.9949765e-003
 1.9943989e-003
 1.9937260e-003
 1.9930042e-003
 1.9922752e-003
 1.9915747e-003
 1.9909276e-003
 1.9903493e-003
 1.9898452e-003
 1.9894138e-003
 1.9890496e-003
 1.9887446e-003
 1.9884908e-003
 1.9882796e-003
 1.9881041e-003
 1.9879579e-003
 1.9878377e-003
 1.9877420e-003
 1.9876710e-003
 1.9876272e-003
 1.9876135e-003
 1.9876331e-003
 1.9876899e-003
 1.9877874e-003
 1.9879288e-003
 1.9881174e-003
 1.9883558e-003
 1.9886463e-003
 1.9889907e-003
 1.9893905e-003
 1.9898468e-003
 1.9903607e-003
 1.9909311e-003
 1.9915544e-003
 1.9922215e-003
 1.9929111e-003
 1.9935893e-003
 1.9942066e-003
 1.9946978e-003
 1.9949896e-003
 1.9950010e-003
 1.9946506e-003
 1.9938592e-003
 1.9925584e-003
 1.9907004e-003
 1.9882759e-003
 1.9853227e-003
 1.9819322e-003
 1.9782479e-003
 1.9744467e-003
 1.9707263e-003
 1.9672965e-003
 1.9643609e-003
 1.9621102e-003
 1.9607004e-003
 1.9602343e-003
 1.9607367e-003
 1.9621511e-003
 1.9643437e-003
 1.9671263e-003
 1.9702781e-003
 1.9735615e-003
 1.9767398e-003
 1.9795869e-003
 1.9819022e-003
 1.9835308e-003
 1.9843786e-003
 1.9844191e-003
 1.9836859e-003
 1.9822584e-003
 1.9802421e-003
 1.9777569e-003
 1.9749263e-003
 1.9718742e-003
 1.9687237e-003
 1.9655917e-003
 1.9625900e-003
 1.9598228e-003
 1.9573898e-003
 1.9553846e-003
 1.9538978e-003
 1.9530181e-003
 1.9528292e-003
 1.9534039e-003
 1.9547944e-003
 1.9570172e-003
 1.9600426e-003
 1.9637858e-003
 1.9681165e-003
 1.9728690e-003
 1.9778584e-003
 1.9828866e-003
 1.9877604e-003
 1.9922976e-003
 1.9963365e-003
 1.9997603e-003
 2.0025074e-003
 2.0045766e-003
 2.0060244e-003
 2.0069475e-003
 2.0074679e-003
 2.0077177e-003
 2.0078309e-003
 2.0079338e-003
 2.0081350e-003
 2.0085126e-003
 2.0091035e-003
 2.0098987e-003
 2.0108484e-003
 2.0118717e-003
 2.0128712e-003
 2.0137420e-003
 2.0143839e-003
 2.0147159e-003
 2.0146966e-003
 2.0143522e-003
 2.0137997e-003
 2.0132582e-003
 2.0130370e-003
 2.0135127e-003
 2.0151015e-003
 2.0182345e-003
 2.0233362e-003
 2.0308003e-003
 2.0409420e-003
 2.0539600e-003
 2.0698912e-003
 2.0885777e-003
 2.1097083e-003
 2.1328519e-003
 2.1574893e-003
 2.1830862e-003
 2.2091034e-003
 2.2350394e-003
 2.2604468e-003
 2.2850195e-003
 2.3086178e-003
 2.3312699e-003
 2.3531872e-003
 2.3747038e-003
 2.3962110e-003
 2.4181469e-003
 2.4409497e-003
 2.4650069e-003
 2.4906474e-003
 2.5180655e-003
 2.5472892e-003
 2.5781316e-003
 2.6102532e-003
 2.6431868e-003
 2.6763671e-003
 2.7092209e-003
 2.7411855e-003
 2.7717305e-003
 2.8004725e-003
 2.8272260e-003
 2.8520909e-003
 2.8754608e-003
 2.8980267e-003
 2.9206849e-003
 2.9444369e-003
 2.9703504e-003
 2.9994845e-003
 3.0327996e-003
 3.0711023e-003
 3.1149134e-003
 3.1643258e-003
 3.2190252e-003
 3.2782922e-003
 3.3411323e-003
 3.4063340e-003
 3.4726583e-003
 3.5388754e-003
 3.6038049e-003
 3.6665322e-003
 3.7265057e-003
 3.7836272e-003
 3.8383908e-003
 3.8917724e-003
 3.9451262e-003
 3.9999858e-003
 4.0580221e-003
 4.1209245e-003
 4.1902829e-003
 4.2675934e-003
 4.3541281e-003
 4.4507789e-003
 4.5581483e-003
 4.6765329e-003
 4.8059071e-003
 4.9461829e-003
 5.0971531e-003
 5.2585541e-003
 5.4298206e-003
 5.6101424e-003
 5.7981275e-003
 5.9914477e-003
 6.1870208e-003
 6.3809645e-003
 6.5686684e-003
 6.7453207e-003
 6.9059310e-003
 7.0456034e-003
 7.1596559e-003
 7.2441893e-003
 7.2964104e-003
 7.3150326e-003
 7.3005161e-003
 7.2548278e-003
 7.1811071e-003
 7.0831412e-003
 6.9650030e-003
 6.8309074e-003
 6.6848299e-003
 6.5303766e-003
 6.3704443e-003
 6.2071281e-003
 6.0413945e-003
 5.8732908e-003
 5.7023121e-003
 5.5274335e-003
 5.3474484e-003
 5.1612742e-003
 4.9678572e-003
 4.7665527e-003
 4.5572822e-003
 4.3409569e-003
 4.1192700e-003
 3.8947510e-003
 3.6707071e-003
 3.4506491e-003
 3.2382433e-003
 3.0372883e-003
 2.8512222e-003
 2.6830668e-003
 2.5350275e-003
 2.4083501e-003
 2.3029954e-003
 2.2178784e-003
 2.1511877e-003
 2.1005790e-003
 2.0635033e-003
 2.0373813e-003
 2.0196734e-003
 2.0080367e-003
 2.0004632e-003
 1.9953833e-003
 1.9917237e-003
 1.9888573e-003
 1.9864875e-003
 1.9845124e-003
 1.9829266e-003
 1.9817629e-003
 1.9810591e-003
 1.9808454e-003
 1.9811322e-003
 1.9819040e-003
 1.9831150e-003
 1.9846933e-003
 1.9865455e-003
 1.9885667e-003
 1.9906471e-003
 1.9926752e-003
 1.9945465e-003
 1.9961691e-003
 1.9974718e-003
 1.9984154e-003
 1.9989943e-003
 1.9992315e-003
 1.9991724e-003
 1.9988737e-003
 1.9983966e-003
 1.9978033e-003
 1.9971523e-003
 1.9964939e-003
 1.9958660e-003
 1.9952906e-003
 1.9947710e-003
 1.9942936e-003
 1.9938317e-003
 1.9933502e-003
 1.9928098e-003
 1.9921705e-003
 1.9913921e-003
 1.9904361e-003
 1.9892650e-003
 1.9879017e-003
 1.9865774e-003
 1.9845383e-003
 1.9822225e-003
 1.9796391e-003
 1.9767981e-003
 1.9737086e-003
 1.9703824e-003
 1.9668285e-003
 1.9630564e-003
 1.9590768e-003
 1.9549003e-003
 1.9505606e-003
 1.9460991e-003
 1.9415583e-003
 1.9369795e-003
 1.9324074e-003
 1.9278837e-003
 1.9234500e-003
 1.9191488e-003
 1.9150241e-003
 1.9111172e-003
 1.9074709e-003
 1.9041266e-003
 1.9011288e-003
 1.8985142e-003
 1.8962795e-003
 1.8943986e-003
 1.8928450e-003
 1.8915936e-003
 1.8906180e-003
 1.8898916e-003
 1.8893890e-003
 1.8890837e-003
 1.8889497e-003
 1.8889609e-003
 1.8890913e-003
 1.8893147e-003
 1.8896051e-003
 1.8899364e-003
 1.8902825e-003
 1.8906174e-003
 1.8909149e-003
 1.8911510e-003
 1.8913199e-003
 1.8914245e-003
 1.8914692e-003
 1.8914570e-003
 1.8913918e-003
 1.8912770e-003
 1.8911163e-003
 1.8909131e-003
 1.8906714e-003
 1.8903943e-003
 1.8900858e-003
 1.8897490e-003
 1.8893881e-003
 1.8890064e-003
 1.8886072e-003
 1.8881944e-003
 1.8877717e-003
 1.8873422e-003
 1.8869101e-003
 1.8864785e-003
 1.8860513e-003
 1.8856317e-003
 1.8852215e-003
 1.8848219e-003
 1.8844337e-003
 1.8840581e-003
 1.8836961e-003
 1.8833482e-003
 1.8830161e-003
 1.8827006e-003
 1.8824023e-003
 1.8821225e-003
 1.8818623e-003
 1.8816225e-003
 1.8814040e-003
 1.8812082e-003
 1.8810357e-003
 1.8808877e-003
 1.8807652e-003
 1.8806693e-003
 1.8806005e-003
 1.8805603e-003
 1.8805495e-003
 1.8805693e-003
 1.8806204e-003
 1.8807041e-003
 1.8808211e-003
 1.8809721e-003
 1.8811550e-003
 1.8813665e-003
 1.8816029e-003
 1.8818608e-003
 1.8821366e-003
 1.8824268e-003
 1.8827278e-003
 1.8830363e-003
 1.8833483e-003
 1.8836611e-003
 1.8839707e-003
 1.8842733e-003
 1.8845657e-003
 1.8848445e-003
 1.8851060e-003
 1.8853468e-003
 1.8855633e-003
 1.8857521e-003
 1.8859096e-003
 1.8860321e-003
 1.8861163e-003
 1.8861586e-003
 1.8861558e-003
 1.8861039e-003
 1.8859996e-003
 1.8858394e-003
 1.8856198e-003
 1.8853374e-003
 1.8849884e-003
 1.8845701e-003
 1.8840834e-003
 1.8835318e-003
 1.8829185e-003
