s07_ASD Record=7563:  error bars to preceding                
 1.2821315e-003
 1.1213808e-003
 9.6053263e-004
 8.1964018e-004
 7.1742263e-004
 6.6464918e-004
 6.6032604e-004
 6.9231325e-004
 7.4140431e-004
 7.8750384e-004
 8.1545790e-004
 8.1811642e-004
 7.9668791e-004
 7.6020625e-004
 7.2415586e-004
 7.0576213e-004
 7.1751274e-004
 7.6306565e-004
 8.3627214e-004
 9.2240231e-004
 1.0011807e-003
 1.0518959e-003
 1.0594575e-003
 1.0187955e-003
 9.3609851e-004
 8.2784070e-004
 7.1692857e-004
 6.2431791e-004
 5.6155777e-004
 5.3057238e-004
 5.2746898e-004
 5.4665585e-004
 5.8337784e-004
 6.3444825e-004
 6.9773372e-004
 7.7157945e-004
 8.5398735e-004
 9.4101968e-004
 1.0253051e-003
 1.0962667e-003
 1.1428774e-003
 1.1575797e-003
 1.1389514e-003
 1.0913649e-003
 1.0224143e-003
 9.4070402e-004
 8.5563265e-004
 7.7795313e-004
 7.1873033e-004
 6.8593340e-004
 6.8089855e-004
 6.9735927e-004
 7.2357722e-004
 7.4603566e-004
 7.5293152e-004
 7.3677371e-004
 6.9724279e-004
 6.4218667e-004
 5.8262190e-004
 5.3014793e-004
 4.9072003e-004
 4.5920580e-004
 4.3282684e-004
 4.1099233e-004
 3.9612889e-004
 3.9326641e-004
 4.0564191e-004
 4.3333671e-004
 4.7351318e-004
 5.1898498e-004
 5.5800646e-004
 5.7703326e-004
 5.6610740e-004
 5.2393012e-004
 4.5955685e-004
 3.8928879e-004
 3.2975129e-004
 2.9102454e-004
 2.7387566e-004
 2.7213708e-004
 2.7809158e-004
 2.8728918e-004
 3.0001934e-004
 3.1895752e-004
 3.4504087e-004
 3.7488461e-004
 4.0207262e-004
 4.2171040e-004
 4.3469129e-004
 4.4795946e-004
 4.7020699e-004
 5.0662842e-004
 5.5745238e-004
 6.2126765e-004
 6.9870224e-004
 7.9096237e-004
 8.9233165e-004
 9.8337443e-004
 1.0350700e-003
 1.0242935e-003
 9.4887987e-004
 8.3022943e-004
 7.0272642e-004
 6.0040050e-004
 5.4863404e-004
 5.6141568e-004
 6.4163865e-004
 7.7839440e-004
 9.4207370e-004
 1.0879602e-003
 1.1749445e-003
 1.1895763e-003
 1.1550594e-003
 1.1132415e-003
 1.0917761e-003
 1.0848332e-003
 1.0647352e-003
 1.0122814e-003
 9.3560445e-004
 8.6044776e-004
 8.0448552e-004
 7.6276495e-004
 7.1755663e-004
 6.6089584e-004
 6.0783100e-004
 5.8903731e-004
 6.2845991e-004
 7.2145869e-004
 8.2969834e-004
 9.0158952e-004
 9.0894714e-004
 8.7103911e-004
 8.4022438e-004
 8.5735088e-004
 9.1858755e-004
 9.8730484e-004
 1.0369698e-003
 1.0757115e-003
 1.1245700e-003
 1.1782437e-003
 1.1997315e-003
 1.1581876e-003
 1.0648583e-003
 9.6352713e-004
 8.8637765e-004
 8.2619570e-004
 7.5452175e-004
 6.6101167e-004
 5.6791696e-004
 5.0720229e-004
 4.9018115e-004
 5.0063065e-004
 5.1183859e-004
 5.0699560e-004
 4.8701218e-004
 4.6523410e-004
 4.5885533e-004
 4.8524854e-004
 5.5906823e-004
 6.7943754e-004
 8.1380608e-004
 9.0658764e-004
 9.2065317e-004
 8.6968986e-004
 7.9813931e-004
 7.3245808e-004
 6.6651561e-004
 5.9284305e-004
 5.3041015e-004
 5.1553466e-004
 5.7316566e-004
 6.9458486e-004
 8.3119090e-004
 9.1352256e-004
 8.9584227e-004
 7.9219142e-004
 6.6303893e-004
 5.6419050e-004
 5.1221804e-004
 4.9294438e-004
 4.8770441e-004
 4.8681838e-004
 4.8769143e-004
 4.8865931e-004
 4.8519499e-004
 4.7178363e-004
 4.4919574e-004
 4.2813612e-004
 4.2115350e-004
 4.3056876e-004
 4.4703766e-004
 4.5830783e-004
 4.5610961e-004
 4.3830083e-004
 4.1094437e-004
 3.8683141e-004
 3.7830512e-004
 3.9807975e-004
 4.6965104e-004
 6.1334897e-004
 7.9695560e-004
 9.2010596e-004
 8.9176005e-004
 7.2575366e-004
 5.2855921e-004
 3.9494300e-004
 3.4431159e-004
 3.5003712e-004
 3.8800522e-004
 4.4250887e-004
 4.9030490e-004
 5.0417043e-004
 4.7627283e-004
 4.2929768e-004
 3.9604265e-004
 3.8868980e-004
 3.9693623e-004
 4.2132949e-004
 4.9751776e-004
 6.6005922e-004
 8.6827349e-004
 1.0044108e-003
 9.9299441e-004
 8.9642411e-004
 8.3378109e-004
 8.3757355e-004
 8.6828106e-004
 9.3202834e-004
 1.0743162e-003
 1.2624259e-003
 1.3715973e-003
 1.3088809e-003
 1.1008494e-003
 8.6153246e-004
 7.1293081e-004
 7.1693579e-004
 8.3062495e-004
 9.3683961e-004
 9.6751220e-004
 9.7506447e-004
 1.0234936e-003
 1.0591761e-003
 9.9248788e-004
 8.6095807e-004
 7.8344677e-004
 7.8943727e-004
 8.2630903e-004
 8.9005788e-004
 9.9885243e-004
 1.0690127e-003
 9.8361098e-004
 7.6548319e-004
 5.5443577e-004
 4.4520255e-004
 4.3165073e-004
 4.8759620e-004
 6.0358288e-004
 7.2370481e-004
 7.5395248e-004
 6.9460197e-004
 6.7575747e-004
 7.7773276e-004
 8.8775530e-004
 8.4445911e-004
 6.6967530e-004
 5.3768250e-004
 5.7640264e-004
 7.9313328e-004
 1.0980050e-003
 1.3222721e-003
 1.3150577e-003
 1.0968822e-003
 8.4673270e-004
 6.9082319e-004
 6.0164905e-004
 5.5068452e-004
 6.0872146e-004
 7.9397269e-004
 9.4754942e-004
 9.1197982e-004
 7.6388568e-004
 7.3637819e-004
 9.1423327e-004
 1.1196354e-003
 1.1540381e-003
 1.0561709e-003
 1.0293723e-003
 1.1431512e-003
 1.2340600e-003
 1.1439781e-003
 9.2370925e-004
 7.4589072e-004
 7.0447341e-004
 7.4301980e-004
 7.4452790e-004
 6.6123554e-004
 5.4088869e-004
 4.4907871e-004
 4.3008768e-004
 5.3560344e-004
 7.8203186e-004
 1.0455204e-003
 1.1196622e-003
 9.4529364e-004
 6.8709097e-004
 5.3523999e-004
 5.2062486e-004
 5.5199553e-004
 5.5320241e-004
 5.2663358e-004
 5.1240466e-004
 5.2459311e-004
 5.6458375e-004
 6.7688915e-004
 8.9530658e-004
 1.1154901e-003
 1.1671695e-003
 1.0515390e-003
 9.7839977e-004
 1.1075614e-003
 1.3028719e-003
 1.2947648e-003
 1.0224736e-003
 6.7337148e-004
 4.5044415e-004
 4.0085331e-004
 4.3714797e-004
 4.7225202e-004
 5.1865075e-004
 6.5834523e-004
 9.2429988e-004
 1.2207994e-003
 1.3729758e-003
 1.2688371e-003
 9.5878245e-004
 6.1467296e-004
 3.9388897e-004
 3.3974039e-004
 3.9248963e-004
 4.6825022e-004
 5.1934249e-004
 5.3967314e-004
 5.3958141e-004
 5.2739627e-004
 5.1296660e-004
 5.2549934e-004
 6.1934511e-004
 8.3860377e-004
 1.1502536e-003
 1.4123577e-003
 1.4455972e-003
 1.1860111e-003
 7.8712287e-004
 5.4221042e-004
 5.8349251e-004
 7.6796632e-004
 8.5935212e-004
 7.8507530e-004
 7.2563556e-004
 8.1914046e-004
 9.3059917e-004
 8.7645155e-004
 6.9647894e-004
 5.4649927e-004
 4.8195475e-004
 4.6492953e-004
 4.6932287e-004
 4.9553387e-004
 5.3311640e-004
 5.5416860e-004
 5.3679768e-004
 4.9016159e-004
 4.5067113e-004
 4.4300346e-004
 4.7314863e-004
 5.8540271e-004
 8.4615441e-004
 1.1807749e-003
 1.3389975e-003
 1.1805843e-003
 8.7245187e-004
 6.5099011e-004
 5.6501670e-004
 5.9653237e-004
 8.0488139e-004
 1.1502397e-003
 1.3701157e-003
 1.2607184e-003
 9.5766952e-004
 7.8571035e-004
 9.1852824e-004
 1.2165571e-003
 1.3583619e-003
 1.1852970e-003
 8.8794960e-004
 7.8746211e-004
 9.7290077e-004
 1.2840913e-003
 1.4610036e-003
 1.2729526e-003
 8.3862891e-004
 6.2815286e-004
 8.2398526e-004
 1.0878919e-003
 1.0706447e-003
 7.8012235e-004
 5.3070008e-004
 6.3517073e-004
 1.0772300e-003
 1.5049248e-003
 1.5665673e-003
 1.2266352e-003
 7.6087879e-004
 4.7460955e-004
 4.5644544e-004
 5.7300081e-004
 6.5284391e-004
 6.3253497e-004
 5.6195405e-004
 5.1421352e-004
 5.1901053e-004
 5.5804494e-004
 5.9844798e-004
 6.1736564e-004
 6.0690998e-004
 5.7575275e-004
 5.5866136e-004
 6.2157074e-004
 8.4381254e-004
 1.1634253e-003
 1.5526935e-003
 1.7778744e-003
 1.6972697e-003
 1.3716804e-003
 9.4319956e-004
 5.5410335e-004
 3.3033540e-004
 2.8954982e-004
 4.0585728e-004
 6.5328437e-004
 9.9873473e-004
 1.3629308e-003
 1.6478605e-003
 1.7554569e-003
 1.6085188e-003
 1.2680292e-003
 8.5099286e-004
 4.7453793e-004
 2.4203035e-004
 1.6448405e-004
 2.3457222e-004
 4.0202032e-004
 6.4011192e-004
 9.1468508e-004
 1.1842176e-003
 1.4069969e-003
 1.5411987e-003
 1.5469654e-003
 1.4269862e-003
 1.2262719e-003
 9.9157658e-004
 7.6975027e-004
 6.0638005e-004
 5.2106514e-004
 5.0763064e-004
 5.5883604e-004
 6.6744856e-004
 8.2597084e-004
 1.0219167e-003
 1.2377671e-003
 1.4558890e-003
 1.6585506e-003
 1.8280993e-003
 1.9503204e-003
 2.0243577e-003
 2.0526517e-003
 2.0376176e-003
 1.9816742e-003
 1.8872574e-003
 1.7578661e-003
 1.6012839e-003
 1.4262435e-003
 1.2415561e-003
 1.0559488e-003
 8.7823503e-004
 7.1716093e-004
 5.8082683e-004
 4.7488834e-004
 4.0435078e-004
 3.7426036e-004
 3.8964034e-004
 4.5551668e-004
 5.7693542e-004
 7.5889745e-004
 1.0020250e-003
 1.2900610e-003
 1.6029191e-003
 1.9203722e-003
 2.2223403e-003
 2.4886001e-003
 2.6990380e-003
 2.8335147e-003
 2.8784606e-003
 2.8450133e-003
 2.7500526e-003
 2.6104297e-003
 2.4430507e-003
 2.2647497e-003
 2.0924413e-003
 1.9429586e-003
 1.8293934e-003
 1.7507060e-003
 1.7026599e-003
 1.6809888e-003
 1.6814396e-003
 1.6997565e-003
 1.7316884e-003
 1.7729723e-003
 1.8193624e-003
 1.8665923e-003
 1.9104176e-003
 1.9465727e-003
 1.9718744e-003
 1.9869830e-003
 1.9934438e-003
 1.9927963e-003
 1.9865811e-003
 1.9763417e-003
 1.9636175e-003
 1.9499488e-003
 1.9368792e-003
 1.9259470e-003
 1.9186962e-003
 1.9166660e-003
 1.9207752e-003
 1.9297184e-003
 1.9416927e-003
 1.9548999e-003
 1.9675347e-003
 1.9777995e-003
 1.9838901e-003
 1.9840067e-003
 1.9763485e-003
 1.9591141e-003
 1.9304990e-003
 1.8895509e-003
 1.8382613e-003
 1.7792932e-003
 1.7152836e-003
 1.6488987e-003
 1.5827742e-003
 1.5195761e-003
 1.4619407e-003
 1.4125326e-003
 1.3739917e-003
 1.3481377e-003
 1.3338685e-003
 1.3294569e-003
 1.3331770e-003
 1.3433017e-003
 1.3581020e-003
 1.3758532e-003
 1.3948244e-003
 1.4132925e-003
 1.4295259e-003
 1.4422843e-003
 1.4519736e-003
 1.4593572e-003
 1.4651952e-003
 1.4702503e-003
 1.4752828e-003
 1.4810545e-003
 1.4883282e-003
 1.4978631e-003
 1.5104235e-003
 1.5264470e-003
 1.5452972e-003
 1.5661021e-003
 1.5879989e-003
 1.6101147e-003
 1.6315869e-003
 1.6515430e-003
 1.6691195e-003
 1.6834446e-003
 1.6935504e-003
 1.6981233e-003
 1.6957775e-003
 1.6851275e-003
 1.6647907e-003
 1.6333775e-003
 1.5895106e-003
 1.5317943e-003
 1.4605030e-003
 1.3812991e-003
 1.3009954e-003
 1.2263675e-003
 1.1642269e-003
 1.1213536e-003
 1.1045518e-003
 1.1206073e-003
 1.1730555e-003
 1.2547661e-003
 1.3564734e-003
 1.4688693e-003
 1.5826951e-003
 1.6886400e-003
 1.7774440e-003
 1.8398031e-003
 1.8699901e-003
 1.8736762e-003
 1.8588402e-003
 1.8349394e-003
 1.8091009e-003
 1.7902105e-003
 1.7832529e-003
 1.7885788e-003
 1.8022046e-003
 1.8172831e-003
 1.8256290e-003
 1.8189284e-003
 1.7904112e-003
 1.7375210e-003
 1.6635408e-003
 1.5759346e-003
 1.4837929e-003
 1.3961265e-003
 1.3204962e-003
 1.2616308e-003
 1.2210482e-003
 1.1978504e-003
 1.1899308e-003
 1.1947615e-003
 1.2096893e-003
 1.2320011e-003
 1.2589360e-003
 1.2877076e-003
 1.3155902e-003
 1.3401068e-003
 1.3593788e-003
 1.3724929e-003
 1.3796182e-003
 1.3818016e-003
 1.3806082e-003
 1.3778498e-003
 1.3754609e-003
 1.3754672e-003
 1.3799655e-003
 1.3910339e-003
 1.4104672e-003
 1.4392084e-003
 1.4765286e-003
 1.4952299e-003
 1.5061338e-003
 1.5109112e-003
 1.5080763e-003
 1.4969262e-003
 1.4777817e-003
 1.4520815e-003
 1.4223106e-003
 1.3918389e-003
 1.3644913e-003
 1.3440122e-003
 1.3334365e-003
 1.3345219e-003
 1.3473858e-003
 1.3705536e-003
 1.4012820e-003
 1.4360017e-003
 1.4708699e-003
 1.5022507e-003
 1.5271613e-003
 1.5435641e-003
 1.5504742e-003
 1.5479719e-003
 1.5370779e-003
 1.5195452e-003
 1.4976899e-003
 1.4741916e-003
 1.4517439e-003
 1.4327099e-003
 1.4187440e-003
 1.4105436e-003
 1.4078189e-003
 1.4093964e-003
 1.4134642e-003
 1.4178966e-003
 1.4206099e-003
 1.4198995e-003
 1.4147110e-003
 1.4047824e-003
 1.3906371e-003
 1.3734152e-003
 1.3546126e-003
 1.3357651e-003
 1.3181610e-003
 1.3026715e-003
 1.2896791e-003
 1.2791624e-003
 1.2708523e-003
 1.2644242e-003
 1.2596665e-003
 1.2565581e-003
 1.2552590e-003
 1.2560111e-003
 1.2589989e-003
 1.2642131e-003
 1.2713659e-003
 1.2798707e-003
 1.2888993e-003
 1.2974928e-003
 1.3046816e-003
 1.3096126e-003
 1.3116309e-003
 1.3103372e-003
 1.3056085e-003
 1.2976025e-003
 1.2867557e-003
 1.2737698e-003
 1.2596061e-003
 1.2454386e-003
 1.2325963e-003
 1.2224480e-003
 1.2162466e-003
 1.2149573e-003
 1.2190683e-003
 1.2284389e-003
 1.2422079e-003
 1.2588075e-003
 1.2760727e-003
 1.2914921e-003
 1.3025219e-003
 1.3069685e-003
 1.3033458e-003
 1.2911439e-003
 1.2709477e-003
 1.2443822e-003
 1.2138656e-003
 1.1822090e-003
 1.1521891e-003
 1.1261159e-003
 1.1055199e-003
 1.0910411e-003
 1.0824648e-003
 1.0789458e-003
 1.0793013e-003
 1.0823217e-003
 1.0870121e-003
 1.0927210e-003
 1.0991327e-003
 1.1061497e-003
 1.1137088e-003
 1.1215752e-003
 1.1291956e-003
 1.1356262e-003
 1.1395856e-003
 1.1396179e-003
 1.1343415e-003
 1.1227427e-003
 1.1044600e-003
 1.0799944e-003
 1.0507868e-003
 1.0191818e-003
 9.8819484e-004
 9.6121035e-004
 9.4156381e-004
 9.3211763e-004
 9.3490095e-004
 9.5081975e-004
 9.7952713e-004
 1.0194163e-003
 1.0678058e-003
 1.1211928e-003
 1.1756358e-003
 1.2271868e-003
 1.2722439e-003
 1.3079385e-003
 1.3323340e-003
 1.3445679e-003
 1.3448391e-003
 1.3342727e-003
 1.3146978e-003
 1.2883734e-003
 1.2576929e-003
 1.2249006e-003
 1.1919113e-003
 1.1601592e-003
 1.1305949e-003
 1.1037247e-003
 1.0797122e-003
 1.0585311e-003
 1.0400842e-003
 1.0242952e-003
 1.0111813e-003
 1.0008527e-003
 9.9350966e-004
 9.8940486e-004
 9.8880625e-004
 9.9196169e-004
 9.9905988e-004
 1.0101805e-003
 1.0252339e-003
 1.0439012e-003
 1.0655529e-003
 1.0892230e-003
 1.1135895e-003
 1.1370430e-003
 1.1578234e-003
 1.1741879e-003
 1.1846512e-003
 1.1881898e-003
 1.1844332e-003
 1.1737674e-003
 1.1573581e-003
 1.1370612e-003
 1.1152677e-003
 1.0946649e-003
 1.0779528e-003
 1.0675761e-003
 1.0654466e-003
 1.0727239e-003
 1.0896620e-003
 1.1155524e-003
 1.1487541e-003
 1.1868494e-003
 1.2269194e-003
 1.2658549e-003
 1.3007778e-003
 1.3293776e-003
 1.3502211e-003
 1.3629132e-003
 1.3680665e-003
 1.3671233e-003
 1.3620154e-003
 1.3547590e-003
 1.3470480e-003
 1.3399476e-003
 1.3337277e-003
 1.3278845e-003
 1.3213187e-003
 1.3126300e-003
 1.3004657e-003
 1.2838382e-003
 1.2623486e-003
 1.2363044e-003
 1.2066633e-003
 1.1748956e-003
 1.1427341e-003
 1.1118912e-003
 1.0838427e-003
 1.0596317e-003
 1.0398284e-003
 1.0245573e-003
 1.0136099e-003
 1.0066057e-003
 1.0031111e-003
 1.0027190e-003
 1.0050416e-003
 1.0096520e-003
 1.0160011e-003
 1.0233701e-003
 1.0308840e-003
 1.0376154e-003
 1.0427479e-003
 1.0457400e-003
 1.0464429e-003
 1.0451045e-003
 1.0422489e-003
 1.0384572e-003
 1.0341182e-003
 1.0292350e-003
 1.0233610e-003
 1.0157152e-003
 1.0054423e-003
 9.9197135e-004
 9.7535137e-004
 9.5646142e-004
 9.3704683e-004
 9.1950718e-004
 9.0653577e-004
 9.0063451e-004
 9.0364303e-004
 9.1637397e-004
 9.3842164e-004
 9.6816005e-004
 1.0029370e-003
 1.0394260e-003
 1.0740132e-003
 1.1032624e-003
 1.1242789e-003
 1.1350366e-003
 1.1345773e-003
 1.1230763e-003
 1.1017930e-003
 1.0728737e-003
 1.0390817e-003
 1.0034073e-003
 9.6870592e-004
 9.3732809e-004
 9.1084215e-004
 8.8993192e-004
 8.7440788e-004
 8.6341554e-004
 8.5572357e-004
 8.5005839e-004
 8.4540126e-004
 8.4116351e-004
 8.3722814e-004
 8.3385041e-004
 8.3147275e-004
 8.3052751e-004
 8.3128858e-004
 8.3382375e-004
 8.3804684e-004
 8.4384112e-004
 8.5118687e-004
 8.6023909e-004
 8.7131636e-004
 8.8478066e-004
 9.0087234e-004
 9.1951969e-004
 9.4022072e-004
 9.6203323e-004
 9.8365219e-004
 1.0036137e-003
 1.0204971e-003
 1.0331301e-003
 1.0407144e-003
 1.0428445e-003
 1.0394555e-003
 1.0307115e-003
 1.0168959e-003
 9.9833088e-004
 9.7538304e-004
 9.4850332e-004
 9.1834686e-004
 8.8587234e-004
 8.5239467e-004
 8.1960071e-004
 7.8940974e-004
 7.6379644e-004
 7.4450433e-004
 7.3274970e-004
 7.2898762e-004
 7.3275948e-004
 7.4271043e-004
 7.5676921e-004
 7.7248923e-004
 7.8745943e-004
 7.9972763e-004
 8.0812466e-004
 8.1240002e-004
 8.1316673e-004
 8.1164646e-004
 8.0930360e-004
 8.0745667e-004
 8.0697396e-004
 8.0811861e-004
 8.1057125e-004
 8.1360055e-004
 8.1632135e-004
 8.1795466e-004
 8.1803038e-004
 8.1648625e-004
 8.1366638e-004
 8.1024016e-004
 8.0708851e-004
 8.0518570e-004
 8.0550020e-004
 8.0891396e-004
 8.1614451e-004
 8.2765182e-004
 8.4353198e-004
 8.6342299e-004
 8.8642637e-004
 9.1114163e-004
 9.3577459e-004
 9.5838605e-004
 9.7722432e-004
 9.9105155e-004
 9.9944696e-004
 1.0029447e-003
 1.0030114e-003
 1.0018249e-003
 1.0019059e-003
 1.0056734e-003
 1.0150138e-003
 1.0309448e-003
 1.0534507e-003
 1.0814846e-003
 1.1131577e-003
 1.1460746e-003
 1.1776929e-003
 1.2057356e-003
 1.2284743e-003
 1.2449316e-003
 1.2549261e-003
 1.2589623e-003
 1.2580375e-003
 1.2533817e-003
 1.2462165e-003
 1.2375694e-003
 1.2281946e-003
 1.2185796e-003
 1.2090431e-003
 1.1998555e-003
 1.1913474e-003
 1.1839764e-003
 1.1783100e-003
 1.1749568e-003
 1.1744461e-003
 1.1771062e-003
 1.1829674e-003
 1.1917214e-003
 1.2027357e-003
 1.2151329e-003
 1.2279174e-003
 1.2401091e-003
 1.2508901e-003
 1.2597282e-003
 1.2664524e-003
 1.2712958e-003
 1.2748718e-003
 1.2781017e-003
 1.2820897e-003
 1.2879510e-003
 1.2966243e-003
 1.3086788e-003
 1.3241604e-003
 1.3425141e-003
 1.3625787e-003
 1.3827210e-003
 1.4010345e-003
 1.4156328e-003
 1.4249597e-003
 1.4280498e-003
 1.4247196e-003
 1.4156222e-003
 1.4021724e-003
 1.3863378e-003
 1.3703612e-003
 1.3564340e-003
 1.3463879e-003
 1.3414683e-003
 1.3421874e-003
 1.3483053e-003
 1.3589107e-003
 1.3726027e-003
 1.3877129e-003
 1.4025680e-003
 1.4157040e-003
 1.4260429e-003
 1.4329812e-003
 1.4363760e-003
 1.4364562e-003
 1.4336582e-003
 1.4284329e-003
 1.4210580e-003
 1.4115099e-003
 1.3994123e-003
 1.3841060e-003
 1.3648148e-003
 1.3408781e-003
 1.3120291e-003
 1.2785866e-003
 1.2415808e-003
 1.2026958e-003
 1.1640430e-003
 1.1278552e-003
 1.0960825e-003
 1.0700297e-003
 1.0501501e-003
 1.0359682e-003
 1.0262380e-003
 1.0192348e-003
 1.0131483e-003
 1.0064871e-003
 9.9839363e-004
 9.8883489e-004
 9.7861851e-004
 9.6924859e-004
 9.6266886e-004
 9.6092117e-004
 9.6580817e-004
 9.7859185e-004
 9.9979795e-004
 1.0291182e-003
 1.0654726e-003
 1.1071408e-003
 1.1520081e-003
 1.1978631e-003
 1.2426418e-003
 1.2846709e-003
 1.3228286e-003
 1.3565527e-003
 1.3858140e-003
 1.4109347e-003
 1.4323940e-003
 1.4506152e-003
 1.4657687e-003
 1.4776925e-003
 1.4858907e-003
 1.4896649e-003
 1.4883237e-003
 1.4814301e-003
 1.4690278e-003
 1.4517932e-003
 1.4310607e-003
 1.4087016e-003
 1.3869065e-003
 1.3678486e-003
 1.3533622e-003
 1.3446327e-003
 1.3419936e-003
 1.3448659e-003
 1.3518346e-003
 1.3608737e-003
 1.3696540e-003
 1.3759040e-003
 1.3777281e-003
 1.3738496e-003
 1.3637192e-003
 1.3474977e-003
 1.3259153e-003
 1.3000946e-003
 1.2713595e-003
 1.2410861e-003
 1.2106675e-003
 1.1814912e-003
 1.1549944e-003
 1.1326551e-003
 1.1159206e-003
 1.1060757e-003
 1.1040233e-003
 1.1100958e-003
 1.1239250e-003
 1.1444677e-003
 1.1701656e-003
 1.1992614e-003
 1.2301223e-003
 1.2615361e-003
 1.2928646e-003
 1.3239685e-003
 1.3549909e-003
 1.3860343e-003
 1.4168127e-003
 1.4464791e-003
 1.4735976e-003
 1.4963673e-003
 1.5130063e-003
 1.5221756e-003
 1.5233807e-003
 1.5171844e-003
 1.5052126e-003
 1.4899127e-003
 1.4741491e-003
 1.4606806e-003
 1.4516753e-003
 1.4483141e-003
 1.4505881e-003
 1.4573225e-003
 1.4664188e-003
 1.4752676e-003
 1.4812513e-003
 1.4822312e-003
 1.4769180e-003
 1.4650701e-003
 1.4474965e-003
 1.4258771e-003
 1.4023845e-003
 1.3792446e-003
 1.3582641e-003
 1.3405023e-003
 1.3262077e-003
 1.3148977e-003
 1.3055876e-003
 1.2970376e-003
 1.2879815e-003
 1.2774167e-003
 1.2648717e-003
 1.2506099e-003
 1.2356624e-003
 1.2216321e-003
 1.2103101e-003
 1.2031291e-003
 1.2006272e-003
 1.2020557e-003
 1.2053901e-003
 1.2077868e-003
 1.2062842e-003
 1.1985546e-003
 1.1835245e-003
 1.1616859e-003
 1.1351457e-003
 1.1074031e-003
 1.0828048e-003
 1.0658323e-003
 1.0602963e-003
 1.0686762e-003
 1.0916756e-003
 1.1281347e-003
 1.1752326e-003
 1.2290101e-003
 1.2849672e-003
 1.3387365e-003
 1.3866763e-003
 1.4261394e-003
 1.4555852e-003
 1.4744474e-003
 1.4829607e-003
 1.4818959e-003
 1.4723439e-003
 1.4555925e-003
 1.4329803e-003
 1.4057793e-003
 1.3751108e-003
 1.3419441e-003
 1.3071027e-003
 1.2712961e-003
 1.2352152e-003
 1.1995714e-003
 1.1651870e-003
 1.1330179e-003
 1.1041180e-003
 1.0796004e-003
 1.0605112e-003
 1.0477221e-003
 1.0417879e-003
 1.0428400e-003
 1.0505284e-003
 1.0640250e-003
 1.0820340e-003
 1.1028722e-003
 1.1246180e-003
 1.1452662e-003
 1.1629291e-003
 1.1759833e-003
 1.1832117e-003
 1.1838737e-003
 1.1777128e-003
 1.1649287e-003
 1.1461020e-003
 1.1221212e-003
 1.0940734e-003
 1.0631741e-003
 1.0306790e-003
 9.9779747e-004
 9.6565369e-004
 9.3519944e-004
 9.0719620e-004
 8.8217302e-004
 8.6040865e-004
 8.4196206e-004
 8.2668377e-004
 8.1428041e-004
 8.0436631e-004
 7.9652492e-004
 7.9037790e-004
 7.8563072e-004
 7.8212220e-004
 7.7985326e-004
 7.7900675e-004
 7.7995477e-004
 7.8324822e-004
 7.8958477e-004
 7.9975126e-004
 8.1454421e-004
 8.3465199e-004
 8.6052850e-004
 8.9227583e-004
 9.2951296e-004
 9.7134156e-004
 1.0163165e-003
 1.0625343e-003
 1.1078039e-003
 1.1498203e-003
 1.1864518e-003
 1.2159452e-003
 1.2371457e-003
 1.2496335e-003
 1.2537541e-003
 1.2505889e-003
 1.2418327e-003
 1.2296273e-003
 1.2163551e-003
 1.2044450e-003
 1.1961657e-003
 1.1934586e-003
 1.1977757e-003
 1.2099536e-003
 1.2301124e-003
 1.2575987e-003
 1.2910061e-003
 1.3282333e-003
 1.3666875e-003
 1.4035061e-003
 1.4358804e-003
 1.4613956e-003
 1.4783067e-003
 1.4857808e-003
 1.4839746e-003
 1.4740126e-003
 1.4578006e-003
 1.4377320e-003
 1.4162967e-003
 1.3957121e-003
 1.3775935e-003
 1.3627392e-003
 1.3511233e-003
 1.3420214e-003
 1.3342614e-003
 1.3265014e-003
 1.3175000e-003
 1.3063397e-003
 1.2925458e-003
 1.2761712e-003
 1.2577937e-003
 1.2384141e-003
 1.2192962e-003
 1.2017366e-003
 1.1868221e-003
 1.1752403e-003
 1.1671495e-003
 1.1621844e-003
 1.1595582e-003
 1.1582705e-003
 1.1573732e-003
 1.1562367e-003
 1.1547644e-003
 1.1534884e-003
 1.1535190e-003
 1.1563762e-003
 1.1637396e-003
 1.1771634e-003
 1.1978067e-003
 1.2262358e-003
 1.2622977e-003
 1.3051193e-003
 1.3531261e-003
 1.4042109e-003
 1.4559907e-003
 1.5060534e-003
 1.5522640e-003
 1.5930311e-003
 1.6274472e-003
 1.6553972e-003
 1.6774773e-003
 1.6948552e-003
 1.7090426e-003
 1.7216088e-003
 1.7339239e-003
 1.7469192e-003
 1.7609372e-003
 1.7756775e-003
 1.7902291e-003
 1.8032187e-003
 1.8130072e-003
 1.8179429e-003
 1.8166124e-003
 1.8080528e-003
 1.7919015e-003
 1.7684714e-003
 1.7387309e-003
 1.7041927e-003
 1.6667797e-003
 1.6286313e-003
 1.5919002e-003
 1.5586196e-003
 1.5305401e-003
 1.5090771e-003
 1.4952532e-003
 1.4896876e-003
 1.4926160e-003
 1.5039041e-003
 1.5230667e-003
 1.5492860e-003
 1.5814517e-003
 1.6181788e-003
 1.6578992e-003
 1.6989196e-003
 1.7395405e-003
 1.7781929e-003
 1.8135224e-003
 1.8445259e-003
 1.8705877e-003
 1.8915165e-003
 1.9075226e-003
 1.9191286e-003
 1.9270778e-003
 1.9321988e-003
 1.9352863e-003
 1.9369967e-003
 1.9377705e-003
 1.9378025e-003
 1.9370491e-003
 1.9352756e-003
 1.9321302e-003
 1.9272356e-003
 1.9202785e-003
 1.9110830e-003
 1.8996660e-003
 1.8862446e-003
 1.8712232e-003
 1.8551336e-003
 1.8385453e-003
 1.8219814e-003
 1.8058066e-003
 1.7901618e-003
 1.7749126e-003
 1.7596434e-003
 1.7437218e-003
 1.7263845e-003
 1.7068947e-003
 1.6847033e-003
 1.6596053e-003
 1.6318946e-003
 1.6024376e-003
 1.5726655e-003
 1.5445128e-003
 1.5202237e-003
 1.5021443e-003
 1.4924431e-003
 1.4928454e-003
 1.5044113e-003
 1.5273917e-003
 1.5611518e-003
 1.6041794e-003
 1.6542211e-003
 1.7084359e-003
 1.7636789e-003
 1.8167043e-003
 1.8644148e-003
 1.9040949e-003
 1.9335417e-003
 1.9511454e-003
 1.9558754e-003
 1.9472981e-003
 1.9255606e-003
 1.8913914e-003
 1.8460519e-003
 1.7912905e-003
 1.7293473e-003
 1.6629669e-003
 1.5953666e-003
 1.5300673e-003
 1.4706489e-003
 1.4205039e-003
 1.3824261e-003
 1.3582541e-003
 1.3485159e-003
 1.3522907e-003
 1.3672397e-003
 1.3877638e-003
 1.4193585e-003
 1.4491818e-003
 1.4723993e-003
 1.4850702e-003
 1.4848070e-003
 1.4711433e-003
 1.4453750e-003
 1.4100301e-003
 1.3683126e-003
 1.3236480e-003
 1.2794585e-003
 1.2389553e-003
 1.2049102e-003
 1.1794583e-003
 1.1639360e-003
 1.1588488e-003
 1.1639512e-003
 1.1784314e-003
 1.2011260e-003
 1.2306867e-003
 1.2656973e-003
 1.3046945e-003
 1.3462174e-003
 1.3887804e-003
 1.4308871e-003
 1.4710509e-003
 1.5077627e-003
 1.5395317e-003
 1.5648596e-003
 1.5822760e-003
 1.5903908e-003
 1.5879952e-003
 1.5742588e-003
 1.5489764e-003
 1.5127892e-003
 1.4672537e-003
 1.4147795e-003
 1.3583985e-003
 1.3014884e-003
 1.2476045e-003
 1.2002479e-003
 1.1627078e-003
 1.1377529e-003
 1.1272752e-003
 1.1319941e-003
 1.1513192e-003
 1.1834771e-003
 1.2258186e-003
 1.2751933e-003
 1.3281995e-003
 1.3814387e-003
 1.4316647e-003
 1.4760420e-003
 1.5124427e-003
 1.5396607e-003
 1.5575447e-003
 1.5668736e-003
 1.5691227e-003
 1.5661804e-003
 1.5601233e-003
 1.5530554e-003
 1.5469785e-003
 1.5436336e-003
 1.5443179e-003
 1.5497273e-003
 1.5598889e-003
 1.5742314e-003
 1.5917337e-003
 1.6111172e-003
 1.6309756e-003
 1.6498811e-003
 1.6664722e-003
 1.6795308e-003
 1.6881049e-003
 1.6915892e-003
 1.6897713e-003
 1.6827900e-003
 1.6710460e-003
 1.6550923e-003
 1.6355623e-003
 1.6131209e-003
 1.5884339e-003
 1.5621774e-003
 1.5350111e-003
 1.5075968e-003
 1.4805889e-003
 1.4546252e-003
 1.4303472e-003
 1.4083906e-003
 1.3893736e-003
 1.3738988e-003
 1.3624992e-003
 1.3555881e-003
 1.3533680e-003
 1.3557589e-003
 1.3623682e-003
 1.3725234e-003
 1.3853415e-003
 1.3998164e-003
 1.4148955e-003
 1.4295270e-003
 1.4427374e-003
 1.4537079e-003
 1.4618892e-003
 1.4671000e-003
 1.4695594e-003
 1.4698537e-003
 1.4688364e-003
 1.4675205e-003
 1.4669852e-003
 1.4683030e-003
 1.4724607e-003
 1.4802502e-003
 1.4921349e-003
 1.5081387e-003
 1.5277904e-003
 1.5501729e-003
 1.5740508e-003
 1.5979847e-003
 1.6204659e-003
 1.6399845e-003
 1.6551382e-003
 1.6647672e-003
 1.6681051e-003
 1.6649314e-003
 1.6556235e-003
 1.6411045e-003
 1.6226905e-003
 1.6019426e-003
 1.5805163e-003
 1.5600759e-003
 1.5421873e-003
 1.5281825e-003
 1.5190175e-003
 1.5151215e-003
 1.5163505e-003
 1.5220367e-003
 1.5311306e-003
 1.5423531e-003
 1.5543239e-003
 1.5656628e-003
 1.5750716e-003
 1.5814621e-003
 1.5840885e-003
 1.5826777e-003
 1.5774762e-003
 1.5692026e-003
 1.5589191e-003
 1.5478956e-003
 1.5374930e-003
 1.5290707e-003
 1.5239094e-003
 1.5230944e-003
 1.5273876e-003
 1.5371072e-003
 1.5520854e-003
 1.5717075e-003
 1.5950415e-003
 1.6209544e-003
 1.6482250e-003
 1.6756309e-003
 1.7019976e-003
 1.7262890e-003
 1.7477125e-003
 1.7657835e-003
 1.7803805e-003
 1.7916942e-003
 1.8001522e-003
 1.8063253e-003
 1.8108458e-003
 1.8143621e-003
 1.8174951e-003
 1.8207959e-003
 1.8246981e-003
 1.8294711e-003
 1.8352072e-003
 1.8418345e-003
 1.8491617e-003
 1.8569283e-003
 1.8648375e-003
 1.8725882e-003
 1.8798887e-003
 1.8864798e-003
 1.8921602e-003
 1.8968018e-003
 1.9003624e-003
 1.9028744e-003
 1.9044263e-003
 1.9051405e-003
 1.9051546e-003
 1.9046105e-003
 1.9036456e-003
 1.9023848e-003
 1.9009307e-003
 1.8993560e-003
 1.8977008e-003
 1.8959746e-003
 1.8941653e-003
 1.8922471e-003
 1.8901887e-003
 1.8879552e-003
 1.8855146e-003
 1.8828359e-003
 1.8798928e-003
 1.8766677e-003
 1.8731490e-003
 1.8693317e-003
 1.8652155e-003
 1.8608061e-003
 1.8561094e-003
 1.8511353e-003
 1.8459081e-003
 1.8404695e-003
 1.8348958e-003
 1.8293144e-003
 1.8239010e-003
 1.8188796e-003
 1.8145080e-003
 1.8110666e-003
 1.8088390e-003
 1.8081007e-003
 1.8090968e-003
 1.8120060e-003
 1.8168994e-003
 1.8236956e-003
 1.8321525e-003
 1.8418810e-003
 1.8523755e-003
 1.8630729e-003
 1.8733812e-003
 1.8827149e-003
 1.8905207e-003
 1.8963385e-003
 1.8998522e-003
 1.9009406e-003
 1.8997043e-003
 1.8964392e-003
 1.8915893e-003
 1.8856827e-003
 1.8792868e-003
 1.8729711e-003
 1.8672803e-003
 1.8626860e-003
 1.8595438e-003
 1.8580528e-003
 1.8582341e-003
 1.8599515e-003
 1.8629512e-003
 1.8669098e-003
 1.8714735e-003
 1.8762788e-003
 1.8809808e-003
 1.8852727e-003
 1.8889148e-003
 1.8917557e-003
 1.8937468e-003
 1.8949292e-003
 1.8954104e-003
 1.8953383e-003
 1.8948790e-003
 1.8942034e-003
 1.8934753e-003
 1.8928406e-003
 1.8924145e-003
 1.8922703e-003
 1.8924348e-003
 1.8928925e-003
 1.8935973e-003
 1.8944844e-003
 1.8954806e-003
 1.8965093e-003
 1.8974970e-003
 1.8983758e-003
 1.8990890e-003
 1.8995934e-003
 1.8998629e-003
 1.8998857e-003
 1.8996606e-003
 1.8991928e-003
 1.8984912e-003
 1.8975664e-003
 1.8964305e-003
 1.8950977e-003
 1.8935875e-003
 1.8919242e-003
 1.8901381e-003
 1.8882653e-003
 1.8863466e-003
 1.8844242e-003
 1.8825413e-003
 1.8807416e-003
 1.8790645e-003
 1.8775437e-003
 1.8762046e-003
 1.8750577e-003
 1.8740990e-003
 1.8733114e-003
 1.8726682e-003
 1.8721365e-003
 1.8716812e-003
 1.8712681e-003
 1.8708671e-003
 1.8704570e-003
 1.8700326e-003
 1.8696093e-003
 1.8692262e-003
 1.8689430e-003
 1.8688348e-003
 1.8689862e-003
 1.8694844e-003
 1.8704145e-003
 1.8718512e-003
 1.8738485e-003
 1.8764228e-003
 1.8795428e-003
 1.8831238e-003
 1.8870294e-003
 1.8910896e-003
 1.8951129e-003
 1.8988992e-003
 1.9022478e-003
 1.9049734e-003
 1.9069191e-003
 1.9079753e-003
 1.9081000e-003
 1.9073230e-003
 1.9057412e-003
 1.9034992e-003
 1.9007702e-003
 1.8977422e-003
 1.8946029e-003
 1.8915322e-003
 1.8886881e-003
 1.8861954e-003
 1.8841288e-003
 1.8825096e-003
 1.8813126e-003
 1.8804754e-003
 1.8799151e-003
 1.8795390e-003
 1.8792513e-003
 1.8789595e-003
 1.8785788e-003
 1.8780389e-003
 1.8772881e-003
 1.8762959e-003
 1.8750516e-003
 1.8735578e-003
 1.8718254e-003
 1.8698714e-003
 1.8677138e-003
 1.8653738e-003
 1.8628795e-003
 1.8602660e-003
 1.8575804e-003
 1.8548819e-003
 1.8522436e-003
 1.8497448e-003
 1.8474701e-003
 1.8455068e-003
 1.8439392e-003
 1.8428444e-003
 1.8422859e-003
 1.8423009e-003
 1.8428933e-003
 1.8440303e-003
 1.8456442e-003
 1.8476429e-003
 1.8499206e-003
 1.8523625e-003
 1.8548552e-003
 1.8572902e-003
 1.8595686e-003
 1.8616134e-003
 1.8633738e-003
 1.8648274e-003
 1.8659800e-003
 1.8668566e-003
 1.8674940e-003
 1.8679346e-003
 1.8682230e-003
 1.8684033e-003
 1.8685177e-003
 1.8686053e-003
 1.8686998e-003
 1.8688304e-003
 1.8690209e-003
 1.8692921e-003
 1.8696623e-003
 1.8701487e-003
 1.8707669e-003
 1.8715307e-003
 1.8724487e-003
 1.8735231e-003
 1.8747458e-003
 1.8760973e-003
 1.8775489e-003
 1.8790640e-003
 1.8806027e-003
 1.8821218e-003
 1.8835795e-003
 1.8849368e-003
 1.8861592e-003
 1.8872230e-003
 1.8881176e-003
 1.8888464e-003
 1.8894263e-003
 1.8898842e-003
 1.8902522e-003
 1.8905655e-003
 1.8908596e-003
 1.8911684e-003
 1.8915224e-003
 1.8919458e-003
 1.8924549e-003
 1.8930559e-003
 1.8937475e-003
 1.8945221e-003
 1.8953680e-003
 1.8962721e-003
 1.8972213e-003
 1.8982034e-003
 1.8992081e-003
 1.9002295e-003
 1.9012677e-003
 1.9023278e-003
 1.9034210e-003
 1.9045632e-003
 1.9057710e-003
 1.9070626e-003
 1.9084541e-003
 1.9099548e-003
 1.9115623e-003
 1.9132529e-003
 1.9149749e-003
 1.9166443e-003
 1.9181498e-003
 1.9193591e-003
 1.9201279e-003
 1.9203101e-003
 1.9197683e-003
 1.9183939e-003
 1.9161372e-003
 1.9130466e-003
 1.9093035e-003
 1.9052394e-003
 1.9013170e-003
 1.8980970e-003
 1.8961997e-003
 1.8962648e-003
 1.8989234e-003
 1.9047526e-003
 1.9142190e-003
 1.9276050e-003
 1.9449287e-003
 1.9659346e-003
 1.9901108e-003
 2.0167646e-003
 2.0450738e-003
 2.0741906e-003
 2.1032784e-003
 2.1315564e-003
 2.1584316e-003
 2.1835912e-003
 2.2070860e-003
 2.2294070e-003
 2.2514204e-003
 2.2742797e-003
 2.2992876e-003
 2.3278370e-003
 2.3613279e-003
 2.4010730e-003
 2.4482608e-003
 2.5038372e-003
 2.5683695e-003
 2.6420886e-003
 2.7248957e-003
 2.8163809e-003
 2.9160404e-003
 3.0232694e-003
 3.1374358e-003
 3.2577501e-003
 3.3833687e-003
 3.5132340e-003
 3.6458969e-003
 3.7796730e-003
 3.9125793e-003
 4.0423204e-003
 4.1665682e-003
 4.2829136e-003
 4.3889917e-003
 4.4824686e-003
 4.5613209e-003
 4.6239025e-003
 4.6690525e-003
 4.6962434e-003
 4.7054603e-003
 4.6970746e-003
 4.6717022e-003
 4.6300627e-003
 4.5729661e-003
 4.5012399e-003
 4.4157873e-003
 4.3175933e-003
 4.2078570e-003
 4.0878667e-003
 3.9590430e-003
 3.8230054e-003
 3.6813451e-003
 3.5356758e-003
 3.3877213e-003
 3.2390866e-003
 3.0913765e-003
 2.9460972e-003
 2.8047741e-003
 2.6687337e-003
 2.5392245e-003
 2.4175222e-003
 2.3047675e-003
 2.2020752e-003
 2.1105797e-003
 2.0312245e-003
 1.9647435e-003
 1.9114724e-003
 1.8712581e-003
 1.8433272e-003
 1.8263921e-003
 1.8187886e-003
 1.8186092e-003
 1.8238516e-003
 1.8325028e-003
 1.8426392e-003
 1.8525398e-003
 1.8608177e-003
 1.8665565e-003
 1.8693509e-003
 1.8692586e-003
 1.8666778e-003
 1.8622098e-003
 1.8565488e-003
 1.8504157e-003
 1.8444975e-003
 1.8393972e-003
 1.8355782e-003
 1.8333043e-003
 1.8326252e-003
 1.8333949e-003
 1.8353196e-003
 1.8380185e-003
 1.8410715e-003
 1.8440516e-003
 1.8465625e-003
 1.8482776e-003
 1.8489904e-003
 1.8486613e-003
 1.8474334e-003
 1.8456109e-003
 1.8436091e-003
 1.8419049e-003
 1.8409933e-003
 1.8413475e-003
 1.8433686e-003
 1.8473174e-003
 1.8532289e-003
 1.8608451e-003
 1.8695811e-003
 1.8785378e-003
 1.8865857e-003
 1.8924476e-003
 1.8947833e-003
 1.8922468e-003
 1.8835195e-003
 1.8673228e-003
 1.8424481e-003
 1.8092865e-003
 1.7742845e-003
 1.7198286e-003
 1.6594623e-003
 1.5953419e-003
 1.5296353e-003
 1.4644954e-003
 1.4021219e-003
 1.3446672e-003
 1.2942991e-003
 1.2531863e-003
 1.2232687e-003
 1.2044320e-003
 1.1954060e-003
 1.1949185e-003
 1.2016994e-003
 1.2144725e-003
 1.2319662e-003
 1.2529076e-003
 1.2760306e-003
 1.3000506e-003
 1.3237009e-003
 1.3457088e-003
 1.3648059e-003
 1.3797102e-003
 1.3892711e-003
 1.3934006e-003
 1.3925838e-003
 1.3873091e-003
 1.3780693e-003
 1.3653543e-003
 1.3496542e-003
 1.3314547e-003
 1.3112549e-003
 1.2895413e-003
 1.2668038e-003
 1.2435274e-003
 1.2202135e-003
 1.1973468e-003
 1.1754178e-003
 1.1549169e-003
 1.1363301e-003
 1.1201566e-003
 1.1068340e-003
 1.0963777e-003
 1.0885771e-003
 1.0832257e-003
 1.0801103e-003
 1.0790203e-003
 1.0797457e-003
 1.0820754e-003
 1.0857985e-003
 1.0907047e-003
 1.0965831e-003
 1.1032248e-003
 1.1104158e-003
 1.1179472e-003
 1.1256083e-003
 1.1331902e-003
 1.1404788e-003
 1.1472651e-003
 1.1533382e-003
 1.1584890e-003
 1.1625042e-003
 1.1651746e-003
 1.1663131e-003
 1.1659336e-003
 1.1641536e-003
 1.1610915e-003
 1.1568656e-003
 1.1515936e-003
 1.1453923e-003
 1.1383828e-003
 1.1306820e-003
 1.1224076e-003
 1.1136758e-003
 1.1046091e-003
 1.0953232e-003
 1.0859366e-003
 1.0765650e-003
 1.0673311e-003
 1.0583507e-003
 1.0497420e-003
 1.0416229e-003
 1.0341102e-003
 1.0273253e-003
 1.0213846e-003
 1.0164065e-003
 1.0125076e-003
 1.0098085e-003
 1.0084261e-003
 1.0084651e-003
 1.0099196e-003
 1.0127277e-003
 1.0168280e-003
 1.0221592e-003
 1.0286595e-003
 1.0362692e-003
 1.0449234e-003
 1.0545620e-003
 1.0651235e-003
 1.0765492e-003
 1.0887721e-003
 1.1017331e-003
 1.1153708e-003
 1.1296270e-003
 1.1444336e-003
 1.1597321e-003
 1.1754611e-003
 1.1915626e-003
 1.2079679e-003
 1.2246188e-003
 1.2414539e-003
 1.2584113e-003
 1.2754343e-003
 1.2924526e-003
 1.3094088e-003
 1.3262413e-003
 1.3428926e-003
 1.3592932e-003
 1.3753854e-003
 1.3911129e-003
 1.4064611e-003
 1.4214240e-003
 1.4360057e-003
