s07_ASD Record=13779:  error bars to preceding                
 9.4579789e-004
 8.3447079e-004
 7.5131020e-004
 7.0507952e-004
 6.9312280e-004
 7.0170622e-004
 7.1216334e-004
 7.0837879e-004
 6.8198354e-004
 6.3373463e-004
 5.7106285e-004
 5.0425704e-004
 4.4326115e-004
 3.9568631e-004
 3.6492603e-004
 3.4938368e-004
 3.4403120e-004
 3.4322849e-004
 3.4269944e-004
 3.4026534e-004
 3.3560680e-004
 3.2948726e-004
 3.2296171e-004
 3.1697252e-004
 3.1234094e-004
 3.0990932e-004
 3.1053252e-004
 3.1479832e-004
 3.2263639e-004
 3.3312736e-004
 3.4450018e-004
 3.5451763e-004
 3.6097658e-004
 3.6195677e-004
 3.5658048e-004
 3.4618581e-004
 3.3436049e-004
 3.2624355e-004
 3.2749263e-004
 3.4277461e-004
 3.7406047e-004
 4.1909586e-004
 4.7067527e-004
 5.1772123e-004
 5.4859126e-004
 5.5570417e-004
 5.3914130e-004
 5.0688552e-004
 4.7115350e-004
 4.4282735e-004
 4.2726632e-004
 4.2352590e-004
 4.2644396e-004
 4.2964375e-004
 4.2789913e-004
 4.1857219e-004
 4.0285132e-004
 3.8562057e-004
 3.7269015e-004
 3.6963529e-004
 3.7541281e-004
 3.8157255e-004
 3.8355181e-004
 3.7733966e-004
 3.5955949e-004
 3.3344343e-004
 3.0538559e-004
 2.8073188e-004
 2.6335762e-004
 2.5545992e-004
 2.5726770e-004
 2.6716047e-004
 2.8229118e-004
 2.9920321e-004
 3.1435603e-004
 3.2463178e-004
 3.2787715e-004
 3.2342033e-004
 3.1232380e-004
 2.9710858e-004
 2.8083345e-004
 2.6586925e-004
 2.5307396e-004
 2.4201341e-004
 2.3213815e-004
 2.2401879e-004
 2.1953147e-004
 2.2065922e-004
 2.2775326e-004
 2.3863258e-004
 2.4930283e-004
 2.5588163e-004
 2.5656345e-004
 2.5278228e-004
 2.4961351e-004
 2.5570102e-004
 2.8189269e-004
 3.3684765e-004
 4.2000890e-004
 5.1711837e-004
 6.0361426e-004
 6.5586757e-004
 6.6254614e-004
 6.2850903e-004
 5.7076773e-004
 5.0922064e-004
 4.5880809e-004
 4.2807055e-004
 4.2023291e-004
 4.3259497e-004
 4.5550874e-004
 4.7459820e-004
 4.7685753e-004
 4.5704661e-004
 4.2002220e-004
 3.7756280e-004
 3.4207749e-004
 3.2128050e-004
 3.1639362e-004
 3.2320421e-004
 3.3406593e-004
 3.4040998e-004
 3.3654773e-004
 3.2399979e-004
 3.1327902e-004
 3.2019475e-004
 3.5663112e-004
 4.2013050e-004
 4.9047155e-004
 5.3961470e-004
 5.5047445e-004
 5.2905688e-004
 4.9906882e-004
 4.8574331e-004
 5.0340756e-004
 5.5081397e-004
 6.1012618e-004
 6.5224367e-004
 6.5334176e-004
 6.1215821e-004
 5.4902787e-004
 4.8683790e-004
 4.3600448e-004
 3.9757261e-004
 3.7330316e-004
 3.6614086e-004
 3.7244824e-004
 3.8030298e-004
 3.7901150e-004
 3.6872545e-004
 3.5825864e-004
 3.5429979e-004
 3.5538682e-004
 3.5632943e-004
 3.5519019e-004
 3.5355406e-004
 3.5136583e-004
 3.4540394e-004
 3.3628751e-004
 3.3716703e-004
 3.7027916e-004
 4.4614129e-004
 5.4179388e-004
 6.0589984e-004
 5.9644255e-004
 5.1726750e-004
 4.1481032e-004
 3.3928265e-004
 3.1136669e-004
 3.2048204e-004
 3.4315541e-004
 3.5937084e-004
 3.6033493e-004
 3.5080774e-004
 3.4549291e-004
 3.5774792e-004
 3.8695362e-004
 4.1695219e-004
 4.2930999e-004
 4.1835962e-004
 3.9267499e-004
 3.6485487e-004
 3.4388632e-004
 3.3532837e-004
 3.4203756e-004
 3.6151585e-004
 3.8524851e-004
 4.0357548e-004
 4.1151032e-004
 4.1006054e-004
 4.0373101e-004
 3.9847128e-004
 4.0087898e-004
 4.1489871e-004
 4.3557570e-004
 4.4791921e-004
 4.3715962e-004
 4.0187806e-004
 3.5524098e-004
 3.1362436e-004
 2.8633364e-004
 2.7529066e-004
 2.7979494e-004
 2.9763152e-004
 3.2236622e-004
 3.4470329e-004
 3.6090624e-004
 3.7771795e-004
 4.0300938e-004
 4.3100221e-004
 4.4390920e-004
 4.3523480e-004
 4.2898790e-004
 4.6121038e-004
 5.3099188e-004
 5.8342307e-004
 5.6645769e-004
 5.0206349e-004
 4.7416877e-004
 5.3755357e-004
 6.5289374e-004
 7.2145311e-004
 6.8285939e-004
 5.7335291e-004
 4.8371230e-004
 4.6860054e-004
 5.0756324e-004
 5.4271874e-004
 5.3513324e-004
 4.8918871e-004
 4.4114518e-004
 4.2784552e-004
 4.5467375e-004
 4.8848160e-004
 4.8833236e-004
 4.4642983e-004
 3.9489917e-004
 3.7157125e-004
 3.8157500e-004
 3.9386563e-004
 3.7803364e-004
 3.4594120e-004
 3.5167660e-004
 4.3943789e-004
 5.8296171e-004
 6.8633643e-004
 6.6769903e-004
 5.4172572e-004
 4.0303028e-004
 3.3163463e-004
 3.3987866e-004
 4.0634020e-004
 5.1526696e-004
 6.3799875e-004
 7.0562708e-004
 6.6273747e-004
 5.4543890e-004
 4.4510493e-004
 4.0231546e-004
 3.8588897e-004
 3.5868358e-004
 3.2058108e-004
 2.9208252e-004
 2.8231359e-004
 2.8556612e-004
 3.0226327e-004
 3.4071659e-004
 3.9100158e-004
 4.2022124e-004
 4.0879266e-004
 3.8541117e-004
 4.1442120e-004
 5.2122574e-004
 6.2638638e-004
 6.1682879e-004
 4.9748359e-004
 3.8759413e-004
 3.6568838e-004
 4.0240906e-004
 4.2959760e-004
 4.0899002e-004
 3.5264180e-004
 3.1029014e-004
 3.2029461e-004
 3.6949213e-004
 4.1181705e-004
 4.1606650e-004
 3.9576675e-004
 4.0110989e-004
 4.7678265e-004
 6.1174727e-004
 7.2643318e-004
 7.3490158e-004
 6.3511200e-004
 5.0962111e-004
 4.2657158e-004
 3.8061291e-004
 3.4064683e-004
 3.0708857e-004
 3.0110334e-004
 3.2648028e-004
 3.6084093e-004
 3.7798932e-004
 3.7415270e-004
 3.7232571e-004
 3.9881631e-004
 4.5127128e-004
 4.9004273e-004
 4.7477218e-004
 4.1625390e-004
 3.7189390e-004
 3.8030260e-004
 4.2439761e-004
 4.6675850e-004
 4.9654202e-004
 5.3182553e-004
 5.8547355e-004
 6.3930341e-004
 6.5457530e-004
 6.1249844e-004
 5.4331264e-004
 4.9769279e-004
 4.9605576e-004
 5.1949272e-004
 5.3706835e-004
 5.2807463e-004
 4.8759836e-004
 4.2512358e-004
 3.6180363e-004
 3.2337222e-004
 3.2851633e-004
 3.8015289e-004
 4.6494443e-004
 5.5721262e-004
 6.2396575e-004
 6.3583715e-004
 5.8499136e-004
 4.9607130e-004
 4.1361514e-004
 3.7189139e-004
 3.7381286e-004
 3.9783865e-004
 4.2303326e-004
 4.4669220e-004
 4.7983410e-004
 5.2802730e-004
 5.7833776e-004
 6.0700794e-004
 6.0039334e-004
 5.6751084e-004
 5.2972673e-004
 4.9590704e-004
 4.5234308e-004
 3.9598081e-004
 3.7083545e-004
 4.0614640e-004
 4.6392620e-004
 4.7543028e-004
 4.1511442e-004
 3.3527426e-004
 3.2293607e-004
 3.9433743e-004
 4.5998697e-004
 4.5299451e-004
 4.3892275e-004
 5.3381518e-004
 7.5626787e-004
 9.8354695e-004
 1.0408716e-003
 8.7418780e-004
 6.1946042e-004
 4.4406354e-004
 3.8412982e-004
 3.8945585e-004
 4.2640479e-004
 4.7157236e-004
 4.9286423e-004
 5.1450328e-004
 6.1958254e-004
 7.9150300e-004
 8.7092706e-004
 8.1695890e-004
 8.4005413e-004
 1.0681940e-003
 1.2815106e-003
 1.2067427e-003
 8.9882681e-004
 6.7010848e-004
 7.5199374e-004
 1.0554661e-003
 1.2400328e-003
 1.0931245e-003
 7.6623872e-004
 5.2770961e-004
 4.5133816e-004
 4.4402716e-004
 4.3806731e-004
 4.3528812e-004
 4.5770092e-004
 5.1605533e-004
 5.8688759e-004
 6.2275567e-004
 6.0199812e-004
 5.4624910e-004
 4.8241366e-004
 4.1902511e-004
 3.5003776e-004
 2.7966482e-004
 2.5790493e-004
 3.7544986e-004
 6.8804820e-004
 1.1124980e-003
 1.4362616e-003
 1.4687479e-003
 1.2077750e-003
 8.3682127e-004
 5.5735622e-004
 4.4177094e-004
 4.3027315e-004
 4.3507534e-004
 4.1658955e-004
 3.8851000e-004
 3.7885914e-004
 3.9991795e-004
 4.4612307e-004
 5.0583598e-004
 5.6610751e-004
 6.1226264e-004
 6.2861410e-004
 6.1216485e-004
 5.6750199e-004
 5.1106361e-004
 4.5607422e-004
 4.1188399e-004
 3.8630114e-004
 3.8713161e-004
 4.1943989e-004
 4.7030611e-004
 5.1956257e-004
 5.4702250e-004
 5.3678575e-004
 5.0125847e-004
 4.6428555e-004
 4.4974478e-004
 4.7694927e-004
 5.3500017e-004
 6.0074660e-004
 6.5100694e-004
 6.6586380e-004
 6.4719684e-004
 5.9736246e-004
 5.4287742e-004
 4.8877095e-004
 4.4174041e-004
 4.0460567e-004
 3.7999830e-004
 3.7056406e-004
 3.7874858e-004
 4.0268872e-004
 4.3622853e-004
 4.7304135e-004
 5.0678459e-004
 5.3145934e-004
 5.4840278e-004
 5.6621165e-004
 5.9378077e-004
 6.4001686e-004
 7.1320153e-004
 8.0818136e-004
 9.0656715e-004
 9.8945887e-004
 1.0379169e-003
 1.0330337e-003
 9.6401549e-004
 8.5166760e-004
 7.2441297e-004
 6.1072665e-004
 5.3903123e-004
 5.3778879e-004
 6.2628108e-004
 7.8849407e-004
 9.9998619e-004
 1.2362309e-003
 1.4728046e-003
 1.6851744e-003
 1.8488955e-003
 1.9463466e-003
 1.9859672e-003
 1.9824465e-003
 1.9504630e-003
 1.9046890e-003
 1.8598129e-003
 1.8305042e-003
 1.8314471e-003
 1.8727629e-003
 1.9473764e-003
 2.0441895e-003
 2.1520648e-003
 2.2599120e-003
 2.3565916e-003
 2.4310034e-003
 2.4720365e-003
 2.4720018e-003
 2.4360248e-003
 2.3722230e-003
 2.2886917e-003
 2.1935597e-003
 2.0949140e-003
 2.0008869e-003
 1.9195674e-003
 1.8572257e-003
 1.8132540e-003
 1.7854910e-003
 1.7717594e-003
 1.7698884e-003
 1.7777072e-003
 1.7930460e-003
 1.8137291e-003
 1.8375906e-003
 1.8624528e-003
 1.8861499e-003
 1.9065054e-003
 1.9218518e-003
 1.9323260e-003
 1.9384819e-003
 1.9408689e-003
 1.9400391e-003
 1.9365440e-003
 1.9309345e-003
 1.9237612e-003
 1.9155768e-003
 1.9069305e-003
 1.8983757e-003
 1.8904618e-003
 1.8836593e-003
 1.8781420e-003
 1.8740206e-003
 1.8714040e-003
 1.8704026e-003
 1.8711258e-003
 1.8736828e-003
 1.8781843e-003
 1.8847388e-003
 1.8934562e-003
 1.9044478e-003
 1.9175296e-003
 1.9315018e-003
 1.9449331e-003
 1.9563991e-003
 1.9644692e-003
 1.9677179e-003
 1.9647167e-003
 1.9540370e-003
 1.9342540e-003
 1.9039350e-003
 1.8623741e-003
 1.8113317e-003
 1.7530990e-003
 1.6899895e-003
 1.6242876e-003
 1.5583084e-003
 1.4943351e-003
 1.4346831e-003
 1.3816371e-003
 1.3375090e-003
 1.3040507e-003
 1.2811947e-003
 1.2684680e-003
 1.2654061e-003
 1.2715408e-003
 1.2864033e-003
 1.3095257e-003
 1.3404451e-003
 1.3786864e-003
 1.4237914e-003
 1.4746825e-003
 1.5282865e-003
 1.5810790e-003
 1.6295618e-003
 1.6702121e-003
 1.6995287e-003
 1.7139933e-003
 1.7100982e-003
 1.6843338e-003
 1.6350523e-003
 1.5667969e-003
 1.4854276e-003
 1.3967687e-003
 1.3066848e-003
 1.2209981e-003
 1.1455726e-003
 1.0862340e-003
 1.0469565e-003
 1.0254881e-003
 1.0183153e-003
 1.0219174e-003
 1.0327748e-003
 1.0473711e-003
 1.0621841e-003
 1.0736977e-003
 1.0795182e-003
 1.0809161e-003
 1.0799094e-003
 1.0785160e-003
 1.0787529e-003
 1.0826380e-003
 1.0921897e-003
 1.1094231e-003
 1.1359298e-003
 1.1719046e-003
 1.2172778e-003
 1.2691712e-003
 1.3338425e-003
 1.4074175e-003
 1.4884521e-003
 1.5734195e-003
 1.6565112e-003
 1.7303034e-003
 1.7866190e-003
 1.8174786e-003
 1.8171639e-003
 1.7857861e-003
 1.7314209e-003
 1.6677815e-003
 1.6106239e-003
 1.5747783e-003
 1.5705042e-003
 1.5993901e-003
 1.6530389e-003
 1.7155758e-003
 1.7678088e-003
 1.7912036e-003
 1.7722237e-003
 1.7065569e-003
 1.6006383e-003
 1.4692483e-003
 1.3311801e-003
 1.2051080e-003
 1.1057786e-003
 1.0409371e-003
 1.0103821e-003
 1.0075807e-003
 1.0227010e-003
 1.0456506e-003
 1.0686985e-003
 1.0883583e-003
 1.1059488e-003
 1.1265990e-003
 1.1571846e-003
 1.2037400e-003
 1.2687949e-003
 1.3348152e-003
 1.3672441e-003
 1.3908613e-003
 1.4027866e-003
 1.4012194e-003
 1.3858695e-003
 1.3581800e-003
 1.3212650e-003
 1.2796926e-003
 1.2388509e-003
 1.2041330e-003
 1.1800083e-003
 1.1692344e-003
 1.1724452e-003
 1.1883390e-003
 1.2142441e-003
 1.2467904e-003
 1.2825622e-003
 1.3185218e-003
 1.3522453e-003
 1.3819478e-003
 1.4063322e-003
 1.4244624e-003
 1.4356155e-003
 1.4391949e-003
 1.4347571e-003
 1.4221577e-003
 1.4017253e-003
 1.3744624e-003
 1.3421845e-003
 1.3074356e-003
 1.2732719e-003
 1.2428849e-003
 1.2192180e-003
 1.2045641e-003
 1.2002463e-003
 1.2064235e-003
 1.2220537e-003
 1.2450329e-003
 1.2724878e-003
 1.3011887e-003
 1.3279610e-003
 1.3500835e-003
 1.3655839e-003
 1.3733709e-003
 1.3732529e-003
 1.3658087e-003
 1.3521925e-003
 1.3338993e-003
 1.3125745e-003
 1.2898480e-003
 1.2672611e-003
 1.2462067e-003
 1.2278745e-003
 1.2131979e-003
 1.2027320e-003
 1.1965449e-003
 1.1941083e-003
 1.1942697e-003
 1.1953358e-003
 1.1952801e-003
 1.1920558e-003
 1.1839564e-003
 1.1699372e-003
 1.1498384e-003
 1.1244370e-003
 1.0953073e-003
 1.0645657e-003
 1.0344766e-003
 1.0071037e-003
 9.8399585e-004
 9.6600619e-004
 9.5329259e-004
 9.4542798e-004
 9.4164599e-004
 9.4111252e-004
 9.4318349e-004
 9.4757462e-004
 9.5440703e-004
 9.6410775e-004
 9.7719557e-004
 9.9400594e-004
 1.0144063e-003
 1.0376225e-003
 1.0621774e-003
 1.0860251e-003
 1.1068437e-003
 1.1224031e-003
 1.1309822e-003
 1.1317058e-003
 1.1247324e-003
 1.1112610e-003
 1.0933521e-003
 1.0735899e-003
 1.0546448e-003
 1.0388497e-003
 1.0278095e-003
 1.0221730e-003
 1.0215513e-003
 1.0246288e-003
 1.0294274e-003
 1.0336825e-003
 1.0352520e-003
 1.0324980e-003
 1.0245616e-003
 1.0114976e-003
 9.9423632e-004
 9.7441662e-004
 9.5409813e-004
 9.3542133e-004
 9.2030305e-004
 9.1016485e-004
 9.0579386e-004
 9.0729928e-004
 9.1419212e-004
 9.2554244e-004
 9.4017870e-004
 9.5689023e-004
 9.7456336e-004
 9.9227275e-004
 1.0092660e-003
 1.0249123e-003
 1.0386285e-003
 1.0498093e-003
 1.0578412e-003
 1.0621655e-003
 1.0624155e-003
 1.0585720e-003
 1.0510917e-003
 1.0409574e-003
 1.0296288e-003
 1.0188766e-003
 1.0105277e-003
 1.0061892e-003
 1.0069752e-003
 1.0133196e-003
 1.0248858e-003
 1.0406072e-003
 1.0588197e-003
 1.0774897e-003
 1.0944961e-003
 1.1079042e-003
 1.1162537e-003
 1.1187721e-003
 1.1155368e-003
 1.1075236e-003
 1.0965400e-003
 1.0850104e-003
 1.0756413e-003
 1.0709710e-003
 1.0728826e-003
 1.0821704e-003
 1.0982562e-003
 1.1191367e-003
 1.1416203e-003
 1.1618438e-003
 1.1759422e-003
 1.1808007e-003
 1.1746562e-003
 1.1574669e-003
 1.1309154e-003
 1.0980981e-003
 1.0629129e-003
 1.0293708e-003
 1.0009066e-003
 9.7985787e-004
 9.6722628e-004
 9.6266449e-004
 9.6470007e-004
 9.7109866e-004
 9.7927859e-004
 9.8670262e-004
 9.9121558e-004
 9.9129975e-004
 9.8624791e-004
 9.7625743e-004
 9.6244394e-004
 9.4675506e-004
 9.3176553e-004
 9.2038134e-004
 9.1542822e-004
 9.1922446e-004
 9.3316811e-004
 9.5745752e-004
 9.9097006e-004
 1.0313931e-003
 1.0755113e-003
 1.1196757e-003
 1.1603361e-003
 1.1944828e-003
 1.2200091e-003
 1.2358787e-003
 1.2420735e-003
 1.2394110e-003
 1.2292296e-003
 1.2130586e-003
 1.1923087e-003
 1.1680877e-003
 1.1411090e-003
 1.1117710e-003
 1.0803123e-003
 1.0470139e-003
 1.0124288e-003
 9.7747880e-004
 9.4349601e-004
 9.1208867e-004
 8.8489946e-004
 8.6333643e-004
 8.4826181e-004
 8.3980127e-004
 8.3725096e-004
 8.3915057e-004
 8.4349600e-004
 8.4804959e-004
 8.5069804e-004
 8.4978226e-004
 8.4435550e-004
 8.3432376e-004
 8.2045532e-004
 8.0425275e-004
 7.8773993e-004
 7.7315449e-004
 7.6264469e-004
 7.5796485e-004
 7.6023955e-004
 7.6981675e-004
 7.8622531e-004
 8.0822787e-004
 8.3397393e-004
 8.6123601e-004
 8.8765612e-004
 9.1105269e-004
 9.2966226e-004
 9.4236870e-004
 9.4884791e-004
 9.4960717e-004
 9.4593182e-004
 9.3971437e-004
 9.3319127e-004
 9.2860957e-004
 9.2788337e-004
 9.3228073e-004
 9.4221573e-004
 9.5717720e-004
 9.7583473e-004
 9.9627336e-004
 1.0163395e-003
 1.0340097e-003
 1.0476717e-003
 1.0563115e-003
 1.0595220e-003
 1.0574034e-003
 1.0503889e-003
 1.0390900e-003
 1.0242087e-003
 1.0065685e-003
 9.8720577e-004
 9.6746063e-004
 9.4900798e-004
 9.3370688e-004
 9.2332496e-004
 9.1913814e-004
 9.2155521e-004
 9.2989480e-004
 9.4241113e-004
 9.5662143e-004
 9.6984417e-004
 9.7984355e-004
 9.8535093e-004
 9.8633789e-004
 9.8392821e-004
 9.7997987e-004
 9.7646372e-004
 9.7483664e-004
 9.7559235e-004
 9.7813259e-004
 9.8097767e-004
 9.8224112e-004
 9.8019897e-004
 9.7378297e-004
 9.6283952e-004
 9.4811129e-004
 9.3094673e-004
 9.1288378e-004
 8.9521456e-004
 8.7867398e-004
 8.6335139e-004
 8.4878202e-004
 8.3422271e-004
 8.1897189e-004
 8.0265786e-004
 7.8543782e-004
 7.6804141e-004
 7.5167924e-004
 7.3787296e-004
 7.2820578e-004
 7.2409492e-004
 7.2657358e-004
 7.3613517e-004
 7.5263093e-004
 7.7524630e-004
 8.0252724e-004
 8.3249412e-004
 8.6283783e-004
 8.9113868e-004
 9.1517519e-004
 9.3317876e-004
 9.4407611e-004
 9.4762386e-004
 9.4440934e-004
 9.3573070e-004
 9.2336826e-004
 9.0929942e-004
 8.9541177e-004
 8.8329415e-004
 8.7410584e-004
 8.6854520e-004
 8.6689676e-004
 8.6909230e-004
 8.7476417e-004
 8.8325789e-004
 8.9362188e-004
 9.0459053e-004
 9.1463455e-004
 9.2208176e-004
 9.2535064e-004
 9.2324795e-004
 9.1527100e-004
 9.0183329e-004
 8.8434690e-004
 8.6510571e-004
 8.4697193e-004
 8.3295204e-004
 8.2569470e-004
 8.2706951e-004
 8.3786168e-004
 8.5767196e-004
 8.8499527e-004
 9.1747008e-004
 9.5224637e-004
 9.8634767e-004
 1.0170677e-003
 1.0422381e-003
 1.0604478e-003
 1.0711496e-003
 1.0746546e-003
 1.0720665e-003
 1.0651270e-003
 1.0560146e-003
 1.0470937e-003
 1.0406558e-003
 1.0386530e-003
 1.0424764e-003
 1.0527880e-003
 1.0694519e-003
 1.0915541e-003
 1.1175550e-003
 1.1455039e-003
 1.1733414e-003
 1.1992247e-003
 1.2217863e-003
 1.2403510e-003
 1.2549800e-003
 1.2663883e-003
 1.2757108e-003
 1.2841526e-003
 1.2926230e-003
 1.3014266e-003
 1.3100891e-003
 1.3174008e-003
 1.3216524e-003
 1.3210465e-003
 1.3141680e-003
 1.3004094e-003
 1.2802244e-003
 1.2551666e-003
 1.2276716e-003
 1.2006345e-003
 1.1769232e-003
 1.1588624e-003
 1.1478855e-003
 1.1443456e-003
 1.1475575e-003
 1.1560273e-003
 1.1678125e-003
 1.1809219e-003
 1.1936926e-003
 1.2050717e-003
 1.2147460e-003
 1.2231354e-003
 1.2312478e-003
 1.2404287e-003
 1.2520789e-003
 1.2673647e-003
 1.2869884e-003
 1.3110477e-003
 1.3389597e-003
 1.3695030e-003
 1.4008788e-003
 1.4308428e-003
 1.4568678e-003
 1.4762974e-003
 1.4865811e-003
 1.4855065e-003
 1.4714972e-003
 1.4438928e-003
 1.4032132e-003
 1.3512752e-003
 1.2911990e-003
 1.2271673e-003
 1.1639687e-003
 1.1064720e-003
 1.0589361e-003
 1.0244931e-003
 1.0047262e-003
 9.9952484e-004
 1.0072233e-003
 1.0249437e-003
 1.0491153e-003
 1.0760095e-003
 1.1022530e-003
 1.1251668e-003
 1.1429652e-003
 1.1547772e-003
 1.1605152e-003
 1.1606799e-003
 1.1561196e-003
 1.1478205e-003
 1.1367383e-003
 1.1237153e-003
 1.1094447e-003
 1.0945073e-003
 1.0794202e-003
 1.0646820e-003
 1.0508142e-003
 1.0383431e-003
 1.0277745e-003
 1.0195320e-003
 1.0138981e-003
 1.0109837e-003
 1.0107199e-003
 1.0128901e-003
 1.0171894e-003
 1.0232967e-003
 1.0309367e-003
 1.0399205e-003
 1.0501604e-003
 1.0616414e-003
 1.0743878e-003
 1.0884004e-003
 1.1036093e-003
 1.1198423e-003
 1.1367905e-003
 1.1540223e-003
 1.1709862e-003
 1.1870486e-003
 1.2015471e-003
 1.2138402e-003
 1.2233973e-003
 1.2298741e-003
 1.2332057e-003
 1.2336810e-003
 1.2319821e-003
 1.2291800e-003
 1.2266597e-003
 1.2259821e-003
 1.2286804e-003
 1.2360209e-003
 1.2487571e-003
 1.2669329e-003
 1.2897541e-003
 1.3156107e-003
 1.3422141e-003
 1.3669003e-003
 1.3870482e-003
 1.4005129e-003
 1.4060568e-003
 1.4036128e-003
 1.3943549e-003
 1.3805010e-003
 1.3648975e-003
 1.3504302e-003
 1.3394329e-003
 1.3331935e-003
 1.3317056e-003
 1.3337295e-003
 1.3371391e-003
 1.3394777e-003
 1.3385821e-003
 1.3331210e-003
 1.3229229e-003
 1.3090282e-003
 1.2934530e-003
 1.2787610e-003
 1.2675084e-003
 1.2617367e-003
 1.2625756e-003
 1.2700612e-003
 1.2831829e-003
 1.3001469e-003
 1.3187707e-003
 1.3369417e-003
 1.3530327e-003
 1.3661580e-003
 1.3762743e-003
 1.3840585e-003
 1.3906528e-003
 1.3973318e-003
 1.4051812e-003
 1.4148931e-003
 1.4266938e-003
 1.4404200e-003
 1.4556827e-003
 1.4720206e-003
 1.4890054e-003
 1.5062428e-003
 1.5232591e-003
 1.5393698e-003
 1.5535564e-003
 1.5645102e-003
 1.5708217e-003
 1.5712432e-003
 1.5649686e-003
 1.5518202e-003
 1.5322901e-003
 1.5075834e-003
 1.4795437e-003
 1.4503410e-003
 1.4220587e-003
 1.3961847e-003
 1.3732075e-003
 1.3524988e-003
 1.3324698e-003
 1.3110642e-003
 1.2864154e-003
 1.2574719e-003
 1.2243481e-003
 1.1883053e-003
 1.1515289e-003
 1.1167172e-003
 1.0866423e-003
 1.0638040e-003
 1.0500577e-003
 1.0463343e-003
 1.0524872e-003
 1.0672613e-003
 1.0884034e-003
 1.1129047e-003
 1.1373661e-003
 1.1583955e-003
 1.1730547e-003
 1.1792082e-003
 1.1758039e-003
 1.1629451e-003
 1.1417280e-003
 1.1139574e-003
 1.0818368e-003
 1.0476451e-003
 1.0134657e-003
 9.8106347e-004
 9.5173961e-004
 9.2630472e-004
 9.0509863e-004
 8.8809809e-004
 8.7509409e-004
 8.6585752e-004
 8.6028839e-004
 8.5850403e-004
 8.6084072e-004
 8.6779404e-004
 8.7990257e-004
 8.9760020e-004
 9.2109223e-004
 9.5028989e-004
 9.8473264e-004
 1.0235667e-003
 1.0655667e-003
 1.1091444e-003
 1.1524553e-003
 1.1934503e-003
 1.2300366e-003
 1.2602701e-003
 1.2825221e-003
 1.2956889e-003
 1.2993133e-003
 1.2936724e-003
 1.2797422e-003
 1.2590854e-003
 1.2336683e-003
 1.2056227e-003
 1.1770340e-003
 1.1497082e-003
 1.1250399e-003
 1.1039084e-003
 1.0866437e-003
 1.0730736e-003
 1.0625829e-003
 1.0542312e-003
 1.0468703e-003
 1.0392789e-003
 1.0303105e-003
 1.0190288e-003
 1.0048545e-003
 9.8768435e-004
 9.6796860e-004
 9.4675156e-004
 9.2560053e-004
 9.0648112e-004
 8.9152000e-004
 8.8270794e-004
 8.8159350e-004
 8.8898517e-004
 9.0474618e-004
 9.2770741e-004
 9.5575146e-004
 9.8601764e-004
 1.0152534e-003
 1.0402377e-003
 1.0581726e-003
 1.0670541e-003
 1.0658870e-003
 1.0547801e-003
 1.0348710e-003
 1.0081461e-003
 9.7714935e-004
 9.4469456e-004
 9.1356505e-004
 8.8625855e-004
 8.6483918e-004
 8.5081079e-004
 8.4509910e-004
 8.4804953e-004
 8.5947471e-004
 8.7871117e-004
 9.0470235e-004
 9.3606353e-004
 9.7117078e-004
 1.0082651e-003
 1.0455190e-003
 1.0811408e-003
 1.1134772e-003
 1.1410726e-003
 1.1627803e-003
 1.1778139e-003
 1.1858257e-003
 1.1869572e-003
 1.1818589e-003
 1.1716763e-003
 1.1579875e-003
 1.1426891e-003
 1.1278109e-003
 1.1153026e-003
 1.1067746e-003
 1.1032820e-003
 1.1051481e-003
 1.1118945e-003
 1.1223285e-003
 1.1347454e-003
 1.1471813e-003
 1.1576971e-003
 1.1646415e-003
 1.1668392e-003
 1.1636958e-003
 1.1552668e-003
 1.1422598e-003
 1.1259300e-003
 1.1079157e-003
 1.0900073e-003
 1.0738990e-003
 1.0609851e-003
 1.0521987e-003
 1.0479721e-003
 1.0482729e-003
 1.0527298e-003
 1.0608003e-003
 1.0719519e-003
 1.0857973e-003
 1.1021749e-003
 1.1211596e-003
 1.1429717e-003
 1.1678678e-003
 1.1959770e-003
 1.2271677e-003
 1.2609585e-003
 1.2964448e-003
 1.3323369e-003
 1.3670040e-003
 1.3986408e-003
 1.4254932e-003
 1.4460888e-003
 1.4595074e-003
 1.4655981e-003
 1.4651025e-003
 1.4596666e-003
 1.4516956e-003
 1.4440800e-003
 1.4398086e-003
 1.4415327e-003
 1.4511280e-003
 1.4693342e-003
 1.4955332e-003
 1.5277279e-003
 1.5626940e-003
 1.5963838e-003
 1.6244330e-003
 1.6427990e-003
 1.6483873e-003
 1.6395644e-003
 1.6165058e-003
 1.5812957e-003
 1.5377547e-003
 1.4909888e-003
 1.4467979e-003
 1.4109272e-003
 1.3883255e-003
 1.3825458e-003
 1.3952998e-003
 1.4262950e-003
 1.4733274e-003
 1.5326607e-003
 1.5995239e-003
 1.6688047e-003
 1.7356353e-003
 1.7959685e-003
 1.8469855e-003
 1.8872331e-003
 1.9166418e-003
 1.9362725e-003
 1.9479787e-003
 1.9539783e-003
 1.9564144e-003
 1.9569972e-003
 1.9567457e-003
 1.9558815e-003
 1.9538687e-003
 1.9495932e-003
 1.9416428e-003
 1.9286486e-003
 1.9096251e-003
 1.8842485e-003
 1.8530560e-003
 1.8174952e-003
 1.7798152e-003
 1.7428652e-003
 1.7097229e-003
 1.6833270e-003
 1.6660624e-003
 1.6594185e-003
 1.6637746e-003
 1.6783171e-003
 1.7011265e-003
 1.7294113e-003
 1.7598749e-003
 1.7891042e-003
 1.8140097e-003
 1.8321567e-003
 1.8420252e-003
 1.8431233e-003
 1.8359504e-003
 1.8218390e-003
 1.8027038e-003
 1.7807356e-003
 1.7580820e-003
 1.7365962e-003
 1.7176326e-003
 1.7019358e-003
 1.6896453e-003
 1.6803504e-003
 1.6732235e-003
 1.6671665e-003
 1.6609631e-003
 1.6534204e-003
 1.6434696e-003
 1.6302486e-003
 1.6131621e-003
 1.5919193e-003
 1.5665891e-003
 1.5376173e-003
 1.5058807e-003
 1.4726990e-003
 1.4397971e-003
 1.4092212e-003
 1.3831437e-003
 1.3636902e-003
 1.3527023e-003
 1.3515165e-003
 1.3607837e-003
 1.3803430e-003
 1.4091936e-003
 1.4454304e-003
 1.4861845e-003
 1.5276779e-003
 1.5654446e-003
 1.5946892e-003
 1.6107300e-003
 1.6095877e-003
 1.5885902e-003
 1.5469003e-003
 1.4857175e-003
 1.4082993e-003
 1.3230991e-003
 1.2210999e-003
 1.1211258e-003
 1.0301506e-003
 9.5410371e-004
 8.9698238e-004
 8.6043001e-004
 8.4390939e-004
 8.4533828e-004
 8.6180615e-004
 8.9008472e-004
 9.2690339e-004
 9.6912117e-004
 1.0138974e-003
 1.0588105e-003
 1.1019737e-003
 1.1420577e-003
 1.1781941e-003
 1.2098904e-003
 1.2368631e-003
 1.2589484e-003
 1.2760544e-003
 1.2881417e-003
 1.2952758e-003
 1.2976773e-003
 1.2957898e-003
 1.2903009e-003
 1.2821180e-003
 1.2723049e-003
 1.2620194e-003
 1.2524499e-003
 1.2447513e-003
 1.2399681e-003
 1.2389011e-003
 1.2419511e-003
 1.2489764e-003
 1.2592409e-003
 1.2714659e-003
 1.2839750e-003
 1.2948628e-003
 1.3021298e-003
 1.3038216e-003
 1.2981882e-003
 1.2839334e-003
 1.2605103e-003
 1.2284074e-003
 1.1892366e-003
 1.1456478e-003
 1.1010475e-003
 1.0592685e-003
 1.0243390e-003
 1.0002127e-003
 9.9052046e-004
 9.9815149e-004
 1.0247654e-003
 1.0703416e-003
 1.1330252e-003
 1.2092743e-003
 1.2943102e-003
 1.3826563e-003
 1.4684803e-003
 1.5459964e-003
 1.6097203e-003
 1.6549380e-003
 1.6782370e-003
 1.6779343e-003
 1.6542921e-003
 1.6093100e-003
 1.5462913e-003
 1.4692838e-003
 1.3827148e-003
 1.2910945e-003
 1.1987662e-003
 1.1097578e-003
 1.0274394e-003
 9.5437461e-004
 8.9219416e-004
 8.4166799e-004
 8.0297398e-004
 7.7589502e-004
 7.6003972e-004
 7.5492013e-004
 7.5997884e-004
 7.7456213e-004
 7.9786940e-004
 8.2889153e-004
 8.6639030e-004
 9.0893800e-004
 9.5494476e-004
 1.0027322e-003
 1.0506075e-003
 1.0968765e-003
 1.1399593e-003
 1.1784574e-003
 1.2113053e-003
 1.2378977e-003
 1.2581120e-003
 1.2722861e-003
 1.2810809e-003
 1.2853581e-003
 1.2860728e-003
 1.2842015e-003
 1.2806925e-003
 1.2764140e-003
 1.2720964e-003
 1.2682796e-003
 1.2652967e-003
 1.2632902e-003
 1.2622648e-003
 1.2621408e-003
 1.2627974e-003
 1.2640978e-003
 1.2659004e-003
 1.2680638e-003
 1.2704480e-003
 1.2729171e-003
 1.2753383e-003
 1.2775816e-003
 1.2795205e-003
 1.2810309e-003
 1.2819968e-003
 1.2823211e-003
 1.2819562e-003
 1.2809541e-003
 1.2795330e-003
 1.2781349e-003
 1.2774512e-003
 1.2783970e-003
 1.2820527e-003
 1.2895910e-003
 1.3022143e-003
 1.3210755e-003
 1.3471626e-003
 1.3811333e-003
 1.4230626e-003
 1.4722737e-003
 1.5272223e-003
 1.5855921e-003
 1.6445208e-003
 1.7007940e-003
 1.7510676e-003
 1.7920636e-003
 1.8207472e-003
 1.8346775e-003
 1.8323724e-003
 1.8136723e-003
 1.7798663e-003
 1.7335709e-003
 1.6783522e-003
 1.6183653e-003
 1.5580137e-003
 1.5016710e-003
 1.4534659e-003
 1.4168831e-003
 1.3943812e-003
 1.3869945e-003
 1.3941861e-003
 1.4140016e-003
 1.4434491e-003
 1.4789100e-003
 1.5164913e-003
 1.5523050e-003
 1.5826962e-003
 1.6045868e-003
 1.6158756e-003
 1.6157703e-003
 1.6049391e-003
 1.5853668e-003
 1.5600116e-003
 1.5323956e-003
 1.5062977e-003
 1.4854706e-003
 1.4733919e-003
 1.4728887e-003
 1.4856999e-003
 1.5120823e-003
 1.5506652e-003
 1.5985906e-003
 1.6519083e-003
 1.7060450e-003
 1.7561328e-003
 1.7973591e-003
 1.8252503e-003
 1.8361446e-003
 1.8277364e-003
 1.7995570e-003
 1.7531633e-003
 1.6919581e-003
 1.6207034e-003
 1.5449369e-003
 1.4705693e-003
 1.4035066e-003
 1.3492716e-003
 1.3125929e-003
 1.2967907e-003
 1.3033160e-003
 1.3315234e-003
 1.3788946e-003
 1.4415053e-003
 1.5146310e-003
 1.5931437e-003
 1.6719147e-003
 1.7459940e-003
 1.8110792e-003
 1.8638632e-003
 1.9023662e-003
 1.9261580e-003
 1.9361576e-003
 1.9342874e-003
 1.9230733e-003
 1.9053196e-003
 1.8838868e-003
 1.8615476e-003
 1.8407796e-003
 1.8235816e-003
 1.8113118e-003
 1.8045919e-003
 1.8033946e-003
 1.8072131e-003
 1.8152468e-003
 1.8265580e-003
 1.8401629e-003
 1.8550690e-003
 1.8703290e-003
 1.8850625e-003
 1.8984698e-003
 1.9098629e-003
 1.9186438e-003
 1.9242766e-003
 1.9262754e-003
 1.9241823e-003
 1.9175776e-003
 1.9061298e-003
 1.8896683e-003
 1.8682905e-003
 1.8424791e-003
 1.8131111e-003
 1.7814296e-003
 1.7489727e-003
 1.7174144e-003
 1.6884996e-003
 1.6639462e-003
 1.6453660e-003
 1.6340816e-003
 1.6309685e-003
 1.6362877e-003
 1.6496152e-003
 1.6699188e-003
 1.6956973e-003
 1.7251939e-003
 1.7565355e-003
 1.7878162e-003
 1.8172457e-003
 1.8432467e-003
 1.8646180e-003
 1.8806498e-003
 1.8912079e-003
 1.8966596e-003
 1.8977413e-003
 1.8954170e-003
 1.8907497e-003
 1.8848272e-003
 1.8786908e-003
 1.8732686e-003
 1.8692935e-003
 1.8672354e-003
 1.8672677e-003
 1.8693001e-003
 1.8730458e-003
 1.8781016e-003
 1.8840116e-003
 1.8903021e-003
 1.8965222e-003
 1.9022702e-003
 1.9072320e-003
 1.9112080e-003
 1.9141332e-003
 1.9160595e-003
 1.9171248e-003
 1.9175204e-003
 1.9174600e-003
 1.9171610e-003
 1.9168264e-003
 1.9166236e-003
 1.9166608e-003
 1.9169644e-003
 1.9174713e-003
 1.9180368e-003
 1.9184564e-003
 1.9184907e-003
 1.9178858e-003
 1.9163922e-003
 1.9137851e-003
 1.9098943e-003
 1.9046444e-003
 1.8980838e-003
 1.8904007e-003
 1.8819065e-003
 1.8730122e-003
 1.8641764e-003
 1.8558811e-003
 1.8486114e-003
 1.8428152e-003
 1.8388723e-003
 1.8370484e-003
 1.8374474e-003
 1.8399995e-003
 1.8444742e-003
 1.8505261e-003
 1.8577392e-003
 1.8656683e-003
 1.8738577e-003
 1.8818753e-003
 1.8893346e-003
 1.8959205e-003
 1.9014277e-003
 1.9057665e-003
 1.9089483e-003
 1.9110653e-003
 1.9122546e-003
 1.9126754e-003
 1.9124937e-003
 1.9118728e-003
 1.9109648e-003
 1.9099035e-003
 1.9087951e-003
 1.9077171e-003
 1.9067209e-003
 1.9058379e-003
 1.9050878e-003
 1.9044845e-003
 1.9040374e-003
 1.9037520e-003
 1.9036259e-003
 1.9036445e-003
 1.9037762e-003
 1.9039711e-003
 1.9041621e-003
 1.9042704e-003
 1.9042093e-003
 1.9038896e-003
 1.9032233e-003
 1.9021280e-003
 1.9005333e-003
 1.8983916e-003
 1.8956827e-003
 1.8924176e-003
 1.8886384e-003
 1.8844064e-003
 1.8797953e-003
 1.8748885e-003
 1.8697701e-003
 1.8645276e-003
 1.8592586e-003
 1.8540671e-003
 1.8490715e-003
 1.8444045e-003
 1.8402154e-003
 1.8366600e-003
 1.8339001e-003
 1.8320993e-003
 1.8314123e-003
 1.8319745e-003
 1.8338785e-003
 1.8371473e-003
 1.8417088e-003
 1.8473872e-003
 1.8539076e-003
 1.8609293e-003
 1.8680709e-003
 1.8749292e-003
 1.8811104e-003
 1.8862482e-003
 1.8900358e-003
 1.8922749e-003
 1.8929087e-003
 1.8920379e-003
 1.8899066e-003
 1.8868630e-003
 1.8833173e-003
 1.8797087e-003
 1.8764735e-003
 1.8740200e-003
 1.8726930e-003
 1.8727258e-003
 1.8742043e-003
 1.8770482e-003
 1.8810291e-003
 1.8858092e-003
 1.8909867e-003
 1.8961276e-003
 1.9008013e-003
 1.9046037e-003
 1.9071902e-003
 1.9083243e-003
 1.9079114e-003
 1.9060157e-003
 1.9028437e-003
 1.8987078e-003
 1.8939811e-003
 1.8890685e-003
 1.8843735e-003
 1.8802778e-003
 1.8771146e-003
 1.8751271e-003
 1.8744405e-003
 1.8750493e-003
 1.8768291e-003
 1.8795688e-003
 1.8830033e-003
 1.8868459e-003
 1.8908053e-003
 1.8946046e-003
 1.8979971e-003
 1.9007948e-003
 1.9028853e-003
 1.9042393e-003
 1.9049055e-003
 1.9049880e-003
 1.9046242e-003
 1.9039672e-003
 1.9031736e-003
 1.9023924e-003
 1.9017558e-003
 1.9013655e-003
 1.9012820e-003
 1.9015210e-003
 1.9020569e-003
 1.9028340e-003
 1.9037784e-003
 1.9048083e-003
 1.9058408e-003
 1.9067972e-003
 1.9076105e-003
 1.9082339e-003
 1.9086469e-003
 1.9088589e-003
 1.9089059e-003
 1.9088439e-003
 1.9087404e-003
 1.9086680e-003
 1.9086984e-003
 1.9088975e-003
 1.9093168e-003
 1.9099838e-003
 1.9108943e-003
 1.9120073e-003
 1.9132502e-003
 1.9145267e-003
 1.9157259e-003
 1.9167330e-003
 1.9174366e-003
 1.9177414e-003
 1.9175860e-003
 1.9169658e-003
 1.9159542e-003
 1.9147095e-003
 1.9134672e-003
 1.9125200e-003
 1.9121952e-003
 1.9128365e-003
 1.9147951e-003
 1.9184238e-003
 1.9240777e-003
 1.9321156e-003
 1.9428921e-003
 1.9567697e-003
 1.9741107e-003
 1.9952850e-003
 2.0206459e-003
 2.0505576e-003
 2.0853758e-003
 2.1253976e-003
 2.1708768e-003
 2.2219608e-003
 2.2786073e-003
 2.3406423e-003
 2.4077450e-003
 2.4794342e-003
 2.5552080e-003
 2.6345167e-003
 2.7168172e-003
 2.8015019e-003
 2.8880197e-003
 2.9758206e-003
 3.0642895e-003
 3.1528729e-003
 3.2410147e-003
 3.3280938e-003
 3.4135508e-003
 3.4967978e-003
 3.5772438e-003
 3.6541868e-003
 3.7268752e-003
 3.7943728e-003
 3.8554503e-003
 3.9086579e-003
 3.9522932e-003
 3.9844452e-003
 4.0031364e-003
 4.0063523e-003
 3.9921491e-003
 3.9588124e-003
 3.9050968e-003
 3.8305195e-003
 3.7357181e-003
 3.6224560e-003
 3.4935432e-003
 3.3526677e-003
 3.2038908e-003
 3.0514703e-003
 2.8997795e-003
 2.7528987e-003
 2.6145144e-003
 2.4875565e-003
 2.3740565e-003
 2.2748595e-003
 2.1898367e-003
 2.1181910e-003
 2.0586250e-003
 2.0096463e-003
 1.9697316e-003
 1.9373529e-003
 1.9111031e-003
 1.8897646e-003
 1.8723973e-003
 1.8583382e-003
 1.8471914e-003
 1.8387625e-003
 1.8329654e-003
 1.8297678e-003
 1.8291456e-003
 1.8310362e-003
 1.8352936e-003
 1.8416223e-003
 1.8495313e-003
 1.8583094e-003
 1.8670496e-003
 1.8746948e-003
 1.8801118e-003
 1.8821398e-003
 1.8796523e-003
 1.8716475e-003
 1.8573777e-003
 1.8365361e-003
 1.8093893e-003
 1.7768504e-003
 1.7404121e-003
 1.7020328e-003
 1.6639080e-003
 1.6283472e-003
 1.5976761e-003
 1.5740461e-003
 1.5592729e-003
 1.5545951e-003
 1.5604366e-003
 1.5763307e-003
 1.6010151e-003
 1.6326910e-003
 1.6692483e-003
 1.7084617e-003
 1.7480819e-003
 1.7860045e-003
 1.8203645e-003
 1.8496506e-003
 1.8728747e-003
 1.8895967e-003
 1.8998852e-003
 1.9042273e-003
 1.9033618e-003
 1.8981516e-003
 1.8895024e-003
 1.8783123e-003
 1.8654583e-003
 1.8518027e-003
 1.8386396e-003
 1.8288429e-003
 1.8166195e-003
 1.8049056e-003
 1.7935563e-003
 1.7824308e-003
 1.7713846e-003
 1.7602821e-003
 1.7489791e-003
 1.7373338e-003
 1.7252058e-003
 1.7124626e-003
 1.6990985e-003
 1.6851623e-003
 1.6707064e-003
 1.6557799e-003
 1.6404422e-003
 1.6247425e-003
 1.6087331e-003
 1.5924628e-003
 1.5759914e-003
 1.5593680e-003
 1.5426449e-003
 1.5258705e-003
 1.5091057e-003
 1.4923969e-003
 1.4757812e-003
 1.4592877e-003
 1.4429417e-003
 1.4267802e-003
 1.4108283e-003
 1.3951150e-003
 1.3796660e-003
 1.3645180e-003
 1.3496956e-003
 1.3352287e-003
 1.3211431e-003
 1.3074741e-003
 1.2942479e-003
 1.2814933e-003
 1.2692399e-003
 1.2575136e-003
 1.2463494e-003
 1.2357697e-003
 1.2257670e-003
 1.2163136e-003
 1.2073893e-003
 1.1989661e-003
 1.1910188e-003
 1.1835209e-003
 1.1764503e-003
 1.1697800e-003
 1.1634849e-003
 1.1575395e-003
 1.1519177e-003
 1.1465964e-003
 1.1415494e-003
 1.1367513e-003
 1.1321759e-003
 1.1277999e-003
 1.1235971e-003
 1.1195424e-003
 1.1156094e-003
 1.1117749e-003
 1.1080129e-003
 1.1043017e-003
 1.1006540e-003
 1.0971028e-003
 1.0936781e-003
 1.0904109e-003
 1.0873327e-003
 1.0844737e-003
 1.0818666e-003
 1.0795415e-003
 1.0775300e-003
 1.0758624e-003
 1.0745712e-003
 1.0736864e-003
 1.0732396e-003
 1.0732618e-003
 1.0737844e-003
 1.0748381e-003
 1.0764544e-003
 1.0786641e-003
 1.0814992e-003
 1.0849896e-003
 1.0891671e-003
 1.0940626e-003
 1.0997086e-003
 1.1061338e-003
 1.1133706e-003
 1.1214432e-003
 1.1303228e-003
 1.1399464e-003
 1.1502575e-003
 1.1611972e-003
 1.1727068e-003
 1.1847304e-003
 1.1972034e-003
 1.2100700e-003
 1.2232712e-003
 1.2367518e-003
 1.2504464e-003
 1.2642995e-003
 1.2782520e-003
 1.2922490e-003
 1.3062246e-003
 1.3201238e-003
 1.3338872e-003
 1.3474599e-003
 1.3607764e-003
 1.3737810e-003
 1.3864151e-003
 1.3986198e-003
 1.4103393e-003
 1.4215091e-003
 1.4320732e-003
 1.4419730e-003
 1.4511519e-003
 1.4595464e-003
 1.4671002e-003
 1.4737633e-003
 1.4795535e-003
 1.4845175e-003
 1.4887059e-003
