s07_ASD Record=8540:  error bars to preceding                
 1.3572858e-003
 1.3189102e-003
 1.2850122e-003
 1.2568089e-003
 1.2325195e-003
 1.2084077e-003
 1.1816880e-003
 1.1530808e-003
 1.1272304e-003
 1.1107340e-003
 1.1091797e-003
 1.1250203e-003
 1.1569725e-003
 1.2001347e-003
 1.2467369e-003
 1.2885814e-003
 1.3198166e-003
 1.3380032e-003
 1.3436474e-003
 1.3394118e-003
 1.3296176e-003
 1.3197471e-003
 1.3153862e-003
 1.3205874e-003
 1.3363373e-003
 1.3595734e-003
 1.3835757e-003
 1.4012293e-003
 1.4093129e-003
 1.4096855e-003
 1.4072581e-003
 1.4069007e-003
 1.4116752e-003
 1.4226160e-003
 1.4384398e-003
 1.4561572e-003
 1.4728933e-003
 1.4869150e-003
 1.4976871e-003
 1.5053821e-003
 1.5102804e-003
 1.5124141e-003
 1.5114739e-003
 1.5067792e-003
 1.4971957e-003
 1.4811438e-003
 1.4570415e-003
 1.4243907e-003
 1.3851904e-003
 1.3446545e-003
 1.3101640e-003
 1.2883600e-003
 1.2818178e-003
 1.2876570e-003
 1.2994928e-003
 1.3112995e-003
 1.3207125e-003
 1.3295078e-003
 1.3408418e-003
 1.3575215e-003
 1.3779895e-003
 1.3964940e-003
 1.4091081e-003
 1.4107735e-003
 1.3924628e-003
 1.3478205e-003
 1.2773525e-003
 1.1877248e-003
 1.0912837e-003
 1.0063708e-003
 9.5320307e-004
 9.4645133e-004
 9.8961091e-004
 1.0737857e-003
 1.1808606e-003
 1.2896089e-003
 1.3825273e-003
 1.4503485e-003
 1.4922854e-003
 1.5127021e-003
 1.5165936e-003
 1.5063958e-003
 1.4815225e-003
 1.4404296e-003
 1.3838131e-003
 1.3171426e-003
 1.2510330e-003
 1.1987478e-003
 1.1714076e-003
 1.1726499e-003
 1.1955160e-003
 1.2241866e-003
 1.2412231e-003
 1.2371911e-003
 1.2168139e-003
 1.1972267e-003
 1.1982032e-003
 1.2296075e-003
 1.2855325e-003
 1.3497353e-003
 1.4061196e-003
 1.4459157e-003
 1.4683306e-003
 1.4775100e-003
 1.4795914e-003
 1.4805561e-003
 1.4841501e-003
 1.4898498e-003
 1.4919180e-003
 1.4814433e-003
 1.4519951e-003
 1.4064182e-003
 1.3595240e-003
 1.3321586e-003
 1.3382735e-003
 1.3740882e-003
 1.4182593e-003
 1.4430532e-003
 1.4281869e-003
 1.3698265e-003
 1.2828907e-003
 1.1969561e-003
 1.1453961e-003
 1.1502267e-003
 1.2108396e-003
 1.3050620e-003
 1.4023815e-003
 1.4795494e-003
 1.5280293e-003
 1.5508158e-003
 1.5546269e-003
 1.5446093e-003
 1.5241446e-003
 1.4977321e-003
 1.4730670e-003
 1.4593112e-003
 1.4619583e-003
 1.4783301e-003
 1.4977475e-003
 1.5064152e-003
 1.4942624e-003
 1.4613506e-003
 1.4209456e-003
 1.3945766e-003
 1.3985340e-003
 1.4314636e-003
 1.4752365e-003
 1.5090794e-003
 1.5236299e-003
 1.5235620e-003
 1.5200311e-003
 1.5217705e-003
 1.5310177e-003
 1.5446712e-003
 1.5577931e-003
 1.5663640e-003
 1.5682187e-003
 1.5635624e-003
 1.5559141e-003
 1.5512788e-003
 1.5536003e-003
 1.5599099e-003
 1.5615907e-003
 1.5522728e-003
 1.5339075e-003
 1.5130130e-003
 1.4914010e-003
 1.4648506e-003
 1.4332007e-003
 1.4065558e-003
 1.3953850e-003
 1.3978278e-003
 1.4046429e-003
 1.4148039e-003
 1.4369058e-003
 1.4743170e-003
 1.5172127e-003
 1.5520726e-003
 1.5735391e-003
 1.5841355e-003
 1.5855659e-003
 1.5724211e-003
 1.5347151e-003
 1.4701105e-003
 1.3966870e-003
 1.3477384e-003
 1.3448982e-003
 1.3781086e-003
 1.4199896e-003
 1.4564036e-003
 1.4925929e-003
 1.5329916e-003
 1.5695476e-003
 1.5922390e-003
 1.6005342e-003
 1.6006518e-003
 1.5978382e-003
 1.5939676e-003
 1.5886875e-003
 1.5812557e-003
 1.5728158e-003
 1.5648685e-003
 1.5528358e-003
 1.5262145e-003
 1.4808949e-003
 1.4242497e-003
 1.3598886e-003
 1.2814983e-003
 1.2010327e-003
 1.1682766e-003
 1.2290962e-003
 1.3653039e-003
 1.5022270e-003
 1.5737138e-003
 1.5598208e-003
 1.4774629e-003
 1.3709695e-003
 1.3052558e-003
 1.3266405e-003
 1.4183312e-003
 1.5157945e-003
 1.5702847e-003
 1.5829343e-003
 1.5821543e-003
 1.5879726e-003
 1.5988174e-003
 1.5978669e-003
 1.5703525e-003
 1.5241560e-003
 1.4900124e-003
 1.4891753e-003
 1.5071341e-003
 1.5164942e-003
 1.5181074e-003
 1.5360996e-003
 1.5756954e-003
 1.6099267e-003
 1.6118869e-003
 1.5853961e-003
 1.5584406e-003
 1.5526067e-003
 1.5648979e-003
 1.5786054e-003
 1.5798508e-003
 1.5544669e-003
 1.4866106e-003
 1.3864484e-003
 1.3081710e-003
 1.3070920e-003
 1.3775753e-003
 1.4637137e-003
 1.5210648e-003
 1.5418866e-003
 1.5397941e-003
 1.5328983e-003
 1.5290503e-003
 1.5206786e-003
 1.5025726e-003
 1.4809940e-003
 1.4590712e-003
 1.4409485e-003
 1.4454556e-003
 1.4826190e-003
 1.5321149e-003
 1.5689387e-003
 1.5891950e-003
 1.6003856e-003
 1.6063097e-003
 1.6064402e-003
 1.6002285e-003
 1.5878920e-003
 1.5672051e-003
 1.5373296e-003
 1.5116839e-003
 1.5098996e-003
 1.5229920e-003
 1.5101781e-003
 1.4564587e-003
 1.4132442e-003
 1.4374244e-003
 1.5007581e-003
 1.5036996e-003
 1.3956107e-003
 1.2552341e-003
 1.2117604e-003
 1.3000997e-003
 1.4364260e-003
 1.5247074e-003
 1.5357487e-003
 1.4805804e-003
 1.3824039e-003
 1.2966557e-003
 1.2842846e-003
 1.3308270e-003
 1.3577915e-003
 1.3401812e-003
 1.3328771e-003
 1.3533370e-003
 1.3315569e-003
 1.2209690e-003
 1.0868330e-003
 1.0394993e-003
 1.1092444e-003
 1.2066852e-003
 1.2102843e-003
 1.0941940e-003
 9.4570528e-004
 8.5675839e-004
 8.4764976e-004
 8.9899928e-004
 9.9028822e-004
 1.0866378e-003
 1.1475056e-003
 1.1769398e-003
 1.2211287e-003
 1.3039804e-003
 1.4299467e-003
 1.6546309e-003
 2.0564322e-003
 2.5675697e-003
 2.8889831e-003
 2.7307000e-003
 2.1350316e-003
 1.4470844e-003
 9.9926838e-004
 8.8999281e-004
 1.0034274e-003
 1.1658774e-003
 1.2710975e-003
 1.2989825e-003
 1.2732584e-003
 1.2248013e-003
 1.1765193e-003
 1.1372005e-003
 1.0996159e-003
 1.0479601e-003
 9.7293622e-004
 8.8246871e-004
 7.9940615e-004
 7.5090199e-004
 7.5878546e-004
 8.3228020e-004
 9.5951214e-004
 1.1039915e-003
 1.2190060e-003
 1.2777427e-003
 1.2934512e-003
 1.3066463e-003
 1.3509193e-003
 1.4284363e-003
 1.5096647e-003
 1.5492094e-003
 1.5073392e-003
 1.3893824e-003
 1.2717990e-003
 1.2327430e-003
 1.2938951e-003
 1.4228311e-003
 1.5511606e-003
 1.5844085e-003
 1.4417166e-003
 1.1494451e-003
 8.6743827e-004
 7.5015903e-004
 8.0400857e-004
 9.0782990e-004
 9.3234819e-004
 8.4480754e-004
 7.2324619e-004
 6.5786985e-004
 6.6592981e-004
 7.2428538e-004
 8.2132284e-004
 9.3078706e-004
 9.9258695e-004
 9.8106149e-004
 9.5119554e-004
 9.6294435e-004
 1.0025622e-003
 1.0208681e-003
 1.0034321e-003
 9.7143097e-004
 9.5128175e-004
 9.6812105e-004
 1.0414564e-003
 1.1571650e-003
 1.2538622e-003
 1.2635181e-003
 1.1793955e-003
 1.0927684e-003
 1.1260356e-003
 1.2672170e-003
 1.3442510e-003
 1.2703332e-003
 1.1926460e-003
 1.2609639e-003
 1.3949337e-003
 1.4601344e-003
 1.4378190e-003
 1.4417551e-003
 1.5241319e-003
 1.5574935e-003
 1.4719480e-003
 1.3614271e-003
 1.3326530e-003
 1.4019194e-003
 1.5065266e-003
 1.5670854e-003
 1.5358797e-003
 1.4032541e-003
 1.1852840e-003
 9.3613425e-004
 7.4246345e-004
 6.7352451e-004
 7.1706629e-004
 7.8327348e-004
 7.8923040e-004
 7.4619299e-004
 7.5467682e-004
 9.0101542e-004
 1.1496533e-003
 1.3452802e-003
 1.3417184e-003
 1.1464512e-003
 9.0536778e-004
 7.5872004e-004
 7.4851338e-004
 8.0628204e-004
 8.0621406e-004
 7.1092416e-004
 5.7968422e-004
 5.5149524e-004
 7.2239176e-004
 1.0249921e-003
 1.3262664e-003
 1.4930137e-003
 1.4184575e-003
 1.1697022e-003
 8.8389131e-004
 6.9835148e-004
 7.2594348e-004
 9.1786403e-004
 1.1599885e-003
 1.3380205e-003
 1.3553528e-003
 1.2327988e-003
 1.0387594e-003
 8.4175105e-004
 7.0208765e-004
 6.2510261e-004
 5.9183000e-004
 5.9228536e-004
 6.0196460e-004
 6.1568432e-004
 6.3964783e-004
 6.8056164e-004
 7.4511580e-004
 8.3949370e-004
 9.5809816e-004
 1.0835872e-003
 1.1981725e-003
 1.2840112e-003
 1.3241394e-003
 1.3202642e-003
 1.2925458e-003
 1.2619318e-003
 1.2493584e-003
 1.2747794e-003
 1.3361813e-003
 1.4099928e-003
 1.4717680e-003
 1.4970322e-003
 1.4613372e-003
 1.3501976e-003
 1.1879338e-003
 1.0082078e-003
 8.4475649e-004
 7.3124078e-004
 7.0138229e-004
 7.7685557e-004
 9.3308091e-004
 1.1344069e-003
 1.3451030e-003
 1.5295304e-003
 1.6519625e-003
 1.6767443e-003
 1.5802379e-003
 1.3848140e-003
 1.1237300e-003
 8.3034579e-004
 5.3789478e-004
 2.7974509e-004
 8.9138222e-005
-5.8206251e-007
 3.3278717e-005
 1.7351902e-004
 3.9357206e-004
 6.6678936e-004
 9.6663571e-004
 1.2664438e-003
 1.5396544e-003
 1.7596968e-003
 1.9068235e-003
 1.9871057e-003
 2.0125557e-003
 1.9952124e-003
 1.9471117e-003
 1.8802744e-003
 1.8067482e-003
 1.7385486e-003
 1.6852332e-003
 1.6471504e-003
 1.6225543e-003
 1.6096850e-003
 1.6067883e-003
 1.6121097e-003
 1.6238958e-003
 1.6403889e-003
 1.6598379e-003
 1.6804833e-003
 1.7005753e-003
 1.7183542e-003
 1.7324581e-003
 1.7429291e-003
 1.7501346e-003
 1.7544377e-003
 1.7562043e-003
 1.7557996e-003
 1.7535882e-003
 1.7499347e-003
 1.7452051e-003
 1.7397630e-003
 1.7339749e-003
 1.7282042e-003
 1.7227152e-003
 1.7174052e-003
 1.7120920e-003
 1.7065922e-003
 1.7007240e-003
 1.6943034e-003
 1.6871487e-003
 1.6790758e-003
 1.6699035e-003
 1.6594484e-003
 1.6475259e-003
 1.6341661e-003
 1.6201308e-003
 1.6063498e-003
 1.5937468e-003
 1.5832514e-003
 1.5757877e-003
 1.5722844e-003
 1.5736675e-003
 1.5808631e-003
 1.5948002e-003
 1.6156996e-003
 1.6413552e-003
 1.6690354e-003
 1.6959996e-003
 1.7195186e-003
 1.7368525e-003
 1.7452695e-003
 1.7420340e-003
 1.7244094e-003
 1.6896656e-003
 1.6366144e-003
 1.5694043e-003
 1.4932904e-003
 1.4135621e-003
 1.3354718e-003
 1.2643092e-003
 1.2053348e-003
 1.1638153e-003
 1.1450314e-003
 1.1542501e-003
 1.1941756e-003
 1.2588777e-003
 1.3405802e-003
 1.4315414e-003
 1.5239794e-003
 1.6101544e-003
 1.6822857e-003
 1.7326291e-003
 1.7534129e-003
 1.7398703e-003
 1.6971643e-003
 1.6325441e-003
 1.5532339e-003
 1.4664911e-003
 1.3795354e-003
 1.2996256e-003
 1.2339826e-003
 1.1880132e-003
 1.1610116e-003
 1.1510376e-003
 1.1561419e-003
 1.1743762e-003
 1.2037981e-003
 1.2424538e-003
 1.2883997e-003
 1.3397806e-003
 1.3949992e-003
 1.4525403e-003
 1.5108616e-003
 1.5684479e-003
 1.6237575e-003
 1.6752747e-003
 1.7214584e-003
 1.7605221e-003
 1.7897926e-003
 1.8064374e-003
 1.8055042e-003
 1.7855216e-003
 1.7446235e-003
 1.6818524e-003
 1.5995245e-003
 1.5029669e-003
 1.3996416e-003
 1.2980520e-003
 1.2068934e-003
 1.1338547e-003
 1.0837220e-003
 1.0571030e-003
 1.0516020e-003
 1.0635767e-003
 1.0890525e-003
 1.1238978e-003
 1.1637697e-003
 1.2040582e-003
 1.2399484e-003
 1.2666564e-003
 1.2799783e-003
 1.2773992e-003
 1.2593684e-003
 1.2297693e-003
 1.1951353e-003
 1.1632032e-003
 1.1413974e-003
 1.1352473e-003
 1.1470187e-003
 1.1752782e-003
 1.2156642e-003
 1.2623009e-003
 1.3092506e-003
 1.3517987e-003
 1.3873839e-003
 1.4158923e-003
 1.4391647e-003
 1.4600198e-003
 1.4810916e-003
 1.5037080e-003
 1.4872804e-003
 1.4915341e-003
 1.4891120e-003
 1.4797291e-003
 1.4636696e-003
 1.4419360e-003
 1.4162844e-003
 1.3891405e-003
 1.3634418e-003
 1.3422652e-003
 1.3283959e-003
 1.3238570e-003
 1.3295404e-003
 1.3450470e-003
 1.3688867e-003
 1.3988543e-003
 1.4324223e-003
 1.4671315e-003
 1.5008133e-003
 1.5317212e-003
 1.5585352e-003
 1.5802577e-003
 1.5961485e-003
 1.6056388e-003
 1.6082829e-003
 1.6037965e-003
 1.5921831e-003
 1.5738669e-003
 1.5498420e-003
 1.5217685e-003
 1.4918866e-003
 1.4628348e-003
 1.4373332e-003
 1.4178592e-003
 1.4062958e-003
 1.4036461e-003
 1.4098570e-003
 1.4237986e-003
 1.4434268e-003
 1.4661134e-003
 1.4891017e-003
 1.5099494e-003
 1.5269113e-003
 1.5391425e-003
 1.5466607e-003
 1.5501200e-003
 1.5504179e-003
 1.5482845e-003
 1.5439625e-003
 1.5370967e-003
 1.5268669e-003
 1.5123474e-003
 1.4929746e-003
 1.4689738e-003
 1.4416383e-003
 1.4132982e-003
 1.3870472e-003
 1.3662082e-003
 1.3536998e-003
 1.3514671e-003
 1.3600563e-003
 1.3784559e-003
 1.4041915e-003
 1.4336647e-003
 1.4626014e-003
 1.4865833e-003
 1.5015512e-003
 1.5042069e-003
 1.4923385e-003
 1.4650181e-003
 1.4227041e-003
 1.3672052e-003
 1.3015966e-003
 1.2299379e-003
 1.1569858e-003
 1.0877470e-003
 1.0269793e-003
 9.7877637e-004
 9.4610965e-004
 9.3059149e-004
 9.3233254e-004
 9.5001055e-004
 9.8108524e-004
 1.0221555e-003
 1.0693457e-003
 1.1187326e-003
 1.1667411e-003
 1.2104054e-003
 1.2475816e-003
 1.2770402e-003
 1.2984104e-003
 1.3120825e-003
 1.3189876e-003
 1.3203548e-003
 1.3174388e-003
 1.3112725e-003
 1.3024809e-003
 1.2912017e-003
 1.2771257e-003
 1.2596551e-003
 1.2381789e-003
 1.2123591e-003
 1.1824209e-003
 1.1493179e-003
 1.1147290e-003
 1.0809198e-003
 1.0503915e-003
 1.0254999e-003
 1.0080293e-003
 9.9886616e-004
 9.9784252e-004
 1.0037426e-003
 1.0144947e-003
 1.0274819e-003
 1.0399239e-003
 1.0492367e-003
 1.0533531e-003
 1.0509491e-003
 1.0415759e-003
 1.0256981e-003
 1.0046605e-003
 9.8057278e-004
 9.5611223e-004
 9.3429117e-004
 9.1812323e-004
 9.1029389e-004
 9.1280072e-004
 9.2666061e-004
 9.5170666e-004
 9.8654663e-004
 1.0286525e-003
 1.0746261e-003
 1.1205960e-003
 1.1626140e-003
 1.1971224e-003
 1.2212751e-003
 1.2332039e-003
 1.2321318e-003
 1.2183508e-003
 1.1931133e-003
 1.1584219e-003
 1.1168172e-003
 1.0711019e-003
 1.0241396e-003
 9.7863702e-004
 9.3695830e-004
 9.0102927e-004
 8.7220513e-004
 8.5124467e-004
 8.3827757e-004
 8.3283545e-004
 8.3394669e-004
 8.4027660e-004
 8.5032784e-004
 8.6267520e-004
 8.7620784e-004
 8.9030882e-004
 9.0496079e-004
 9.2069252e-004
 9.3839748e-004
 9.5903780e-004
 9.8327606e-004
 1.0111851e-003
 1.0420548e-003
 1.0744251e-003
 1.1063390e-003
 1.1357220e-003
 1.1608575e-003
 1.1807904e-003
 1.1955200e-003
 1.2059866e-003
 1.2137819e-003
 1.2207160e-003
 1.2283340e-003
 1.2375134e-003
 1.2482625e-003
 1.2597357e-003
 1.2704661e-003
 1.2787299e-003
 1.2829230e-003
 1.2818810e-003
 1.2750453e-003
 1.2624779e-003
 1.2447241e-003
 1.2226155e-003
 1.1970313e-003
 1.1687496e-003
 1.1383690e-003
 1.1063375e-003
 1.0731062e-003
 1.0392983e-003
 1.0058623e-003
 9.7418972e-004
 9.4605028e-004
 9.2344458e-004
 9.0829632e-004
 9.0209738e-004
 9.0559042e-004
 9.1855042e-004
 9.3975256e-004
 9.6714002e-004
 9.9818001e-004
 1.0302727e-003
 1.0611956e-003
 1.0893757e-003
 1.1140136e-003
 1.1350003e-003
 1.1526484e-003
 1.1673858e-003
 1.1794383e-003
 1.1886444e-003
 1.1944259e-003
 1.1959122e-003
 1.1922049e-003
 1.1826854e-003
 1.1673111e-003
 1.1468038e-003
 1.1227195e-003
 1.0973457e-003
 1.0734489e-003
 1.0539491e-003
 1.0415050e-003
 1.0381552e-003
 1.0450075e-003
 1.0620730e-003
 1.0882335e-003
 1.1213842e-003
 1.1586689e-003
 1.1968251e-003
 1.2325691e-003
 1.2629135e-003
 1.2854789e-003
 1.2986513e-003
 1.3016686e-003
 1.2945844e-003
 1.2781501e-003
 1.2536386e-003
 1.2226676e-003
 1.1870279e-003
 1.1485369e-003
 1.1089839e-003
 1.0700781e-003
 1.0334193e-003
 1.0005123e-003
 9.7269641e-004
 9.5110922e-004
 9.3658548e-004
 9.2957023e-004
 9.3007094e-004
 9.3764352e-004
 9.5144665e-004
 9.7034406e-004
 9.9304668e-004
 1.0182225e-003
 1.0446092e-003
 1.0710340e-003
 1.0964143e-003
 1.1197354e-003
 1.1400045e-003
 1.1562845e-003
 1.1677403e-003
 1.1737591e-003
 1.1740775e-003
 1.1688840e-003
 1.1588725e-003
 1.1452031e-003
 1.1293987e-003
 1.1131624e-003
 1.0982016e-003
 1.0860520e-003
 1.0779519e-003
 1.0747826e-003
 1.0770365e-003
 1.0848143e-003
 1.0978170e-003
 1.1153417e-003
 1.1362680e-003
 1.1591098e-003
 1.1821013e-003
 1.2033934e-003
 1.2213165e-003
 1.2346409e-003
 1.2428177e-003
 1.2460629e-003
 1.2452848e-003
 1.2418212e-003
 1.2370624e-003
 1.2320504e-003
 1.2271893e-003
 1.2221518e-003
 1.2160275e-003
 1.2076858e-003
 1.1962355e-003
 1.1814418e-003
 1.1639824e-003
 1.1454191e-003
 1.1279306e-003
 1.1138337e-003
 1.1050458e-003
 1.1026455e-003
 1.1066166e-003
 1.1158529e-003
 1.1283890e-003
 1.1417965e-003
 1.1536061e-003
 1.1616996e-003
 1.1645545e-003
 1.1613618e-003
 1.1520073e-003
 1.1369798e-003
 1.1172362e-003
 1.0940875e-003
 1.0690865e-003
 1.0439162e-003
 1.0202980e-003
 9.9984754e-004
 9.8391052e-004
 9.7341347e-004
 9.6870837e-004
 9.6950377e-004
 9.7487017e-004
 9.8336232e-004
 9.9322968e-004
 1.0027058e-003
 1.0103040e-003
 1.0150874e-003
 1.0168435e-003
 1.0161196e-003
 1.0141116e-003
 1.0124068e-003
 1.0126304e-003
 1.0160640e-003
 1.0233211e-003
 1.0341628e-003
 1.0474930e-003
 1.0615548e-003
 1.0742885e-003
 1.0837464e-003
 1.0884965e-003
 1.0878983e-003
 1.0821957e-003
 1.0724223e-003
 1.0601614e-003
 1.0472310e-003
 1.0353785e-003
 1.0260792e-003
 1.0204355e-003
 1.0192133e-003
 1.0229392e-003
 1.0320267e-003
 1.0468602e-003
 1.0678227e-003
 1.0952293e-003
 1.1292170e-003
 1.1696292e-003
 1.2158756e-003
 1.2669142e-003
 1.3212309e-003
 1.3769448e-003
 1.4319812e-003
 1.4842134e-003
 1.5317138e-003
 1.5728931e-003
 1.6066680e-003
 1.6325581e-003
 1.6506840e-003
 1.6617338e-003
 1.6668441e-003
 1.6674179e-003
 1.6649181e-003
 1.6606461e-003
 1.6555501e-003
 1.6500896e-003
 1.6441961e-003
 1.6373289e-003
 1.6286414e-003
 1.6172167e-003
 1.6023356e-003
 1.5837405e-003
 1.5618072e-003
 1.5376364e-003
 1.5129950e-003
 1.4901257e-003
 1.4714836e-003
 1.4593705e-003
 1.4555951e-003
 1.4611483e-003
 1.4759863e-003
 1.4989323e-003
 1.5277282e-003
 1.5592605e-003
 1.5898818e-003
 1.6158879e-003
 1.6339854e-003
 1.6417771e-003
 1.6381295e-003
 1.6233660e-003
 1.5992346e-003
 1.5686421e-003
 1.5351586e-003
 1.5023676e-003
 1.4732368e-003
 1.4495540e-003
 1.4316652e-003
 1.4185039e-003
 1.4079654e-003
 1.3975374e-003
 1.3850052e-003
 1.3690862e-003
 1.3498015e-003
 1.3284982e-003
 1.3075559e-003
 1.2898191e-003
 1.2779813e-003
 1.2740290e-003
 1.2789072e-003
 1.2924479e-003
 1.3135159e-003
 1.3403036e-003
 1.3706117e-003
 1.4021019e-003
 1.4323910e-003
 1.4591010e-003
 1.4798936e-003
 1.4925393e-003
 1.4951405e-003
 1.4864294e-003
 1.4661321e-003
 1.4352475e-003
 1.3961862e-003
 1.3526084e-003
 1.3090454e-003
 1.2702503e-003
 1.2404290e-003
 1.2225386e-003
 1.2176977e-003
 1.2249260e-003
 1.2412058e-003
 1.2619208e-003
 1.2815604e-003
 1.2946179e-003
 1.2965078e-003
 1.2843327e-003
 1.2573769e-003
 1.2172345e-003
 1.1675381e-003
 1.1133159e-003
 1.0601953e-003
 1.0134502e-003
 9.7724632e-004
 9.5405581e-004
 9.4441610e-004
 9.4704109e-004
 9.5919427e-004
 9.7726611e-004
 9.9742599e-004
 1.0162514e-003
 1.0312004e-003
 1.0409288e-003
 1.0453622e-003
 1.0455911e-003
 1.0435942e-003
 1.0418702e-003
 1.0430396e-003
 1.0494828e-003
 1.0630569e-003
 1.0849268e-003
 1.1154892e-003
 1.1543938e-003
 1.2006479e-003
 1.2527014e-003
 1.3086202e-003
 1.3661743e-003
 1.4229758e-003
 1.4766162e-003
 1.5247317e-003
 1.5651645e-003
 1.5960295e-003
 1.6158380e-003
 1.6235902e-003
 1.6188372e-003
 1.6017464e-003
 1.5731428e-003
 1.5345349e-003
 1.4880898e-003
 1.4366246e-003
 1.3834650e-003
 1.3323158e-003
 1.2869885e-003
 1.2510573e-003
 1.2275173e-003
 1.2183901e-003
 1.2244224e-003
 1.2449203e-003
 1.2777699e-003
 1.3196425e-003
 1.3663997e-003
 1.4136409e-003
 1.4572305e-003
 1.4938487e-003
 1.5213218e-003
 1.5388110e-003
 1.5467658e-003
 1.5466687e-003
 1.5406603e-003
 1.5310925e-003
 1.5201096e-003
 1.5093237e-003
 1.4996629e-003
 1.4913836e-003
 1.4842652e-003
 1.4778937e-003
 1.4719678e-003
 1.4665393e-003
 1.4621151e-003
 1.4595962e-003
 1.4600633e-003
 1.4644467e-003
 1.4731755e-003
 1.4858999e-003
 1.5014679e-003
 1.5180785e-003
 1.5335744e-003
 1.5457460e-003
 1.5525736e-003
 1.5524753e-003
 1.5445749e-003
 1.5288863e-003
 1.5063817e-003
 1.4788948e-003
 1.4488144e-003
 1.4187065e-003
 1.3908540e-003
 1.3669004e-003
 1.3475884e-003
 1.3327549e-003
 1.3216374e-003
 1.3132709e-003
 1.3069158e-003
 1.3023693e-003
 1.3001174e-003
 1.3013151e-003
 1.3075826e-003
 1.3206563e-003
 1.3419446e-003
 1.3721114e-003
 1.4107378e-003
 1.4561928e-003
 1.5057508e-003
 1.5558642e-003
 1.6026711e-003
 1.6424699e-003
 1.6722293e-003
 1.6899382e-003
 1.6946438e-003
 1.6863557e-003
 1.6658205e-003
 1.6342720e-003
 1.5931441e-003
 1.5439293e-003
 1.4880833e-003
 1.4270123e-003
 1.3620718e-003
 1.2946129e-003
 1.2261240e-003
 1.1582768e-003
 1.0929060e-003
 1.0319819e-003
 9.7737706e-004
 9.3068648e-004
 8.9296151e-004
 8.6450146e-004
 8.4488606e-004
 8.3309587e-004
 8.2776387e-004
 8.2743849e-004
 8.3084375e-004
 8.3707122e-004
 8.4568840e-004
 8.5673970e-004
 8.7067345e-004
 8.8820013e-004
 9.1008178e-004
 9.3694025e-004
 9.6905918e-004
 1.0062694e-003
 1.0479394e-003
 1.0930118e-003
 1.1401436e-003
 1.1878939e-003
 1.2348559e-003
 1.2798384e-003
 1.3219032e-003
 1.3603843e-003
 1.3948295e-003
 1.4248423e-003
 1.4499640e-003
 1.4695111e-003
 1.4825122e-003
 1.4877237e-003
 1.4837467e-003
 1.4692621e-003
 1.4433415e-003
 1.4057871e-003
 1.3574031e-003
 1.3002057e-003
 1.2373746e-003
 1.1730833e-003
 1.1120565e-003
 1.0589641e-003
 1.0178165e-003
 9.9130499e-004
 9.8038861e-004
 9.8407897e-004
 9.9957013e-004
 1.0226647e-003
 1.0484448e-003
 1.0720892e-003
 1.0896423e-003
 1.0986639e-003
 1.0985675e-003
 1.0906425e-003
 1.0777190e-003
 1.0635718e-003
 1.0521496e-003
 1.0468153e-003
 1.0497003e-003
 1.0613211e-003
 1.0805022e-003
 1.1046305e-003
 1.1301455e-003
 1.1532049e-003
 1.1703817e-003
 1.1792385e-003
 1.1787410e-003
 1.1693971e-003
 1.1531597e-003
 1.1330951e-003
 1.1129319e-003
 1.0965361e-003
 1.0874155e-003
 1.0883311e-003
 1.1010221e-003
 1.1260782e-003
 1.1629242e-003
 1.2099250e-003
 1.2645044e-003
 1.3233876e-003
 1.3827881e-003
 1.4386793e-003
 1.4871067e-003
 1.5244595e-003
 1.5478299e-003
 1.5552619e-003
 1.5459913e-003
 1.5205698e-003
 1.4807751e-003
 1.4293713e-003
 1.3698622e-003
 1.3061684e-003
 1.2422908e-003
 1.1820942e-003
 1.1290804e-003
 1.0862860e-003
 1.0560909e-003
 1.0400909e-003
 1.0390325e-003
 1.0527468e-003
 1.0801450e-003
 1.1192327e-003
 1.1672487e-003
 1.2208174e-003
 1.2762186e-003
 1.3297393e-003
 1.3779998e-003
 1.4183627e-003
 1.4492003e-003
 1.4700731e-003
 1.4816587e-003
 1.4855351e-003
 1.4838976e-003
 1.4792242e-003
 1.4739695e-003
 1.4703106e-003
 1.4699880e-003
 1.4742250e-003
 1.4836985e-003
 1.4985644e-003
 1.5185357e-003
 1.5429645e-003
 1.5709432e-003
 1.6014054e-003
 1.6331781e-003
 1.6650762e-003
 1.6959345e-003
 1.7246723e-003
 1.7503597e-003
 1.7722513e-003
 1.7898660e-003
 1.8030123e-003
 1.8118210e-003
 1.8167413e-003
 1.8184946e-003
 1.8180059e-003
 1.8163013e-003
 1.8143930e-003
 1.8131646e-003
 1.8132747e-003
 1.8150909e-003
 1.8186650e-003
 1.8237525e-003
 1.8298768e-003
 1.8364160e-003
 1.8427128e-003
 1.8481852e-003
 1.8524132e-003
 1.8552067e-003
 1.8566283e-003
 1.8569824e-003
 1.8567655e-003
 1.8565911e-003
 1.8570994e-003
 1.8588664e-003
 1.8623261e-003
 1.8677157e-003
 1.8750480e-003
 1.8841214e-003
 1.8945480e-003
 1.9058080e-003
 1.9173200e-003
 1.9284954e-003
 1.9388067e-003
 1.9478209e-003
 1.9552296e-003
 1.9608606e-003
 1.9646687e-003
 1.9667270e-003
 1.9672059e-003
 1.9663568e-003
 1.9644927e-003
 1.9619719e-003
 1.9591756e-003
 1.9564847e-003
 1.9542486e-003
 1.9527478e-003
 1.9521519e-003
 1.9524794e-003
 1.9535650e-003
 1.9550435e-003
 1.9563560e-003
 1.9567835e-003
 1.9555085e-003
 1.9516967e-003
 1.9445949e-003
 1.9336211e-003
 1.9184528e-003
 1.8990807e-003
 1.8758217e-003
 1.8493197e-003
 1.8204720e-003
 1.7903748e-003
 1.7602224e-003
 1.7312055e-003
 1.7044510e-003
 1.6809468e-003
 1.6614917e-003
 1.6466944e-003
 1.6369488e-003
 1.6324517e-003
 1.6332009e-003
 1.6390056e-003
 1.6494924e-003
 1.6641249e-003
 1.6822139e-003
 1.7029434e-003
 1.7254250e-003
 1.7487394e-003
 1.7720250e-003
 1.7945273e-003
 1.8156655e-003
 1.8350795e-003
 1.8526150e-003
 1.8682925e-003
 1.8822193e-003
 1.8945124e-003
 1.9052170e-003
 1.9142252e-003
 1.9212357e-003
 1.9257034e-003
 1.9268112e-003
 1.9234776e-003
 1.9143935e-003
 1.8981068e-003
 1.8731481e-003
 1.8382317e-003
 1.7924536e-003
 1.7355712e-003
 1.6681973e-003
 1.5918516e-003
 1.5089998e-003
 1.4206519e-003
 1.3301909e-003
 1.2443904e-003
 1.1672437e-003
 1.1021295e-003
 1.0512634e-003
 1.0154709e-003
 9.9429046e-004
 9.8634779e-004
 9.8978693e-004
 1.0025634e-003
 1.0226143e-003
 1.0479590e-003
 1.0768060e-003
 1.1076293e-003
 1.1392428e-003
 1.1708190e-003
 1.2018187e-003
 1.2319427e-003
 1.2610202e-003
 1.2889525e-003
 1.3156850e-003
 1.3411705e-003
 1.3654010e-003
 1.3884001e-003
 1.4102475e-003
 1.4310929e-003
 1.4511305e-003
 1.4706054e-003
 1.4897784e-003
 1.5089192e-003
 1.5282984e-003
 1.5481545e-003
 1.5686859e-003
 1.5900008e-003
 1.6120959e-003
 1.6348526e-003
 1.6580333e-003
 1.6813182e-003
 1.7043458e-003
 1.7267197e-003
 1.7480449e-003
 1.7679160e-003
 1.7859300e-003
 1.8016938e-003
 1.8148123e-003
 1.8249033e-003
 1.8315855e-003
 1.8344842e-003
 1.8332299e-003
 1.8274639e-003
 1.8168543e-003
 1.8011424e-003
 1.7802155e-003
 1.7541933e-003
 1.7235311e-003
 1.6890300e-003
 1.6518268e-003
 1.6132975e-003
 1.5749448e-003
 1.5383449e-003
 1.5050393e-003
 1.4764767e-003
 1.4538720e-003
 1.4380434e-003
 1.4292900e-003
 1.4273240e-003
 1.4313294e-003
 1.4401018e-003
 1.4522094e-003
 1.4661190e-003
 1.4802994e-003
 1.4933338e-003
 1.5040466e-003
 1.5116849e-003
 1.5160585e-003
 1.5176063e-003
 1.5173344e-003
 1.5166647e-003
 1.5172644e-003
 1.5208974e-003
 1.5292949e-003
 1.5440047e-003
 1.5661604e-003
 1.5962198e-003
 1.6337038e-003
 1.6771002e-003
 1.7239833e-003
 1.7712293e-003
 1.8153124e-003
 1.8525622e-003
 1.8793365e-003
 1.8923044e-003
 1.8887731e-003
 1.8671462e-003
 1.8272969e-003
 1.7707481e-003
 1.7004770e-003
 1.6205687e-003
 1.5357581e-003
 1.4510301e-003
 1.3714101e-003
 1.3016084e-003
 1.2457280e-003
 1.2067909e-003
 1.1863463e-003
 1.1843407e-003
 1.1992552e-003
 1.2284967e-003
 1.2688228e-003
 1.3167114e-003
 1.3685608e-003
 1.4209237e-003
 1.4706742e-003
 1.5152694e-003
 1.5529739e-003
 1.5829118e-003
 1.6050027e-003
 1.6197569e-003
 1.6280278e-003
 1.6308454e-003
 1.6293030e-003
 1.6245102e-003
 1.6175646e-003
 1.6095414e-003
 1.6014761e-003
 1.5943671e-003
 1.5891761e-003
 1.5868351e-003
 1.5882571e-003
 1.5943294e-003
 1.6058811e-003
 1.6236024e-003
 1.6479127e-003
 1.6787611e-003
 1.7154868e-003
 1.7567279e-003
 1.8004979e-003
 1.8443671e-003
 1.8856224e-003
 1.9214483e-003
 1.9490864e-003
 1.9659926e-003
 1.9701305e-003
 1.9602911e-003
 1.9364036e-003
 1.8996407e-003
 1.8523210e-003
 1.7975766e-003
 1.7390493e-003
 1.6805980e-003
 1.6260600e-003
 1.5790841e-003
 1.5428001e-003
 1.5195203e-003
 1.5104172e-003
 1.5154051e-003
 1.5332656e-003
 1.5619497e-003
 1.5989038e-003
 1.6413410e-003
 1.6864473e-003
 1.7315011e-003
 1.7740566e-003
 1.8121544e-003
 1.8444567e-003
 1.8703515e-003
 1.8898565e-003
 1.9034643e-003
 1.9119540e-003
 1.9162302e-003
 1.9172283e-003
 1.9158307e-003
 1.9127824e-003
 1.9085921e-003
 1.9034481e-003
 1.8971816e-003
 1.8893038e-003
 1.8790911e-003
 1.8656790e-003
 1.8481583e-003
 1.8256459e-003
 1.7974090e-003
 1.7630273e-003
 1.7225860e-003
 1.6768923e-003
 1.6275117e-003
 1.5767287e-003
 1.5273450e-003
 1.4824466e-003
 1.4452497e-003
 1.4189038e-003
 1.4062563e-003
 1.4095325e-003
 1.4298990e-003
 1.4670891e-003
 1.5192411e-003
 1.5830802e-003
 1.6542492e-003
 1.7277999e-003
 1.7984909e-003
 1.8611575e-003
 1.9109430e-003
 1.9438459e-003
 1.9572082e-003
 1.9502103e-003
 1.9240879e-003
 1.8819162e-003
 1.8281151e-003
 1.7679500e-003
 1.7069993e-003
 1.6508432e-003
 1.6047595e-003
 1.5731917e-003
 1.5592604e-003
 1.5642790e-003
 1.5875393e-003
 1.6265240e-003
 1.6773929e-003
 1.7354724e-003
 1.7957733e-003
 1.8532843e-003
 1.9032374e-003
 1.9415780e-003
 1.9653747e-003
 1.9732218e-003
 1.9654392e-003
 1.9438742e-003
 1.9115265e-003
 1.8720579e-003
 1.8294374e-003
 1.7876620e-003
 1.7505593e-003
 1.7214431e-003
 1.7028137e-003
 1.6960682e-003
 1.7013538e-003
 1.7177130e-003
 1.7433532e-003
 1.7760020e-003
 1.8131584e-003
 1.8522857e-003
 1.8909191e-003
 1.9268822e-003
 1.9584417e-003
 1.9844468e-003
 2.0044402e-003
 2.0185641e-003
 2.0273982e-003
 2.0317996e-003
 2.0327473e-003
 2.0312525e-003
 2.0282967e-003
 2.0247651e-003
 2.0213781e-003
 2.0186342e-003
 2.0167816e-003
 2.0158442e-003
 2.0156815e-003
 2.0160531e-003
 2.0166705e-003
 2.0172291e-003
 2.0174249e-003
 2.0169674e-003
 2.0155909e-003
 2.0130640e-003
 2.0091932e-003
 2.0038167e-003
 1.9968029e-003
 1.9880328e-003
 1.9773974e-003
 1.9648122e-003
 1.9502208e-003
 1.9336392e-003
 1.9151944e-003
 1.8951846e-003
 1.8740688e-003
 1.8524621e-003
 1.8311107e-003
 1.8108130e-003
 1.7923943e-003
 1.7766824e-003
 1.7644343e-003
 1.7562852e-003
 1.7526678e-003
 1.7537250e-003
 1.7592892e-003
 1.7689122e-003
 1.7819302e-003
 1.7975618e-003
 1.8149714e-003
 1.8333042e-003
 1.8517521e-003
 1.8695929e-003
 1.8862371e-003
 1.9013056e-003
 1.9146341e-003
 1.9262580e-003
 1.9363504e-003
 1.9451799e-003
 1.9530545e-003
 1.9602852e-003
 1.9671740e-003
 1.9739806e-003
 1.9808898e-003
 1.9879956e-003
 1.9952848e-003
 2.0026441e-003
 2.0098942e-003
 2.0168121e-003
 2.0231593e-003
 2.0286939e-003
 2.0332017e-003
 2.0365193e-003
 2.0385662e-003
 2.0393820e-003
 2.0391343e-003
 2.0381080e-003
 2.0366732e-003
 2.0352511e-003
 2.0342791e-003
 2.0341827e-003
 2.0353305e-003
 2.0379731e-003
 2.0421601e-003
 2.0476717e-003
 2.0539903e-003
 2.0603228e-003
 2.0656821e-003
 2.0689648e-003
 2.0690223e-003
 2.0647354e-003
 2.0551009e-003
 2.0393629e-003
 2.0172002e-003
 1.9888531e-003
 1.9551909e-003
 1.9176800e-003
 1.8781841e-003
 1.8388140e-003
 1.8018123e-003
 1.7693791e-003
 1.7435786e-003
 1.7261481e-003
 1.7182918e-003
 1.7204609e-003
 1.7322976e-003
 1.7526946e-003
 1.7800077e-003
 1.8122749e-003
 1.8473637e-003
 1.8831460e-003
 1.9175869e-003
 1.9488533e-003
 1.9755205e-003
 1.9966785e-003
 2.0119976e-003
 2.0216601e-003
 2.0262445e-003
 2.0265554e-003
 2.0235064e-003
 2.0180412e-003
 2.0110768e-003
 2.0034593e-003
 1.9958967e-003
 1.9889181e-003
 1.9828505e-003
 1.9778446e-003
 1.9739133e-003
 1.9709896e-003
 1.9689708e-003
 1.9677384e-003
 1.9671766e-003
 1.9671826e-003
 1.9676762e-003
 1.9686094e-003
 1.9699677e-003
 1.9717701e-003
 1.9740579e-003
 1.9768863e-003
 1.9803154e-003
 1.9844044e-003
 1.9892037e-003
 1.9947386e-003
 2.0010013e-003
 2.0079350e-003
 2.0154237e-003
 2.0233069e-003
 2.0313857e-003
 2.0394418e-003
 2.0472426e-003
 2.0545628e-003
 2.0611889e-003
 2.0669322e-003
 2.0716565e-003
 2.0752912e-003
 2.0778354e-003
 2.0793567e-003
 2.0799700e-003
 2.0798193e-003
 2.0790622e-003
 2.0778601e-003
 2.0763704e-003
 2.0747415e-003
 2.0731024e-003
 2.0715587e-003
 2.0701897e-003
 2.0690488e-003
 2.0681729e-003
 2.0675876e-003
 2.0673124e-003
 2.0673634e-003
 2.0677529e-003
 2.0684854e-003
 2.0695531e-003
 2.0709331e-003
 2.0725832e-003
 2.0744458e-003
 2.0764517e-003
 2.0785232e-003
 2.0805812e-003
 2.0825462e-003
 2.0843442e-003
 2.0859085e-003
 2.0871903e-003
 2.0881619e-003
 2.0888189e-003
 2.0891798e-003
 2.0892781e-003
 2.0891570e-003
 2.0888643e-003
 2.0884492e-003
 2.0879586e-003
 2.0874364e-003
 2.0869181e-003
 2.0864303e-003
 2.0859893e-003
 2.0856012e-003
 2.0852650e-003
 2.0849758e-003
 2.0847265e-003
 2.0845092e-003
 2.0843172e-003
 2.0841451e-003
 2.0839907e-003
 2.0838554e-003
 2.0837456e-003
 2.0836710e-003
 2.0836447e-003
 2.0836822e-003
 2.0838003e-003
 2.0840196e-003
 2.0843700e-003
 2.0848974e-003
 2.0856771e-003
 2.0868224e-003
 2.0884895e-003
 2.0908727e-003
 2.0941962e-003
 2.0986972e-003
 2.1046214e-003
 2.1122091e-003
 2.1216737e-003
 2.1331864e-003
 2.1468427e-003
 2.1626221e-003
 2.1803961e-003
 2.1999273e-003
 2.2209063e-003
 2.2429638e-003
 2.2657327e-003
 2.2888705e-003
 2.3120947e-003
 2.3353025e-003
 2.3586643e-003
 2.3827020e-003
 2.4083636e-003
 2.4369683e-003
 2.4700842e-003
 2.5094564e-003
 2.5568763e-003
 2.6140956e-003
 2.6826200e-003
 2.7635584e-003
 2.8573042e-003
 2.9631953e-003
 3.0795422e-003
 3.2036772e-003
 3.3321162e-003
 3.4610326e-003
 3.5863845e-003
 3.7041509e-003
 3.8104069e-003
 3.9017268e-003
 3.9753695e-003
 4.0294905e-003
 4.0633515e-003
 4.0771426e-003
 4.0717465e-003
 4.0484793e-003
 4.0088468e-003
 3.9544678e-003
 3.8869618e-003
 3.8079631e-003
 3.7190858e-003
 3.6220104e-003
 3.5183537e-003
 3.4097275e-003
 3.2978219e-003
 3.1842482e-003
 3.0706080e-003
 2.9585615e-003
 2.8496301e-003
 2.7452456e-003
 2.6466220e-003
 2.5547792e-003
 2.4703732e-003
 2.3938043e-003
 2.3253309e-003
 2.2650366e-003
 2.2129470e-003
 2.1690775e-003
 2.1333382e-003
 2.1055292e-003
 2.0852436e-003
 2.0718153e-003
 2.0642602e-003
 2.0613256e-003
 2.0615596e-003
 2.0633901e-003
 2.0652034e-003
 2.0654113e-003
 2.0625475e-003
 2.0554012e-003
 2.0432018e-003
 2.0257626e-003
 2.0035498e-003
 1.9776118e-003
 1.9494457e-003
 1.9207855e-003
 1.8934732e-003
 1.8693669e-003
 1.8501870e-003
 1.8373926e-003
 1.8320039e-003
 1.8344256e-003
 1.8443973e-003
 1.8610546e-003
 1.8830645e-003
 1.9088315e-003
 1.9366374e-003
 1.9647260e-003
 1.9914408e-003
 2.0153266e-003
 2.0352611e-003
 2.0506186e-003
 2.0613053e-003
 2.0676905e-003
 2.0704824e-003
 2.0705734e-003
 2.0689319e-003
 2.0665254e-003
 2.0642446e-003
 2.0628241e-003
 2.0627507e-003
 2.0641815e-003
 2.0669093e-003
 2.0703834e-003
 2.0737888e-003
 2.0761448e-003
 2.0763956e-003
 2.0734705e-003
 2.0663172e-003
 2.0539144e-003
 2.0352940e-003
 2.0106742e-003
 1.9847613e-003
 1.9444608e-003
 1.8997630e-003
 1.8522287e-003
 1.8034284e-003
 1.7549205e-003
 1.7082985e-003
 1.6651211e-003
 1.6269580e-003
 1.5953797e-003
 1.5718011e-003
 1.5562481e-003
 1.5479617e-003
 1.5461828e-003
 1.5501529e-003
 1.5591100e-003
 1.5722951e-003
 1.5889482e-003
 1.6083146e-003
 1.6296250e-003
 1.6521241e-003
 1.6750522e-003
 1.6976548e-003
 1.7191614e-003
 1.7388653e-003
 1.7564929e-003
 1.7720045e-003
 1.7853663e-003
 1.7965350e-003
 1.8054768e-003
 1.8121549e-003
 1.8165330e-003
 1.8185722e-003
 1.8182363e-003
 1.8154890e-003
 1.8102911e-003
 1.8026085e-003
 1.7924033e-003
 1.7796381e-003
 1.7642763e-003
 1.7462762e-003
 1.7256091e-003
 1.7022599e-003
 1.6764441e-003
 1.6484888e-003
 1.6187432e-003
 1.5875361e-003
 1.5552030e-003
 1.5220715e-003
 1.4884928e-003
 1.4547943e-003
 1.4213120e-003
 1.3883808e-003
 1.3563288e-003
 1.3255068e-003
 1.2962427e-003
 1.2688715e-003
 1.2437232e-003
 1.2211453e-003
 1.2014669e-003
 1.1850235e-003
 1.1721478e-003
 1.1631815e-003
 1.1584568e-003
 1.1582640e-003
 1.1625115e-003
 1.1709086e-003
 1.1831647e-003
 1.1989892e-003
 1.2180919e-003
 1.2401874e-003
 1.2649746e-003
 1.2921678e-003
 1.3214765e-003
 1.3526175e-003
 1.3852855e-003
 1.4191971e-003
 1.4540614e-003
 1.4895966e-003
 1.5254950e-003
 1.5614744e-003
 1.5972441e-003
 1.6325136e-003
 1.6670004e-003
 1.7003972e-003
 1.7324219e-003
 1.7627840e-003
 1.7911992e-003
 1.8173632e-003
 1.8409927e-003
 1.8618267e-003
 1.8798560e-003
 1.8951807e-003
 1.9079145e-003
 1.9181678e-003
 1.9260496e-003
 1.9316702e-003
 1.9351371e-003
 1.9365611e-003
 1.9360515e-003
 1.9337175e-003
 1.9296698e-003
 1.9240171e-003
 1.9168692e-003
 1.9083334e-003
 1.8985234e-003
 1.8875469e-003
 1.8755130e-003
 1.8625284e-003
 1.8487091e-003
 1.8341609e-003
 1.8189941e-003
 1.8033175e-003
 1.7872374e-003
 1.7708705e-003
 1.7543228e-003
 1.7377038e-003
 1.7211192e-003
 1.7046862e-003
 1.6885103e-003
 1.6726947e-003
 1.6572832e-003
 1.6423056e-003
 1.6277805e-003
