s07_ASD Record=9836:  error bars to preceding                
 1.6351587e-003
 1.6263891e-003
 1.6166350e-003
 1.6072474e-003
 1.5996692e-003
 1.5949841e-003
 1.5934804e-003
 1.5943124e-003
 1.5953283e-003
 1.5933168e-003
 1.5847757e-003
 1.5669451e-003
 1.5387196e-003
 1.5016143e-003
 1.4608582e-003
 1.4250234e-003
 1.4032987e-003
 1.4019260e-003
 1.4216979e-003
 1.4573532e-003
 1.4991104e-003
 1.5361130e-003
 1.5602226e-003
 1.5681578e-003
 1.5614982e-003
 1.5456512e-003
 1.5282177e-003
 1.5162604e-003
 1.5136616e-003
 1.5204013e-003
 1.5335239e-003
 1.5491125e-003
 1.5639325e-003
 1.5760564e-003
 1.5854229e-003
 1.5937977e-003
 1.6031783e-003
 1.6142084e-003
 1.6255415e-003
 1.6344019e-003
 1.6380333e-003
 1.6351176e-003
 1.6264096e-003
 1.6142655e-003
 1.6012663e-003
 1.5885930e-003
 1.5750476e-003
 1.5574227e-003
 1.5322340e-003
 1.4978658e-003
 1.4557532e-003
 1.4098871e-003
 1.3651930e-003
 1.3260549e-003
 1.2957829e-003
 1.2768663e-003
 1.2709574e-003
 1.2784074e-003
 1.2991314e-003
 1.3348245e-003
 1.3853089e-003
 1.4435882e-003
 1.5046539e-003
 1.5636298e-003
 1.6124534e-003
 1.6462302e-003
 1.6662711e-003
 1.6760839e-003
 1.6788255e-003
 1.6765803e-003
 1.6698446e-003
 1.6580509e-003
 1.6405944e-003
 1.6175904e-003
 1.5900991e-003
 1.5600402e-003
 1.5301044e-003
 1.5037558e-003
 1.4850328e-003
 1.4775834e-003
 1.4827735e-003
 1.4977152e-003
 1.5148696e-003
 1.5244627e-003
 1.5191257e-003
 1.4980996e-003
 1.4680258e-003
 1.4394301e-003
 1.4211962e-003
 1.4167823e-003
 1.4244603e-003
 1.4406010e-003
 1.4628250e-003
 1.4904852e-003
 1.5226483e-003
 1.5558790e-003
 1.5841533e-003
 1.6017449e-003
 1.6073491e-003
 1.6058780e-003
 1.6062334e-003
 1.6163093e-003
 1.6387217e-003
 1.6698465e-003
 1.7020879e-003
 1.7283089e-003
 1.7452969e-003
 1.7537889e-003
 1.7563624e-003
 1.7555000e-003
 1.7528790e-003
 1.7494531e-003
 1.7455984e-003
 1.7412530e-003
 1.7361770e-003
 1.7299517e-003
 1.7213202e-003
 1.7076654e-003
 1.6864162e-003
 1.6586919e-003
 1.6320641e-003
 1.6180797e-003
 1.6245702e-003
 1.6491105e-003
 1.6804099e-003
 1.7068584e-003
 1.7242060e-003
 1.7358050e-003
 1.7468632e-003
 1.7591772e-003
 1.7704275e-003
 1.7765186e-003
 1.7730271e-003
 1.7544247e-003
 1.7138500e-003
 1.6469685e-003
 1.5591932e-003
 1.4699794e-003
 1.4077546e-003
 1.3960438e-003
 1.4396748e-003
 1.5210897e-003
 1.6090515e-003
 1.6732006e-003
 1.6963443e-003
 1.6806539e-003
 1.6466017e-003
 1.6228720e-003
 1.6296406e-003
 1.6662970e-003
 1.7146366e-003
 1.7543462e-003
 1.7756291e-003
 1.7795847e-003
 1.7715695e-003
 1.7572863e-003
 1.7433983e-003
 1.7373596e-003
 1.7434902e-003
 1.7591134e-003
 1.7759379e-003
 1.7858087e-003
 1.7845739e-003
 1.7705681e-003
 1.7419254e-003
 1.6990497e-003
 1.6504125e-003
 1.6117262e-003
 1.5949844e-003
 1.5993259e-003
 1.6159995e-003
 1.6400622e-003
 1.6718080e-003
 1.7078434e-003
 1.7380480e-003
 1.7545741e-003
 1.7603158e-003
 1.7655286e-003
 1.7772630e-003
 1.7936826e-003
 1.8079345e-003
 1.8155562e-003
 1.8165987e-003
 1.8105548e-003
 1.7919623e-003
 1.7560069e-003
 1.7106710e-003
 1.6778895e-003
 1.6748962e-003
 1.6946783e-003
 1.7115771e-003
 1.7078533e-003
 1.6905632e-003
 1.6816710e-003
 1.6956639e-003
 1.7278317e-003
 1.7593710e-003
 1.7678974e-003
 1.7346527e-003
 1.6541058e-003
 1.5482986e-003
 1.4661305e-003
 1.4504563e-003
 1.4967298e-003
 1.5497082e-003
 1.5486534e-003
 1.4802929e-003
 1.3907937e-003
 1.3456633e-003
 1.3725766e-003
 1.4387321e-003
 1.4858233e-003
 1.4913409e-003
 1.4914721e-003
 1.5349077e-003
 1.6191783e-003
 1.6877869e-003
 1.6915801e-003
 1.6421931e-003
 1.6010774e-003
 1.6173689e-003
 1.6746335e-003
 1.6972237e-003
 1.6143413e-003
 1.4275933e-003
 1.2187927e-003
 1.0849605e-003
 1.0622452e-003
 1.1126075e-003
 1.1711532e-003
 1.1939624e-003
 1.1756215e-003
 1.1478192e-003
 1.1621804e-003
 1.2528857e-003
 1.4056758e-003
 1.5679410e-003
 1.6857397e-003
 1.7269477e-003
 1.6888398e-003
 1.6090444e-003
 1.5557616e-003
 1.5715827e-003
 1.6285826e-003
 1.6682209e-003
 1.6775922e-003
 1.6923423e-003
 1.7345614e-003
 1.7850582e-003
 1.8166993e-003
 1.8255261e-003
 1.8227956e-003
 1.8168180e-003
 1.8102039e-003
 1.8059739e-003
 1.8069539e-003
 1.8104720e-003
 1.8114721e-003
 1.8096506e-003
 1.8074402e-003
 1.8042552e-003
 1.7992777e-003
 1.7962863e-003
 1.7982017e-003
 1.8011391e-003
 1.8014299e-003
 1.8006436e-003
 1.7972403e-003
 1.7845924e-003
 1.7612251e-003
 1.7348224e-003
 1.7184883e-003
 1.7245070e-003
 1.7520442e-003
 1.7829977e-003
 1.7997568e-003
 1.8012667e-003
 1.7914743e-003
 1.7557867e-003
 1.6657221e-003
 1.5231472e-003
 1.3972841e-003
 1.3766979e-003
 1.4545588e-003
 1.5264900e-003
 1.5363040e-003
 1.5405447e-003
 1.6013096e-003
 1.6823080e-003
 1.6930107e-003
 1.6057121e-003
 1.5008360e-003
 1.4808374e-003
 1.5424032e-003
 1.5804248e-003
 1.5304079e-003
 1.4423182e-003
 1.3928850e-003
 1.3884845e-003
 1.3807457e-003
 1.3374325e-003
 1.2781993e-003
 1.2551739e-003
 1.3015190e-003
 1.3863330e-003
 1.4238930e-003
 1.3628869e-003
 1.2723785e-003
 1.2709553e-003
 1.3516934e-003
 1.3828240e-003
 1.3171174e-003
 1.2712766e-003
 1.3472477e-003
 1.4921927e-003
 1.5848512e-003
 1.5819286e-003
 1.5368242e-003
 1.5316462e-003
 1.6043186e-003
 1.7181385e-003
 1.8078713e-003
 1.8460375e-003
 1.8507417e-003
 1.8447180e-003
 1.8252298e-003
 1.7688987e-003
 1.6580804e-003
 1.5015685e-003
 1.3329228e-003
 1.1947334e-003
 1.1242308e-003
 1.1419883e-003
 1.2384058e-003
 1.3673214e-003
 1.4652676e-003
 1.4915761e-003
 1.4553516e-003
 1.4013521e-003
 1.3676301e-003
 1.3556078e-003
 1.3381662e-003
 1.2925171e-003
 1.2245347e-003
 1.1663900e-003
 1.1571663e-003
 1.2244333e-003
 1.3699345e-003
 1.5545752e-003
 1.6986505e-003
 1.7276058e-003
 1.6511225e-003
 1.5861203e-003
 1.6154541e-003
 1.6166217e-003
 1.4827388e-003
 1.3132333e-003
 1.2496527e-003
 1.2671163e-003
 1.2484571e-003
 1.1572157e-003
 1.0550232e-003
 1.0200866e-003
 1.0820816e-003
 1.2110486e-003
 1.3572446e-003
 1.4861437e-003
 1.5668521e-003
 1.5592917e-003
 1.4461681e-003
 1.2745863e-003
 1.1545968e-003
 1.1945169e-003
 1.3925940e-003
 1.6053458e-003
 1.6767547e-003
 1.5805567e-003
 1.4201173e-003
 1.3264196e-003
 1.3469665e-003
 1.4127260e-003
 1.4253927e-003
 1.3642681e-003
 1.3042908e-003
 1.3446404e-003
 1.5008283e-003
 1.6793885e-003
 1.7939446e-003
 1.8450742e-003
 1.8323186e-003
 1.7028328e-003
 1.4935172e-003
 1.3887666e-003
 1.4831502e-003
 1.6152523e-003
 1.5845230e-003
 1.4190179e-003
 1.2584899e-003
 1.1910461e-003
 1.1999147e-003
 1.1985105e-003
 1.1221451e-003
 9.9751167e-004
 9.4523834e-004
 1.0613744e-003
 1.3151339e-003
 1.5674602e-003
 1.6789923e-003
 1.6265201e-003
 1.5078529e-003
 1.4375037e-003
 1.4643251e-003
 1.5683199e-003
 1.7015864e-003
 1.8029574e-003
 1.8049435e-003
 1.6689082e-003
 1.4431750e-003
 1.2560392e-003
 1.2247774e-003
 1.3627529e-003
 1.5782552e-003
 1.7599129e-003
 1.8536469e-003
 1.8656125e-003
 1.8186283e-003
 1.7296852e-003
 1.6073771e-003
 1.4570764e-003
 1.3162196e-003
 1.1498283e-003
 1.0047021e-003
 9.0022129e-004
 8.5268769e-004
 8.7720650e-004
 9.8889938e-004
 1.1946167e-003
 1.4472570e-003
 1.6779460e-003
 1.8177582e-003
 1.8120382e-003
 1.7004973e-003
 1.5609657e-003
 1.4713757e-003
 1.4954051e-003
 1.6022450e-003
 1.7227810e-003
 1.7877894e-003
 1.7389132e-003
 1.5900602e-003
 1.3477614e-003
 1.1307716e-003
 9.5023104e-004
 8.2568481e-004
 7.5389125e-004
 7.3057105e-004
 7.5146824e-004
 8.1211445e-004
 9.0348243e-004
 1.0119687e-003
 1.1238203e-003
 1.2252344e-003
 1.3029689e-003
 1.3552393e-003
 1.3916340e-003
 1.4221992e-003
 1.4569988e-003
 1.5056734e-003
 1.5688598e-003
 1.6383237e-003
 1.7054892e-003
 1.7617501e-003
 1.7985244e-003
 1.8104962e-003
 1.8050493e-003
 1.7926504e-003
 1.7837697e-003
 1.7888733e-003
 1.8184270e-003
 1.8778389e-003
 1.9529992e-003
 2.0251379e-003
 2.0754531e-003
 2.0851688e-003
 2.0354982e-003
 1.9076620e-003
 1.6913665e-003
 1.4088751e-003
 1.0900730e-003
 7.6498347e-004
 4.6348138e-004
 2.1558648e-004
 5.1191571e-005
 2.8381100e-007
 8.2246683e-005
 2.7666477e-004
 5.5380829e-004
 8.8384026e-004
 1.2370630e-003
 1.5836215e-003
 1.8937887e-003
 2.1378202e-003
 2.2939034e-003
 2.3702101e-003
 2.3818200e-003
 2.3438369e-003
 2.2713679e-003
 2.1794962e-003
 2.0833418e-003
 1.9979829e-003
 1.9352564e-003
 1.8948686e-003
 1.8737613e-003
 1.8688614e-003
 1.8771037e-003
 1.8954185e-003
 1.9207428e-003
 1.9500030e-003
 1.9801382e-003
 2.0080735e-003
 2.0307484e-003
 2.0450896e-003
 2.0488766e-003
 2.0429445e-003
 2.0288215e-003
 2.0080397e-003
 1.9821241e-003
 1.9526101e-003
 1.9210236e-003
 1.8888904e-003
 1.8577473e-003
 1.8291164e-003
 1.8045334e-003
 1.7855226e-003
 1.7732023e-003
 1.7672033e-003
 1.7668307e-003
 1.7713879e-003
 1.7801771e-003
 1.7925041e-003
 1.8076694e-003
 1.8249803e-003
 1.8437358e-003
 1.8632420e-003
 1.8828047e-003
 1.9017854e-003
 1.9197767e-003
 1.9364100e-003
 1.9513257e-003
 1.9641563e-003
 1.9745408e-003
 1.9821131e-003
 1.9865115e-003
 1.9873704e-003
 1.9843266e-003
 1.9770495e-003
 1.9653207e-003
 1.9489432e-003
 1.9277281e-003
 1.9014752e-003
 1.8699976e-003
 1.8330931e-003
 1.7905772e-003
 1.7422450e-003
 1.6879148e-003
 1.6277750e-003
 1.5633957e-003
 1.4966058e-003
 1.4292657e-003
 1.3632039e-003
 1.3002804e-003
 1.2423316e-003
 1.1911958e-003
 1.1487295e-003
 1.1167674e-003
 1.0965641e-003
 1.0873494e-003
 1.0879355e-003
 1.0971332e-003
 1.1137504e-003
 1.1366014e-003
 1.1644913e-003
 1.1962368e-003
 1.2306408e-003
 1.2667350e-003
 1.3042751e-003
 1.3431547e-003
 1.3832852e-003
 1.4245589e-003
 1.4668881e-003
 1.5101648e-003
 1.5543014e-003
 1.5987806e-003
 1.6417594e-003
 1.6810971e-003
 1.7146720e-003
 1.7403457e-003
 1.7559933e-003
 1.7594809e-003
 1.7486807e-003
 1.7230981e-003
 1.6875913e-003
 1.6480924e-003
 1.6105506e-003
 1.5808970e-003
 1.5650787e-003
 1.5690324e-003
 1.5986951e-003
 1.6563634e-003
 1.7325410e-003
 1.8153945e-003
 1.8857594e-003
 1.9407449e-003
 1.9655451e-003
 1.9528588e-003
 1.9030945e-003
 1.8235090e-003
 1.7260108e-003
 1.6247103e-003
 1.5340071e-003
 1.4660009e-003
 1.4264486e-003
 1.4122470e-003
 1.4139104e-003
 1.4194907e-003
 1.4173684e-003
 1.3989005e-003
 1.3611491e-003
 1.3077514e-003
 1.2472618e-003
 1.1904469e-003
 1.1478034e-003
 1.1269726e-003
 1.1302963e-003
 1.1539358e-003
 1.1892753e-003
 1.2254667e-003
 1.2520232e-003
 1.2613973e-003
 1.2511591e-003
 1.2246802e-003
 1.1898959e-003
 1.1569654e-003
 1.1356849e-003
 1.1329675e-003
 1.1508738e-003
 1.1860229e-003
 1.2306743e-003
 1.2749333e-003
 1.3093533e-003
 1.3275202e-003
 1.2907721e-003
 1.3031558e-003
 1.3160118e-003
 1.3302752e-003
 1.3466445e-003
 1.3652582e-003
 1.3855190e-003
 1.4060902e-003
 1.4250475e-003
 1.4402774e-003
 1.4499794e-003
 1.4531972e-003
 1.4501883e-003
 1.4424676e-003
 1.4324291e-003
 1.4227579e-003
 1.4158229e-003
 1.4131821e-003
 1.4153341e-003
 1.4217242e-003
 1.4310053e-003
 1.4414096e-003
 1.4511528e-003
 1.4587655e-003
 1.4633096e-003
 1.4645095e-003
 1.4628111e-003
 1.4593013e-003
 1.4554808e-003
 1.4529171e-003
 1.4528593e-003
 1.4559635e-003
 1.4621698e-003
 1.4707393e-003
 1.4804354e-003
 1.4898004e-003
 1.4974603e-003
 1.5024169e-003
 1.5042273e-003
 1.5030467e-003
 1.4995087e-003
 1.4944845e-003
 1.4887901e-003
 1.4829241e-003
 1.4769187e-003
 1.4703319e-003
 1.4624000e-003
 1.4522922e-003
 1.4393943e-003
 1.4235589e-003
 1.4052186e-003
 1.3853776e-003
 1.3654470e-003
 1.3469808e-003
 1.3314032e-003
 1.3197347e-003
 1.3124353e-003
 1.3093365e-003
 1.3097016e-003
 1.3123776e-003
 1.3160071e-003
 1.3192520e-003
 1.3209969e-003
 1.3204938e-003
 1.3174291e-003
 1.3119153e-003
 1.3044092e-003
 1.2955936e-003
 1.2862318e-003
 1.2770498e-003
 1.2686461e-003
 1.2614541e-003
 1.2557649e-003
 1.2517789e-003
 1.2496877e-003
 1.2497402e-003
 1.2522781e-003
 1.2577166e-003
 1.2664677e-003
 1.2788081e-003
 1.2947267e-003
 1.3138022e-003
 1.3351219e-003
 1.3573355e-003
 1.3787880e-003
 1.3977767e-003
 1.4128500e-003
 1.4230630e-003
 1.4281515e-003
 1.4285449e-003
 1.4252103e-003
 1.4193740e-003
 1.4121974e-003
 1.4045018e-003
 1.3966257e-003
 1.3884713e-003
 1.3797018e-003
 1.3700437e-003
 1.3595745e-003
 1.3488913e-003
 1.3391128e-003
 1.3316646e-003
 1.3279368e-003
 1.3288701e-003
 1.3346105e-003
 1.3443145e-003
 1.3561768e-003
 1.3676659e-003
 1.3759467e-003
 1.3783897e-003
 1.3730635e-003
 1.3591233e-003
 1.3370164e-003
 1.3084672e-003
 1.2762236e-003
 1.2436627e-003
 1.2142664e-003
 1.1910890e-003
 1.1763478e-003
 1.1711315e-003
 1.1753477e-003
 1.1878418e-003
 1.2066910e-003
 1.2295592e-003
 1.2540831e-003
 1.2781590e-003
 1.3001455e-003
 1.3189454e-003
 1.3339561e-003
 1.3449867e-003
 1.3521150e-003
 1.3555733e-003
 1.3556583e-003
 1.3526810e-003
 1.3469587e-003
 1.3388377e-003
 1.3287294e-003
 1.3171439e-003
 1.3047245e-003
 1.2922530e-003
 1.2806242e-003
 1.2708011e-003
 1.2637161e-003
 1.2601601e-003
 1.2606403e-003
 1.2652520e-003
 1.2735797e-003
 1.2846687e-003
 1.2970736e-003
 1.3090097e-003
 1.3185858e-003
 1.3240661e-003
 1.3241387e-003
 1.3181058e-003
 1.3059757e-003
 1.2884177e-003
 1.2666272e-003
 1.2420969e-003
 1.2164104e-003
 1.1910570e-003
 1.1673163e-003
 1.1462487e-003
 1.1286909e-003
 1.1152980e-003
 1.1065272e-003
 1.1025871e-003
 1.1033706e-003
 1.1083927e-003
 1.1168111e-003
 1.1275415e-003
 1.1394903e-003
 1.1518266e-003
 1.1642375e-003
 1.1770626e-003
 1.1912215e-003
 1.2079621e-003
 1.2284344e-003
 1.2532457e-003
 1.2821254e-003
 1.3137766e-003
 1.3460527e-003
 1.3763240e-003
 1.4020159e-003
 1.4211235e-003
 1.4325299e-003
 1.4360998e-003
 1.4324775e-003
 1.4227176e-003
 1.4078512e-003
 1.3885639e-003
 1.3650695e-003
 1.3372061e-003
 1.3047456e-003
 1.2677250e-003
 1.2267707e-003
 1.1832231e-003
 1.1390434e-003
 1.0965903e-003
 1.0582132e-003
 1.0259214e-003
 1.0010917e-003
 9.8433648e-004
 9.7555143e-004
 9.7404339e-004
 9.7873912e-004
 9.8836864e-004
 1.0016119e-003
 1.0171643e-003
 1.0337741e-003
 1.0502358e-003
 1.0654140e-003
 1.0782994e-003
 1.0880820e-003
 1.0942606e-003
 1.0967334e-003
 1.0958412e-003
 1.0923492e-003
 1.0873500e-003
 1.0820962e-003
 1.0777882e-003
 1.0753619e-003
 1.0753106e-003
 1.0775946e-003
 1.0816539e-003
 1.0865408e-003
 1.0911351e-003
 1.0944086e-003
 1.0956584e-003
 1.0946606e-003
 1.0916917e-003
 1.0874127e-003
 1.0826457e-003
 1.0781132e-003
 1.0742121e-003
 1.0708966e-003
 1.0677110e-003
 1.0639549e-003
 1.0589404e-003
 1.0522554e-003
 1.0439522e-003
 1.0346171e-003
 1.0252878e-003
 1.0172542e-003
 1.0118122e-003
 1.0100194e-003
 1.0125355e-003
 1.0195589e-003
 1.0308719e-003
 1.0459443e-003
 1.0640752e-003
 1.0844913e-003
 1.1064146e-003
 1.1290819e-003
 1.1517027e-003
 1.1734507e-003
 1.1934366e-003
 1.2107488e-003
 1.2245349e-003
 1.2340936e-003
 1.2389990e-003
 1.2391834e-003
 1.2349871e-003
 1.2271361e-003
 1.2166617e-003
 1.2047596e-003
 1.1926101e-003
 1.1812085e-003
 1.1712036e-003
 1.1628133e-003
 1.1558036e-003
 1.1495517e-003
 1.1431873e-003
 1.1357667e-003
 1.1264709e-003
 1.1147723e-003
 1.1005470e-003
 1.0841336e-003
 1.0662950e-003
 1.0481455e-003
 1.0310124e-003
 1.0162726e-003
 1.0052033e-003
 9.9881762e-004
 9.9774753e-004
 1.0021435e-003
 1.0116267e-003
 1.0252825e-003
 1.0417216e-003
 1.0591815e-003
 1.0756995e-003
 1.0893309e-003
 1.0983757e-003
 1.1016190e-003
 1.0985252e-003
 1.0893558e-003
 1.0751819e-003
 1.0577826e-003
 1.0394132e-003
 1.0224665e-003
 1.0091020e-003
 1.0008551e-003
 9.9835813e-004
 1.0011968e-003
 1.0079807e-003
 1.0166151e-003
 1.0247467e-003
 1.0302699e-003
 1.0317946e-003
 1.0289400e-003
 1.0223775e-003
 1.0136041e-003
 1.0045152e-003
 9.9689129e-004
 9.9195202e-004
 9.9012139e-004
 9.9104806e-004
 9.9387730e-004
 9.9766126e-004
 1.0017641e-003
 1.0061119e-003
 1.0112050e-003
 1.0178927e-003
 1.0269841e-003
 1.0388569e-003
 1.0531845e-003
 1.0689030e-003
 1.0844350e-003
 1.0980811e-003
 1.1084970e-003
 1.1150654e-003
 1.1180944e-003
 1.1187713e-003
 1.1189075e-003
 1.1205660e-003
 1.1256753e-003
 1.1357244e-003
 1.1515995e-003
 1.1735419e-003
 1.2012032e-003
 1.2337486e-003
 1.2699112e-003
 1.3080781e-003
 1.3463135e-003
 1.3824649e-003
 1.4143445e-003
 1.4399600e-003
 1.4578594e-003
 1.4674133e-003
 1.4690342e-003
 1.4642033e-003
 1.4552883e-003
 1.4451658e-003
 1.4367371e-003
 1.4324237e-003
 1.4337739e-003
 1.4412570e-003
 1.4542728e-003
 1.4713430e-003
 1.4904246e-003
 1.5092617e-003
 1.5256668e-003
 1.5377486e-003
 1.5440151e-003
 1.5434372e-003
 1.5354735e-003
 1.5201013e-003
 1.4978594e-003
 1.4698631e-003
 1.4378011e-003
 1.4038024e-003
 1.3702537e-003
 1.3394968e-003
 1.3134918e-003
 1.2935502e-003
 1.2801217e-003
 1.2727769e-003
 1.2703250e-003
 1.2710850e-003
 1.2732358e-003
 1.2751715e-003
 1.2757900e-003
 1.2746643e-003
 1.2720668e-003
 1.2688563e-003
 1.2662536e-003
 1.2655621e-003
 1.2678797e-003
 1.2738622e-003
 1.2835733e-003
 1.2964471e-003
 1.3113751e-003
 1.3268760e-003
 1.3413565e-003
 1.3533705e-003
 1.3618710e-003
 1.3663919e-003
 1.3671204e-003
 1.3648679e-003
 1.3609239e-003
 1.3568290e-003
 1.3540988e-003
 1.3539608e-003
 1.3571446e-003
 1.3637767e-003
 1.3734002e-003
 1.3851241e-003
 1.3978523e-003
 1.4105709e-003
 1.4225893e-003
 1.4337117e-003
 1.4442815e-003
 1.4550758e-003
 1.4671020e-003
 1.4813042e-003
 1.4982715e-003
 1.5180021e-003
 1.5397520e-003
 1.5620341e-003
 1.5827627e-003
 1.5994941e-003
 1.6097915e-003
 1.6115906e-003
 1.6035681e-003
 1.5854122e-003
 1.5579790e-003
 1.5232618e-003
 1.4842226e-003
 1.4444388e-003
 1.4076217e-003
 1.3771303e-003
 1.3554463e-003
 1.3438220e-003
 1.3420731e-003
 1.3486299e-003
 1.3608261e-003
 1.3753904e-003
 1.3890320e-003
 1.3990179e-003
 1.4036077e-003
 1.4022377e-003
 1.3954479e-003
 1.3845603e-003
 1.3712324e-003
 1.3569905e-003
 1.3429049e-003
 1.3294532e-003
 1.3166027e-003
 1.3040716e-003
 1.2916288e-003
 1.2793656e-003
 1.2678151e-003
 1.2579014e-003
 1.2507568e-003
 1.2474463e-003
 1.2487228e-003
 1.2548584e-003
 1.2656125e-003
 1.2803077e-003
 1.2979967e-003
 1.3176235e-003
 1.3381586e-003
 1.3586682e-003
 1.3782920e-003
 1.3962021e-003
 1.4115608e-003
 1.4234936e-003
 1.4311484e-003
 1.4337810e-003
 1.4308888e-003
 1.4223278e-003
 1.4084001e-003
 1.3898676e-003
 1.3679174e-003
 1.3440548e-003
 1.3199509e-003
 1.2973060e-003
 1.2776775e-003
 1.2623727e-003
 1.2523448e-003
 1.2481348e-003
 1.2498611e-003
 1.2572375e-003
 1.2696346e-003
 1.2861758e-003
 1.3058735e-003
 1.3277591e-003
 1.3510424e-003
 1.3752088e-003
 1.4000920e-003
 1.4258804e-003
 1.4530235e-003
 1.4820998e-003
 1.5136434e-003
 1.5479246e-003
 1.5848118e-003
 1.6236336e-003
 1.6631630e-003
 1.7016991e-003
 1.7371912e-003
 1.7675011e-003
 1.7906423e-003
 1.8050707e-003
 1.8099253e-003
 1.8051902e-003
 1.7917707e-003
 1.7714566e-003
 1.7467713e-003
 1.7207048e-003
 1.6964074e-003
 1.6768004e-003
 1.6642439e-003
 1.6602329e-003
 1.6652060e-003
 1.6784769e-003
 1.6982907e-003
 1.7219913e-003
 1.7462770e-003
 1.7675869e-003
 1.7824952e-003
 1.7881854e-003
 1.7827582e-003
 1.7653491e-003
 1.7361316e-003
 1.6962285e-003
 1.6475273e-003
 1.5926401e-003
 1.5348406e-003
 1.4777964e-003
 1.4253327e-003
 1.3810408e-003
 1.3478755e-003
 1.3278344e-003
 1.3216236e-003
 1.3284790e-003
 1.3461085e-003
 1.3709721e-003
 1.3988246e-003
 1.4253190e-003
 1.4465469e-003
 1.4595073e-003
 1.4623703e-003
 1.4545617e-003
 1.4367866e-003
 1.4108527e-003
 1.3793870e-003
 1.3454335e-003
 1.3120796e-003
 1.2820854e-003
 1.2575961e-003
 1.2399915e-003
 1.2297957e-003
 1.2267178e-003
 1.2297303e-003
 1.2372416e-003
 1.2473154e-003
 1.2578699e-003
 1.2668408e-003
 1.2723339e-003
 1.2727209e-003
 1.2666972e-003
 1.2533955e-003
 1.2324847e-003
 1.2042440e-003
 1.1695889e-003
 1.1300909e-003
 1.0878992e-003
 1.0455770e-003
 1.0059342e-003
 9.7173295e-004
 9.4543718e-004
 9.2891383e-004
 9.2317321e-004
 9.2830841e-004
 9.4354717e-004
 9.6738111e-004
 9.9774729e-004
 1.0322508e-003
 1.0683470e-003
 1.1035567e-003
 1.1356008e-003
 1.1626020e-003
 1.1832761e-003
 1.1970703e-003
 1.2042911e-003
 1.2061184e-003
 1.2045271e-003
 1.2020560e-003
 1.2014622e-003
 1.2052900e-003
 1.2154182e-003
 1.2326568e-003
 1.2564935e-003
 1.2850246e-003
 1.3151361e-003
 1.3429322e-003
 1.3643102e-003
 1.3756725e-003
 1.3745644e-003
 1.3601858e-003
 1.3336197e-003
 1.2977665e-003
 1.2569223e-003
 1.2161571e-003
 1.1805124e-003
 1.1542009e-003
 1.1399899e-003
 1.1387905e-003
 1.1496037e-003
 1.1697626e-003
 1.1954602e-003
 1.2224066e-003
 1.2465563e-003
 1.2646979e-003
 1.2748877e-003
 1.2766249e-003
 1.2707679e-003
 1.2592559e-003
 1.2446797e-003
 1.2298221e-003
 1.2172129e-003
 1.2088075e-003
 1.2057831e-003
 1.2084836e-003
 1.2164875e-003
 1.2287617e-003
 1.2438530e-003
 1.2600925e-003
 1.2757862e-003
 1.2893503e-003
 1.2994353e-003
 1.3049892e-003
 1.3053147e-003
 1.3000964e-003
 1.2894199e-003
 1.2737747e-003
 1.2540601e-003
 1.2315753e-003
 1.2079857e-003
 1.1852991e-003
 1.1657890e-003
 1.1518802e-003
 1.1460044e-003
 1.1503742e-003
 1.1667294e-003
 1.1960409e-003
 1.2382523e-003
 1.2920430e-003
 1.3547873e-003
 1.4226028e-003
 1.4906474e-003
 1.5536415e-003
 1.6064805e-003
 1.6450345e-003
 1.6667965e-003
 1.6714222e-003
 1.6609324e-003
 1.6394089e-003
 1.6123502e-003
 1.5858598e-003
 1.5657466e-003
 1.5567101e-003
 1.5617599e-003
 1.5819231e-003
 1.6160683e-003
 1.6609894e-003
 1.7118533e-003
 1.7628609e-003
 1.8081318e-003
 1.8426324e-003
 1.8629447e-003
 1.8678001e-003
 1.8581829e-003
 1.8370859e-003
 1.8089114e-003
 1.7787114e-003
 1.7513453e-003
 1.7307847e-003
 1.7196173e-003
 1.7189361e-003
 1.7284985e-003
 1.7470419e-003
 1.7726641e-003
 1.8031938e-003
 1.8365104e-003
 1.8707293e-003
 1.9043400e-003
 1.9362175e-003
 1.9656196e-003
 1.9921351e-003
 2.0155755e-003
 2.0358947e-003
 2.0531099e-003
 2.0672234e-003
 2.0781963e-003
 2.0859162e-003
 2.0902019e-003
 2.0908164e-003
 2.0874825e-003
 2.0799073e-003
 2.0678057e-003
 2.0509262e-003
 2.0290681e-003
 2.0021293e-003
 1.9701272e-003
 1.9332661e-003
 1.8919875e-003
 1.8470057e-003
 1.7993849e-003
 1.7505127e-003
 1.7021146e-003
 1.6561659e-003
 1.6147553e-003
 1.5799580e-003
 1.5536328e-003
 1.5372304e-003
 1.5316576e-003
 1.5371565e-003
 1.5532798e-003
 1.5789277e-003
 1.6124803e-003
 1.6519442e-003
 1.6951844e-003
 1.7400915e-003
 1.7847677e-003
 1.8276698e-003
 1.8676408e-003
 1.9039611e-003
 1.9362762e-003
 1.9645405e-003
 1.9889346e-003
 2.0097531e-003
 2.0273507e-003
 2.0420647e-003
 2.0541907e-003
 2.0639738e-003
 2.0716058e-003
 2.0772568e-003
 2.0810941e-003
 2.0833160e-003
 2.0841726e-003
 2.0839742e-003
 2.0830845e-003
 2.0818929e-003
 2.0807656e-003
 2.0799795e-003
 2.0796470e-003
 2.0796410e-003
 2.0795388e-003
 2.0786000e-003
 2.0757911e-003
 2.0698705e-003
 2.0595333e-003
 2.0435979e-003
 2.0212391e-003
 1.9921891e-003
 1.9569348e-003
 1.9168112e-003
 1.8739768e-003
 1.8313128e-003
 1.7921262e-003
 1.7598260e-003
 1.7374867e-003
 1.7274286e-003
 1.7308816e-003
 1.7477402e-003
 1.7765191e-003
 1.8144725e-003
 1.8579232e-003
 1.9026659e-003
 1.9444792e-003
 1.9796346e-003
 2.0052837e-003
 2.0197674e-003
 2.0227151e-003
 2.0150319e-003
 1.9986853e-003
 1.9763701e-003
 1.9510688e-003
 1.9256258e-003
 1.9023515e-003
 1.8827189e-003
 1.8672529e-003
 1.8555885e-003
 1.8466729e-003
 1.8389992e-003
 1.8308567e-003
 1.8205596e-003
 1.8066140e-003
 1.7878143e-003
 1.7632924e-003
 1.7325834e-003
 1.6956701e-003
 1.6529504e-003
 1.6051534e-003
 1.5532743e-003
 1.4984129e-003
 1.4417029e-003
 1.3841969e-003
 1.3267839e-003
 1.2702221e-003
 1.2125151e-003
 1.1588843e-003
 1.1076595e-003
 1.0591949e-003
 1.0138423e-003
 9.7188563e-004
 9.3356596e-004
 8.9907559e-004
 8.6856086e-004
 8.4216404e-004
 8.2000339e-004
 8.0220081e-004
 7.8887027e-004
 7.8011281e-004
 7.7602349e-004
 7.7669253e-004
 7.8220916e-004
 7.9264992e-004
 8.0808607e-004
 8.2857895e-004
 8.5418002e-004
 8.8493479e-004
 9.2083873e-004
 9.6182991e-004
 1.0077102e-003
 1.0581064e-003
 1.1124718e-003
 1.1700641e-003
 1.2300435e-003
 1.2914758e-003
 1.3533921e-003
 1.4148363e-003
 1.4748307e-003
 1.5324506e-003
 1.5867885e-003
 1.6369907e-003
 1.6822781e-003
 1.7219053e-003
 1.7551689e-003
 1.7814032e-003
 1.7999539e-003
 1.8102241e-003
 1.8117187e-003
 1.8041646e-003
 1.7876478e-003
 1.7627517e-003
 1.7305946e-003
 1.6927951e-003
 1.6513360e-003
 1.6083969e-003
 1.5662612e-003
 1.5271658e-003
 1.4932042e-003
 1.4661186e-003
 1.4470582e-003
 1.4363897e-003
 1.4335962e-003
 1.4373728e-003
 1.4458279e-003
 1.4567290e-003
 1.4676923e-003
 1.4763501e-003
 1.4805079e-003
 1.4783760e-003
 1.4688405e-003
 1.4517079e-003
 1.4278055e-003
 1.3988714e-003
 1.3673323e-003
 1.3360006e-003
 1.3078676e-003
 1.2859022e-003
 1.2728396e-003
 1.2709158e-003
 1.2815119e-003
 1.3048529e-003
 1.3398778e-003
 1.3843816e-003
 1.4352887e-003
 1.4890425e-003
 1.5418535e-003
 1.5899459e-003
 1.6298140e-003
 1.6585058e-003
 1.6740506e-003
 1.6757798e-003
 1.6644832e-003
 1.6422581e-003
 1.6121707e-003
 1.5778635e-003
 1.5432134e-003
 1.5121093e-003
 1.4881659e-003
 1.4744153e-003
 1.4728832e-003
 1.4842353e-003
 1.5076294e-003
 1.5408716e-003
 1.5807583e-003
 1.6234891e-003
 1.6650215e-003
 1.7012939e-003
 1.7285212e-003
 1.7434994e-003
 1.7440330e-003
 1.7292887e-003
 1.6999451e-003
 1.6580329e-003
 1.6065969e-003
 1.5492822e-003
 1.4899783e-003
 1.4326216e-003
 1.3809147e-003
 1.3380905e-003
 1.3065470e-003
 1.2875425e-003
 1.2810983e-003
 1.2861011e-003
 1.3006085e-003
 1.3221793e-003
 1.3481578e-003
 1.3758529e-003
 1.4027194e-003
 1.4265768e-003
 1.4458346e-003
 1.4597308e-003
 1.4684020e-003
 1.4728055e-003
 1.4745028e-003
 1.4754110e-003
 1.4776044e-003
 1.4831611e-003
 1.4940120e-003
 1.5117541e-003
 1.5374074e-003
 1.5712273e-003
 1.6126035e-003
 1.6601470e-003
 1.7119159e-003
 1.7656132e-003
 1.8187934e-003
 1.8690280e-003
 1.9140051e-003
 1.9517621e-003
 1.9808705e-003
 2.0006553e-003
 2.0112765e-003
 2.0136363e-003
 2.0091902e-003
 1.9997216e-003
 1.9871632e-003
 1.9734574e-003
 1.9604473e-003
 1.9497189e-003
 1.9424368e-003
 1.9391847e-003
 1.9399044e-003
 1.9439589e-003
 1.9502863e-003
 1.9575697e-003
 1.9643810e-003
 1.9692904e-003
 1.9709668e-003
 1.9683137e-003
 1.9606284e-003
 1.9477475e-003
 1.9300957e-003
 1.9086389e-003
 1.8847389e-003
 1.8599826e-003
 1.8360650e-003
 1.8146583e-003
 1.7973116e-003
 1.7852772e-003
 1.7793068e-003
 1.7794822e-003
 1.7851382e-003
 1.7949351e-003
 1.8070362e-003
 1.8193168e-003
 1.8295246e-003
 1.8354313e-003
 1.8349778e-003
 1.8264961e-003
 1.8089672e-003
 1.7822637e-003
 1.7472276e-003
 1.7055952e-003
 1.6597570e-003
 1.6124722e-003
 1.5666801e-003
 1.5253052e-003
 1.4910535e-003
 1.4661911e-003
 1.4521995e-003
 1.4495233e-003
 1.4574426e-003
 1.4741950e-003
 1.4972416e-003
 1.5235962e-003
 1.5500651e-003
 1.5734746e-003
 1.5908425e-003
 1.5996884e-003
 1.5983396e-003
 1.5862331e-003
 1.5640330e-003
 1.5335095e-003
 1.4972392e-003
 1.4583095e-003
 1.4199923e-003
 1.3855627e-003
 1.3581170e-003
 1.3402539e-003
 1.3337861e-003
 1.3394498e-003
 1.3567795e-003
 1.3842328e-003
 1.4194814e-003
 1.4596970e-003
 1.5018644e-003
 1.5429475e-003
 1.5800308e-003
 1.6105875e-003
 1.6326926e-003
 1.6452329e-003
 1.6480269e-003
 1.6417111e-003
 1.6275370e-003
 1.6071179e-003
 1.5822418e-003
 1.5547437e-003
 1.5264568e-003
 1.4991077e-003
 1.4742709e-003
 1.4533291e-003
 1.4374141e-003
 1.4274531e-003
 1.4242242e-003
 1.4283988e-003
 1.4405859e-003
 1.4613206e-003
 1.4909629e-003
 1.5295735e-003
 1.5767023e-003
 1.6311615e-003
 1.6910181e-003
 1.7536412e-003
 1.8158391e-003
 1.8741648e-003
 1.9250571e-003
 1.9649898e-003
 1.9907847e-003
 1.9999179e-003
 1.9909770e-003
 1.9640722e-003
 1.9209862e-003
 1.8650005e-003
 1.8005528e-003
 1.7327013e-003
 1.6667806e-003
 1.6081508e-003
 1.5617823e-003
 1.5318913e-003
 1.5213965e-003
 1.5314595e-003
 1.5612809e-003
 1.6083174e-003
 1.6686913e-003
 1.7377867e-003
 1.8106513e-003
 1.8822484e-003
 1.9478515e-003
 2.0033298e-003
 2.0455986e-003
 2.0729543e-003
 2.0852871e-003
 2.0838825e-003
 2.0710691e-003
 2.0497947e-003
 2.0232834e-003
 1.9948285e-003
 1.9675603e-003
 1.9442472e-003
 1.9270538e-003
 1.9172849e-003
 1.9153184e-003
 1.9206912e-003
 1.9323145e-003
 1.9487311e-003
 1.9683160e-003
 1.9893912e-003
 2.0103543e-003
 2.0297740e-003
 2.0464966e-003
 2.0597803e-003
 2.0693189e-003
 2.0752044e-003
 2.0778181e-003
 2.0777220e-003
 2.0755574e-003
 2.0719918e-003
 2.0676723e-003
 2.0631899e-003
 2.0590401e-003
 2.0555824e-003
 2.0530280e-003
 2.0514571e-003
 2.0508489e-003
 2.0511239e-003
 2.0521739e-003
 2.0538787e-003
 2.0561151e-003
 2.0587596e-003
 2.0616881e-003
 2.0647801e-003
 2.0679168e-003
 2.0709785e-003
 2.0738493e-003
 2.0764126e-003
 2.0785530e-003
 2.0801530e-003
 2.0810957e-003
 2.0812612e-003
 2.0805253e-003
 2.0787590e-003
 2.0758258e-003
 2.0715864e-003
 2.0658958e-003
 2.0586054e-003
 2.0495721e-003
 2.0386525e-003
 2.0257169e-003
 2.0106563e-003
 1.9934138e-003
 1.9739773e-003
 1.9523950e-003
 1.9287860e-003
 1.9032957e-003
 1.8760929e-003
 1.8473808e-003
 1.8173561e-003
 1.7862424e-003
 1.7542951e-003
 1.7218578e-003
 1.6893399e-003
 1.6572481e-003
 1.6262003e-003
 1.5968558e-003
 1.5699129e-003
 1.5461008e-003
 1.5261148e-003
 1.5105995e-003
 1.5000979e-003
 1.4949521e-003
 1.4952522e-003
 1.5008068e-003
 1.5111634e-003
 1.5256846e-003
 1.5436241e-003
 1.5641722e-003
 1.5865248e-003
 1.6099114e-003
 1.6336231e-003
 1.6571009e-003
 1.6799601e-003
 1.7020217e-003
 1.7232713e-003
 1.7438437e-003
 1.7639522e-003
 1.7838323e-003
 1.8037405e-003
 1.8239158e-003
 1.8445374e-003
 1.8657225e-003
 1.8874838e-003
 1.9097024e-003
 1.9321711e-003
 1.9545997e-003
 1.9766581e-003
 1.9979805e-003
 2.0182165e-003
 2.0370339e-003
 2.0541311e-003
 2.0692954e-003
 2.0824131e-003
 2.0934734e-003
 2.1025774e-003
 2.1098962e-003
 2.1156475e-003
 2.1200660e-003
 2.1233952e-003
 2.1258704e-003
 2.1277070e-003
 2.1290877e-003
 2.1301506e-003
 2.1309825e-003
 2.1316260e-003
 2.1320903e-003
 2.1323643e-003
 2.1324279e-003
 2.1322579e-003
 2.1318339e-003
 2.1311422e-003
 2.1301804e-003
 2.1289627e-003
 2.1275212e-003
 2.1259037e-003
 2.1241698e-003
 2.1223871e-003
 2.1206252e-003
 2.1189537e-003
 2.1174399e-003
 2.1161442e-003
 2.1151155e-003
 2.1143868e-003
 2.1139744e-003
 2.1138792e-003
 2.1140899e-003
 2.1145886e-003
 2.1153544e-003
 2.1163640e-003
 2.1175940e-003
 2.1190180e-003
 2.1206087e-003
 2.1223356e-003
 2.1241633e-003
 2.1260553e-003
 2.1279720e-003
 2.1298716e-003
 2.1317138e-003
 2.1334584e-003
 2.1350675e-003
 2.1365108e-003
 2.1377676e-003
 2.1388324e-003
 2.1397141e-003
 2.1404370e-003
 2.1410354e-003
 2.1415500e-003
 2.1420240e-003
 2.1425006e-003
 2.1430203e-003
 2.1436177e-003
 2.1443157e-003
 2.1451244e-003
 2.1460357e-003
 2.1470287e-003
 2.1480718e-003
 2.1491256e-003
 2.1501496e-003
 2.1511028e-003
 2.1519475e-003
 2.1526527e-003
 2.1532006e-003
 2.1535882e-003
 2.1538315e-003
 2.1539631e-003
 2.1540271e-003
 2.1540751e-003
 2.1541631e-003
 2.1543498e-003
 2.1546991e-003
 2.1552832e-003
 2.1561889e-003
 2.1575219e-003
 2.1594097e-003
 2.1619990e-003
 2.1654523e-003
 2.1699399e-003
 2.1756452e-003
 2.1827756e-003
 2.1915864e-003
 2.2024438e-003
 2.2158928e-003
 2.2327092e-003
 2.2539422e-003
 2.2808854e-003
 2.3149876e-003
 2.3578133e-003
 2.4109439e-003
 2.4759024e-003
 2.5539349e-003
 2.6458495e-003
 2.7516666e-003
 2.8702405e-003
 2.9992955e-003
 3.1354767e-003
 3.2745304e-003
 3.4118281e-003
 3.5425124e-003
 3.6617753e-003
 3.7649916e-003
 3.8482235e-003
 3.9085215e-003
 3.9442643e-003
 3.9553894e-003
 3.9431802e-003
 3.9099404e-003
 3.8585700e-003
 3.7922363e-003
 3.7142315e-003
 3.6277296e-003
 3.5357059e-003
 3.4407438e-003
 3.3449910e-003
 3.2499689e-003
 3.1566944e-003
 3.0658797e-003
 2.9779458e-003
 2.8932048e-003
 2.8119804e-003
 2.7345098e-003
 2.6610261e-003
 2.5917075e-003
 2.5267312e-003
 2.4661690e-003
 2.4100475e-003
 2.3583954e-003
 2.3111785e-003
 2.2683546e-003
 2.2299045e-003
 2.1957674e-003
 2.1658759e-003
 2.1401290e-003
 2.1184050e-003
 2.1005208e-003
 2.0862592e-003
 2.0753841e-003
 2.0676311e-003
 2.0627300e-003
 2.0604078e-003
 2.0603798e-003
 2.0623514e-003
 2.0660041e-003
 2.0709920e-003
 2.0769369e-003
 2.0834340e-003
 2.0900527e-003
 2.0963564e-003
 2.1019068e-003
 2.1062759e-003
 2.1090768e-003
 2.1100002e-003
 2.1088657e-003
 2.1056691e-003
 2.1006004e-003
 2.0940239e-003
 2.0864413e-003
 2.0784293e-003
 2.0705985e-003
 2.0635650e-003
 2.0579007e-003
 2.0540878e-003
 2.0524578e-003
 2.0531262e-003
 2.0559744e-003
 2.0606748e-003
 2.0667585e-003
 2.0736738e-003
 2.0808398e-003
 2.0876767e-003
 2.0936497e-003
 2.0983070e-003
 2.1013240e-003
 2.1025527e-003
 2.1020346e-003
 2.0999929e-003
 2.0967897e-003
 2.0928739e-003
 2.0887351e-003
 2.0848738e-003
 2.0817793e-003
 2.0799243e-003
 2.0797611e-003
 2.0815758e-003
 2.0848324e-003
 2.0902231e-003
 2.0956500e-003
 2.1001052e-003
 2.1025809e-003
 2.1020672e-003
 2.0975557e-003
 2.0880376e-003
 2.0725043e-003
 2.0499472e-003
 2.0194883e-003
 1.9815678e-003
 1.9373136e-003
 1.8878659e-003
 1.8343524e-003
 1.7779390e-003
 1.7197543e-003
 1.6609385e-003
 1.6026188e-003
 1.5459638e-003
 1.4921000e-003
 1.4421677e-003
 1.3972976e-003
 1.3586521e-003
 1.3272493e-003
 1.3031017e-003
 1.2856767e-003
 1.2744350e-003
 1.2688439e-003
 1.2683626e-003
 1.2724531e-003
 1.2805808e-003
 1.2922036e-003
 1.3067850e-003
 1.3237880e-003
 1.3426794e-003
 1.3629121e-003
 1.3839535e-003
 1.4052652e-003
 1.4263100e-003
 1.4465548e-003
 1.4654521e-003
 1.4825118e-003
 1.4976157e-003
 1.5108462e-003
 1.5222783e-003
 1.5319966e-003
 1.5400823e-003
 1.5466182e-003
 1.5516822e-003
 1.5553575e-003
 1.5577254e-003
 1.5588668e-003
 1.5588632e-003
 1.5577957e-003
 1.5557456e-003
 1.5527942e-003
 1.5490219e-003
 1.5445118e-003
 1.5393441e-003
 1.5336000e-003
 1.5273595e-003
 1.5207067e-003
 1.5137215e-003
 1.5064834e-003
 1.4990579e-003
 1.4915083e-003
 1.4838933e-003
 1.4762729e-003
 1.4687077e-003
 1.4612556e-003
 1.4539807e-003
 1.4469414e-003
 1.4401977e-003
 1.4338085e-003
 1.4278369e-003
 1.4223416e-003
 1.4173827e-003
 1.4130195e-003
 1.4093143e-003
 1.4063262e-003
 1.4041153e-003
 1.4027418e-003
 1.4022659e-003
 1.4027481e-003
 1.4042483e-003
 1.4068268e-003
 1.4105445e-003
 1.4154603e-003
 1.4216346e-003
 1.4291154e-003
 1.4378492e-003
 1.4477248e-003
 1.4586367e-003
 1.4704780e-003
 1.4831412e-003
 1.4965225e-003
 1.5105080e-003
 1.5249939e-003
 1.5398726e-003
 1.5550408e-003
 1.5703840e-003
 1.5857983e-003
 1.6011766e-003
 1.6164152e-003
 1.6313997e-003
 1.6460265e-003
 1.6601882e-003
 1.6737807e-003
 1.6866906e-003
 1.6988135e-003
 1.7100425e-003
 1.7202703e-003
 1.7293915e-003
 1.7372946e-003
 1.7438749e-003
 1.7490248e-003
 1.7526378e-003
 1.7546051e-003
 1.7548202e-003
 1.7531940e-003
 1.7497756e-003
 1.7446838e-003
 1.7380355e-003
