s07_ASD Record=6956:  error bars to preceding                
 1.1084897e-003
 1.0258447e-003
 9.4255188e-004
 8.6639845e-004
 8.0329442e-004
 7.5581396e-004
 7.2382222e-004
 7.0625177e-004
 7.0238457e-004
 7.1196537e-004
 7.3454360e-004
 7.6864520e-004
 8.1136153e-004
 8.5809594e-004
 9.0275781e-004
 9.3919481e-004
 9.6315978e-004
 9.7329664e-004
 9.7091048e-004
 9.5899747e-004
 9.4104139e-004
 9.1996591e-004
 8.9764968e-004
 8.7506906e-004
 8.5272349e-004
 8.3103235e-004
 8.1059826e-004
 7.9248345e-004
 7.7856280e-004
 7.7166304e-004
 7.7490055e-004
 7.9047808e-004
 8.1899762e-004
 8.5925922e-004
 9.0718537e-004
 9.5609651e-004
 9.9913869e-004
 1.0310923e-003
 1.0491231e-003
 1.0525506e-003
 1.0420530e-003
 1.0192327e-003
 9.8687527e-004
 9.4926363e-004
 9.1174454e-004
 8.7937864e-004
 8.5545174e-004
 8.4079138e-004
 8.3426683e-004
 8.3393167e-004
 8.3797629e-004
 8.4499741e-004
 8.5373904e-004
 8.6277362e-004
 8.7043591e-004
 8.7493454e-004
 8.7471097e-004
 8.6924096e-004
 8.5927371e-004
 8.4714527e-004
 8.3844102e-004
 8.3649176e-004
 8.4203226e-004
 8.5613108e-004
 8.7870087e-004
 9.0550678e-004
 9.3099743e-004
 9.5054792e-004
 9.6095097e-004
 9.6154597e-004
 9.5491949e-004
 9.4550144e-004
 9.3629421e-004
 9.2630729e-004
 9.1060705e-004
 8.8330533e-004
 8.4187154e-004
 7.8984082e-004
 7.3593465e-004
 6.9021212e-004
 6.5973873e-004
 6.4625114e-004
 6.4661464e-004
 6.5518334e-004
 6.6646637e-004
 6.7698612e-004
 6.8598759e-004
 6.9507543e-004
 7.0690812e-004
 7.2329369e-004
 7.4354000e-004
 7.6433836e-004
 7.8186288e-004
 7.9505454e-004
 8.0753869e-004
 8.2618499e-004
 8.5658184e-004
 8.9862460e-004
 9.4651280e-004
 9.9317578e-004
 1.0340834e-003
 1.0669844e-003
 1.0893090e-003
 1.0972430e-003
 1.0881788e-003
 1.0644309e-003
 1.0332693e-003
 1.0025622e-003
 9.7636005e-004
 9.5409970e-004
 9.3329186e-004
 9.1262674e-004
 8.9304469e-004
 8.7669189e-004
 8.6519233e-004
 8.5902063e-004
 8.5877028e-004
 8.6693693e-004
 8.8718475e-004
 9.1980596e-004
 9.5692958e-004
 9.8367897e-004
 9.8692020e-004
 9.6498011e-004
 9.2929811e-004
 8.9631358e-004
 8.7690802e-004
 8.7171450e-004
 8.7403966e-004
 8.7623001e-004
 8.7440998e-004
 8.6911948e-004
 8.6270174e-004
 8.5673551e-004
 8.5243955e-004
 8.5326686e-004
 8.6545898e-004
 8.9389994e-004
 9.3653565e-004
 9.8363555e-004
 1.0231689e-003
 1.0461815e-003
 1.0472060e-003
 1.0231365e-003
 9.7616704e-004
 9.1757730e-004
 8.6412037e-004
 8.2755665e-004
 8.0803788e-004
 7.9771841e-004
 7.8900380e-004
 7.7865709e-004
 7.6641497e-004
 7.5277302e-004
 7.3901104e-004
 7.2810560e-004
 7.2414189e-004
 7.3011662e-004
 7.4593996e-004
 7.6828169e-004
 7.9300907e-004
 8.1938453e-004
 8.5177517e-004
 8.9371321e-004
 9.3747774e-004
 9.6272054e-004
 9.5170987e-004
 9.0749038e-004
 8.5409108e-004
 8.1821054e-004
 8.1190624e-004
 8.2945445e-004
 8.5459847e-004
 8.7099435e-004
 8.7288773e-004
 8.7060826e-004
 8.8366366e-004
 9.2421059e-004
 9.8500319e-004
 1.0427629e-003
 1.0738424e-003
 1.0692617e-003
 1.0382205e-003
 9.9898851e-004
 9.6538546e-004
 9.3969901e-004
 9.1745949e-004
 8.9905108e-004
 8.9510245e-004
 9.1606966e-004
 9.5410825e-004
 9.8049641e-004
 9.6874865e-004
 9.1956247e-004
 8.5751864e-004
 8.0624450e-004
 7.7420083e-004
 7.6062663e-004
 7.6247827e-004
 7.7232305e-004
 7.7811169e-004
 7.7170180e-004
 7.5657311e-004
 7.4432697e-004
 7.4264448e-004
 7.4672292e-004
 7.4325135e-004
 7.2456733e-004
 7.0080895e-004
 6.9770293e-004
 7.3797500e-004
 8.1909151e-004
 9.0714131e-004
 9.5721992e-004
 9.4731158e-004
 8.9452043e-004
 8.3602738e-004
 7.9706736e-004
 7.8141032e-004
 7.8478857e-004
 8.0351403e-004
 8.2947873e-004
 8.4896357e-004
 8.5457898e-004
 8.5630169e-004
 8.7378477e-004
 9.1403525e-004
 9.6250122e-004
 1.0033111e-003
 1.0397396e-003
 1.0804102e-003
 1.1137415e-003
 1.1171796e-003
 1.0893192e-003
 1.0535097e-003
 1.0295603e-003
 1.0170632e-003
 1.0066038e-003
 9.9418790e-004
 9.8074647e-004
 9.6447137e-004
 9.3973166e-004
 9.0471166e-004
 8.6762698e-004
 8.4191794e-004
 8.3454070e-004
 8.4053766e-004
 8.4958598e-004
 8.5896859e-004
 8.8249496e-004
 9.4203692e-004
 1.0402808e-003
 1.1432943e-003
 1.2044150e-003
 1.2072531e-003
 1.1662224e-003
 1.0917988e-003
 9.9301152e-004
 8.9835568e-004
 8.3567365e-004
 8.0600858e-004
 7.9792819e-004
 8.0733234e-004
 8.2873553e-004
 8.4499794e-004
 8.4384083e-004
 8.4015040e-004
 8.6755480e-004
 9.4132946e-004
 1.0330329e-003
 1.0928841e-003
 1.1029134e-003
 1.0908365e-003
 1.0849643e-003
 1.0907139e-003
 1.1109626e-003
 1.1343398e-003
 1.1234395e-003
 1.0698234e-003
 1.0092842e-003
 9.5213688e-004
 8.7028265e-004
 7.6424854e-004
 6.8068481e-004
 6.6173467e-004
 7.1790861e-004
 8.2568027e-004
 9.2788704e-004
 9.7095821e-004
 9.6155290e-004
 9.5150759e-004
 9.5556281e-004
 9.3542680e-004
 8.8018086e-004
 8.3804771e-004
 8.4243016e-004
 8.6453452e-004
 8.6843292e-004
 8.7121077e-004
 9.2073408e-004
 1.0268894e-003
 1.1298559e-003
 1.1523741e-003
 1.0885569e-003
 1.0134991e-003
 9.9710340e-004
 1.0447615e-003
 1.1265082e-003
 1.2161066e-003
 1.2858723e-003
 1.3033656e-003
 1.2597473e-003
 1.1864882e-003
 1.1300266e-003
 1.1132887e-003
 1.1199976e-003
 1.1138821e-003
 1.0720504e-003
 1.0002407e-003
 9.2567893e-004
 8.7694119e-004
 8.6757255e-004
 8.9078234e-004
 9.2627760e-004
 9.5343916e-004
 9.6010062e-004
 9.4441522e-004
 9.1410551e-004
 8.8473788e-004
 8.7379664e-004
 8.9058385e-004
 9.2956581e-004
 9.7430666e-004
 1.0087130e-003
 1.0253236e-003
 1.0250262e-003
 1.0116973e-003
 9.8836736e-004
 9.5774885e-004
 9.2561706e-004
 9.0274500e-004
 9.0152613e-004
 9.2830486e-004
 9.7807404e-004
 1.0370171e-003
 1.0904595e-003
 1.1286035e-003
 1.1457606e-003
 1.1359119e-003
 1.0915570e-003
 1.0115565e-003
 9.1524131e-004
 8.4617682e-004
 8.4081630e-004
 8.7857427e-004
 9.1348490e-004
 9.2402520e-004
 9.1660238e-004
 9.1031502e-004
 9.2359417e-004
 9.5820823e-004
 9.7851094e-004
 9.2727243e-004
 7.9853827e-004
 6.6747138e-004
 6.0241652e-004
 5.9044699e-004
 5.9447956e-004
 6.1952899e-004
 6.6843850e-004
 6.9960341e-004
 6.9404970e-004
 7.0226809e-004
 7.5526052e-004
 7.9836854e-004
 7.8857003e-004
 7.7736354e-004
 8.1401772e-004
 8.4725121e-004
 8.0420572e-004
 6.9993595e-004
 6.0956628e-004
 5.8062701e-004
 6.0210336e-004
 6.3291838e-004
 6.5164879e-004
 6.7445246e-004
 7.1661384e-004
 7.6457061e-004
 8.0946350e-004
 8.6970505e-004
 9.4342639e-004
 9.8081783e-004
 9.5022906e-004
 8.9062552e-004
 8.5597561e-004
 8.4369601e-004
 8.2536921e-004
 7.8917330e-004
 7.4873527e-004
 7.1425427e-004
 6.7274825e-004
 6.2835816e-004
 6.1749370e-004
 6.6916156e-004
 7.6994789e-004
 8.6990581e-004
 9.1779849e-004
 8.9823443e-004
 8.3397276e-004
 7.5743225e-004
 6.9298648e-004
 6.5516116e-004
 6.4944418e-004
 6.6488981e-004
 6.7603751e-004
 6.6272682e-004
 6.3363719e-004
 6.2427478e-004
 6.6491327e-004
 7.4666232e-004
 8.2251645e-004
 8.5022044e-004
 8.4107369e-004
 8.5210474e-004
 9.2861260e-004
 1.0618819e-003
 1.1808629e-003
 1.1823603e-003
 1.0523156e-003
 8.2975323e-004
 6.4822938e-004
 6.0052035e-004
 6.6658400e-004
 7.8109786e-004
 8.7862462e-004
 9.0360991e-004
 8.6564419e-004
 8.0055074e-004
 7.4422092e-004
 7.2728877e-004
 7.4560137e-004
 7.8095327e-004
 8.1510260e-004
 8.3273236e-004
 8.3795760e-004
 8.4276812e-004
 8.5917948e-004
 8.9631625e-004
 9.4416976e-004
 9.8980137e-004
 9.9976663e-004
 9.6480001e-004
 8.8746095e-004
 7.8987429e-004
 6.9497380e-004
 6.2573538e-004
 6.0426083e-004
 6.3367939e-004
 6.9826236e-004
 7.8149303e-004
 8.6682214e-004
 9.3810615e-004
 9.8743034e-004
 1.0150584e-003
 1.0215809e-003
 1.0075970e-003
 9.7384403e-004
 9.2407520e-004
 8.6503057e-004
 8.0354966e-004
 7.4649981e-004
 7.0072559e-004
 6.7169953e-004
 6.5956119e-004
 6.6314416e-004
 6.8128441e-004
 7.1282301e-004
 7.5658917e-004
 8.1105455e-004
 8.7322312e-004
 9.3977858e-004
 1.0073748e-003
 1.0726968e-003
 1.1323986e-003
 1.1831578e-003
 1.2227372e-003
 1.2530356e-003
 1.2769575e-003
 1.2973939e-003
 1.3172466e-003
 1.3394080e-003
 1.3667801e-003
 1.4022536e-003
 1.4475919e-003
 1.5002356e-003
 1.5566337e-003
 1.6132098e-003
 1.6664140e-003
 1.7126708e-003
 1.7484240e-003
 1.7701130e-003
 1.7753635e-003
 1.7662597e-003
 1.7459238e-003
 1.7174709e-003
 1.6840282e-003
 1.6487078e-003
 1.6146381e-003
 1.5849315e-003
 1.5620125e-003
 1.5457040e-003
 1.5352414e-003
 1.5298540e-003
 1.5287738e-003
 1.5312325e-003
 1.5364621e-003
 1.5436927e-003
 1.5521575e-003
 1.5610863e-003
 1.5697127e-003
 1.5772657e-003
 1.5831664e-003
 1.5875103e-003
 1.5905502e-003
 1.5925365e-003
 1.5937206e-003
 1.5943542e-003
 1.5946882e-003
 1.5949740e-003
 1.5954630e-003
 1.5964066e-003
 1.5980558e-003
 1.6006621e-003
 1.6043312e-003
 1.6086511e-003
 1.6130930e-003
 1.6171295e-003
 1.6202317e-003
 1.6218720e-003
 1.6215220e-003
 1.6186535e-003
 1.6127392e-003
 1.6032505e-003
 1.5896577e-003
 1.5716081e-003
 1.5493451e-003
 1.5232547e-003
 1.4937115e-003
 1.4611031e-003
 1.4258026e-003
 1.3881988e-003
 1.3486636e-003
 1.3075870e-003
 1.2653401e-003
 1.2224910e-003
 1.1802075e-003
 1.1397906e-003
 1.1025565e-003
 1.0698019e-003
 1.0428412e-003
 1.0229739e-003
 1.0115111e-003
 1.0097560e-003
 1.0190151e-003
 1.0398763e-003
 1.0704570e-003
 1.1083607e-003
 1.1511750e-003
 1.1965062e-003
 1.2419400e-003
 1.2850782e-003
 1.3235223e-003
 1.3548594e-003
 1.3766934e-003
 1.3872399e-003
 1.3868292e-003
 1.3762325e-003
 1.3562186e-003
 1.3275632e-003
 1.2910310e-003
 1.2474018e-003
 1.1974365e-003
 1.1419179e-003
 1.0822320e-003
 1.0218285e-003
 9.6460886e-004
 9.1444695e-004
 8.7524159e-004
 8.5087132e-004
 8.4522850e-004
 8.6219917e-004
 9.0343802e-004
 9.6327078e-004
 1.0344901e-003
 1.1099185e-003
 1.1823449e-003
 1.2445922e-003
 1.2894524e-003
 1.3097416e-003
 1.3011723e-003
 1.2689386e-003
 1.2201545e-003
 1.1619518e-003
 1.1014381e-003
 1.0457484e-003
 1.0019907e-003
 9.7729533e-004
 9.7608083e-004
 9.9407893e-004
 1.0252752e-003
 1.0611032e-003
 1.0988660e-003
 1.1306527e-003
 1.1519733e-003
 1.1606367e-003
 1.1563863e-003
 1.1402214e-003
 1.1137462e-003
 1.0789257e-003
 1.0384141e-003
 9.9634961e-004
 9.5872465e-004
 9.3280157e-004
 9.2618377e-004
 9.4564853e-004
 9.9500385e-004
 1.0725101e-003
 1.1700206e-003
 1.2745775e-003
 1.3711202e-003
 1.4451373e-003
 1.4857261e-003
 1.4885877e-003
 1.4571255e-003
 1.4007265e-003
 1.3317358e-003
 1.2626767e-003
 1.2038830e-003
 1.1616750e-003
 1.1377994e-003
 1.1303227e-003
 1.1352496e-003
 1.1479448e-003
 1.1641026e-003
 1.1803040e-003
 1.1941916e-003
 1.2043025e-003
 1.2097735e-003
 1.2101285e-003
 1.2052311e-003
 1.1690492e-003
 1.1593028e-003
 1.1473234e-003
 1.1336141e-003
 1.1187879e-003
 1.1035296e-003
 1.0885501e-003
 1.0745550e-003
 1.0622323e-003
 1.0522077e-003
 1.0450174e-003
 1.0410532e-003
 1.0404931e-003
 1.0432226e-003
 1.0487944e-003
 1.0564172e-003
 1.0649824e-003
 1.0731587e-003
 1.0795320e-003
 1.0827958e-003
 1.0819350e-003
 1.0763657e-003
 1.0660187e-003
 1.0513534e-003
 1.0332908e-003
 1.0131436e-003
 9.9251687e-004
 9.7309012e-004
 9.5640006e-004
 9.4358827e-004
 9.3523896e-004
 9.3136833e-004
 9.3149289e-004
 9.3478267e-004
 9.4024325e-004
 9.4689528e-004
 9.5391559e-004
 9.6073822e-004
 9.6707552e-004
 9.7288226e-004
 9.7826938e-004
 9.8338851e-004
 9.8833477e-004
 9.9308637e-004
 9.9749374e-004
 1.0013341e-003
 1.0043975e-003
 1.0065903e-003
 1.0080154e-003
 1.0090017e-003
 1.0100757e-003
 1.0118752e-003
 1.0150363e-003
 1.0200823e-003
 1.0273441e-003
 1.0369376e-003
 1.0487788e-003
 1.0626339e-003
 1.0781738e-003
 1.0949826e-003
 1.1125576e-003
 1.1302552e-003
 1.1472590e-003
 1.1625895e-003
 1.1751631e-003
 1.1839466e-003
 1.1881611e-003
 1.1874819e-003
 1.1821974e-003
 1.1732546e-003
 1.1621729e-003
 1.1508220e-003
 1.1411308e-003
 1.1347566e-003
 1.1328263e-003
 1.1357680e-003
 1.1432832e-003
 1.1544343e-003
 1.1678273e-003
 1.1818174e-003
 1.1947149e-003
 1.2049528e-003
 1.2111862e-003
 1.2123660e-003
 1.2077710e-003
 1.1970362e-003
 1.1801687e-003
 1.1575683e-003
 1.1300237e-003
 1.0986656e-003
 1.0649177e-003
 1.0303607e-003
 9.9663145e-004
 9.6527999e-004
 9.3764864e-004
 9.1481855e-004
 8.9754025e-004
 8.8623713e-004
 8.8099128e-004
 8.8154350e-004
 8.8729593e-004
 8.9732028e-004
 9.1038999e-004
 9.2506065e-004
 9.3981129e-004
 9.5321139e-004
 9.6413010e-004
 9.7189215e-004
 9.7637618e-004
 9.7799872e-004
 9.7758032e-004
 9.7612885e-004
 9.7458856e-004
 9.7362354e-004
 9.7349426e-004
 9.7405951e-004
 9.7489177e-004
 9.7546558e-004
 9.7534980e-004
 9.7434327e-004
 9.7251229e-004
 9.7012916e-004
 9.6754200e-004
 9.6503960e-004
 9.6275861e-004
 9.6067815e-004
 9.5869345e-004
 9.5673755e-004
 9.5489551e-004
 9.5345126e-004
 9.5284171e-004
 9.5351797e-004
 9.5576065e-004
 9.5951074e-004
 9.6428697e-004
 9.6922228e-004
 9.7323052e-004
 9.7526162e-004
 9.7457028e-004
 9.7093370e-004
 9.6474442e-004
 9.5696253e-004
 9.4892189e-004
 9.4205630e-004
 9.3759008e-004
 9.3627127e-004
 9.3820354e-004
 9.4279752e-004
 9.4885030e-004
 9.5473212e-004
 9.5864694e-004
 9.5891301e-004
 9.5423317e-004
 9.4390730e-004
 9.2796743e-004
 9.0720487e-004
 8.8312279e-004
 8.5776631e-004
 8.3352061e-004
 8.1283622e-004
 7.9794019e-004
 7.9058326e-004
 7.9180073e-004
 8.0176338e-004
 8.1970426e-004
 8.4397104e-004
 8.7216857e-004
 9.0142817e-004
 9.2877279e-004
 9.5149491e-004
 9.6757611e-004
 9.7598898e-004
 9.7689347e-004
 9.7162987e-004
 9.6251181e-004
 9.5243286e-004
 9.4436988e-004
 9.4085897e-004
 9.4356644e-004
 9.5304142e-004
 9.6869585e-004
 9.8899240e-004
 1.0117951e-003
 1.0347910e-003
 1.0558421e-003
 1.0732636e-003
 1.0859135e-003
 1.0931764e-003
 1.0948525e-003
 1.0910194e-003
 1.0819413e-003
 1.0680268e-003
 1.0498611e-003
 1.0282424e-003
 1.0042310e-003
 9.7912701e-004
 9.5437915e-004
 9.3146652e-004
 9.1171183e-004
 8.9614955e-004
 8.8541216e-004
 8.7969360e-004
 8.7879016e-004
 8.8218006e-004
 8.8913599e-004
 8.9883030e-004
 9.1042544e-004
 9.2311896e-004
 9.3617931e-004
 9.4894273e-004
 9.6082006e-004
 9.7130885e-004
 9.8000269e-004
 9.8662346e-004
 9.9105202e-004
 9.9334377e-004
 9.9373690e-004
 9.9262863e-004
 9.9053117e-004
 9.8800147e-004
 9.8556431e-004
 9.8363298e-004
 9.8245207e-004
 9.8206627e-004
 9.8232809e-004
 9.8293880e-004
 9.8351261e-004
 9.8364707e-004
 9.8298141e-004
 9.8122959e-004
 9.7818428e-004
 9.7369601e-004
 9.6765044e-004
 9.5995585e-004
 9.5055508e-004
 9.3947985e-004
 9.2690962e-004
 9.1324584e-004
 8.9914387e-004
 8.8548736e-004
 8.7331422e-004
 8.6366880e-004
 8.5742766e-004
 8.5514243e-004
 8.5691712e-004
 8.6237059e-004
 8.7068207e-004
 8.8072458e-004
 8.9124031e-004
 9.0105075e-004
 9.0922834e-004
 9.1523014e-004
 9.1895607e-004
 9.2072348e-004
 9.2117925e-004
 9.2115346e-004
 9.2148810e-004
 9.2286494e-004
 9.2566066e-004
 9.2985557e-004
 9.3500776e-004
 9.4030454e-004
 9.4468903e-004
 9.4703533e-004
 9.4635860e-004
 9.4201113e-004
 9.3383045e-004
 9.2219369e-004
 9.0797205e-004
 8.9236686e-004
 8.7665784e-004
 8.6194172e-004
 8.4888196e-004
 8.3758921e-004
 8.2763046e-004
 8.1819354e-004
 8.0837630e-004
 7.9749484e-004
 7.8535744e-004
 7.7239430e-004
 7.5960951e-004
 7.4838067e-004
 7.4012514e-004
 7.3596544e-004
 7.3644961e-004
 7.4142171e-004
 7.5005845e-004
 7.6106074e-004
 7.7292736e-004
 7.8425260e-004
 7.9397281e-004
 8.0149964e-004
 8.0675358e-004
 8.1009703e-004
 8.1220089e-004
 8.1389875e-004
 8.1604754e-004
 8.1942155e-004
 8.2464213e-004
 8.3213043e-004
 8.4208732e-004
 8.5447537e-004
 8.6901837e-004
 8.8522356e-004
 9.0240716e-004
 9.1977493e-004
 9.3649817e-004
 9.5182529e-004
 9.6518977e-004
 9.7628019e-004
 9.8509528e-004
 9.9192583e-004
 9.9729630e-004
 1.0018548e-003
 1.0062282e-003
 1.0108750e-003
 1.0159615e-003
 1.0212793e-003
 1.0262404e-003
 1.0299399e-003
 1.0312921e-003
 1.0292103e-003
 1.0227963e-003
 1.0114997e-003
 9.9522283e-004
 9.7434281e-004
 9.4964093e-004
 9.2219858e-004
 8.9321862e-004
 8.6389569e-004
 8.3528878e-004
 8.0824737e-004
 7.8342849e-004
 7.6131243e-004
 7.4228895e-004
 7.2671031e-004
 7.1492419e-004
 7.0727849e-004
 7.0406072e-004
 7.0540834e-004
 7.1120751e-004
 7.2101020e-004
 7.3399971e-004
 7.4903900e-004
 7.6481159e-004
 7.8001356e-004
 7.9360383e-004
 8.0500374e-004
 8.1423478e-004
 8.2192995e-004
 8.2919945e-004
 8.3740003e-004
 8.4783148e-004
 8.6145534e-004
 8.7870058e-004
 8.9937984e-004
 9.2277309e-004
 9.4779127e-004
 9.7321969e-004
 9.9795801e-004
 1.0211655e-003
 1.0423539e-003
 1.0613389e-003
 1.0781479e-003
 1.0928916e-003
 1.1056360e-003
 1.1163466e-003
 1.1249025e-003
 1.1311690e-003
 1.1351315e-003
 1.1370181e-003
 1.1373886e-003
 1.1371323e-003
 1.1373576e-003
 1.1391803e-003
 1.1434484e-003
 1.1504707e-003
 1.1598365e-003
 1.1703867e-003
 1.1803930e-003
 1.1879057e-003
 1.1912215e-003
 1.1893421e-003
 1.1822950e-003
 1.1712194e-003
 1.1581796e-003
 1.1457326e-003
 1.1363563e-003
 1.1319077e-003
 1.1332234e-003
 1.1399870e-003
 1.1508702e-003
 1.1639076e-003
 1.1769686e-003
 1.1882182e-003
 1.1964429e-003
 1.2011647e-003
 1.2025776e-003
 1.2013281e-003
 1.1982475e-003
 1.1941084e-003
 1.1894737e-003
 1.1846530e-003
 1.1797630e-003
 1.1748403e-003
 1.1699629e-003
 1.1653433e-003
 1.1613515e-003
 1.1584804e-003
 1.1572527e-003
 1.1580990e-003
 1.1612386e-003
 1.1665870e-003
 1.1737086e-003
 1.1818302e-003
 1.1899149e-003
 1.1967742e-003
 1.2012196e-003
 1.2022179e-003
 1.1990261e-003
 1.1912941e-003
 1.1791141e-003
 1.1630113e-003
 1.1438655e-003
 1.1228081e-003
 1.1010526e-003
 1.0797530e-003
 1.0598506e-003
 1.0419592e-003
 1.0263309e-003
 1.0128521e-003
 1.0011351e-003
 9.9063991e-004
 9.8083087e-004
 9.7134517e-004
 9.6211594e-004
 9.5345563e-004
 9.4605342e-004
 9.4088988e-004
 9.3908625e-004
 9.4169244e-004
 9.4947015e-004
 9.6270040e-004
 9.8107418e-004
 1.0036653e-003
 1.0290205e-003
 1.0553467e-003
 1.0807138e-003
 1.1033082e-003
 1.1215983e-003
 1.1344677e-003
 1.1412645e-003
 1.1417860e-003
 1.1362508e-003
 1.1252619e-003
 1.1097899e-003
 1.0911518e-003
 1.0709947e-003
 1.0512009e-003
 1.0337558e-003
 1.0205188e-003
 1.0129549e-003
 1.0118908e-003
 1.0173253e-003
 1.0283828e-003
 1.0434090e-003
 1.0602261e-003
 1.0764595e-003
 1.0899006e-003
 1.0988147e-003
 1.1021218e-003
 1.0994639e-003
 1.0911408e-003
 1.0779772e-003
 1.0611529e-003
 1.0420666e-003
 1.0222106e-003
 1.0031069e-003
 9.8623452e-004
 9.7294553e-004
 9.6437929e-004
 9.6133619e-004
 9.6418650e-004
 9.7281346e-004
 9.8664721e-004
 1.0047681e-003
 1.0260924e-003
 1.0495464e-003
 1.0742167e-003
 1.0994184e-003
 1.1246325e-003
 1.1493930e-003
 1.1731525e-003
 1.1951699e-003
 1.2145481e-003
 1.2303574e-003
 1.2418859e-003
 1.2489046e-003
 1.2518497e-003
 1.2518630e-003
 1.2506233e-003
 1.2500045e-003
 1.2516315e-003
 1.2564523e-003
 1.2644477e-003
 1.2745527e-003
 1.2848282e-003
 1.2928486e-003
 1.2961942e-003
 1.2929648e-003
 1.2821658e-003
 1.2639060e-003
 1.2393611e-003
 1.2105585e-003
 1.1800099e-003
 1.1502841e-003
 1.1236122e-003
 1.1015175e-003
 1.0846343e-003
 1.0726561e-003
 1.0645424e-003
 1.0588398e-003
 1.0539797e-003
 1.0485406e-003
 1.0413999e-003
 1.0318360e-003
 1.0196181e-003
 1.0050018e-003
 9.8866574e-004
 9.7157079e-004
 9.5478387e-004
 9.3935314e-004
 9.2620915e-004
 9.1614918e-004
 9.0981205e-004
 9.0764643e-004
 9.0988103e-004
 9.1644912e-004
 9.2691468e-004
 9.4044040e-004
 9.5583574e-004
 9.7164436e-004
 9.8631333e-004
 9.9843636e-004
 1.0069959e-003
 1.0115820e-003
 1.0124918e-003
 1.0106944e-003
 1.0076332e-003
 1.0049038e-003
 1.0038662e-003
 1.0052872e-003
 1.0090927e-003
 1.0143324e-003
 1.0193674e-003
 1.0221965e-003
 1.0208285e-003
 1.0136351e-003
 9.9957827e-004
 9.7835774e-004
 9.5050654e-004
 9.1736781e-004
 8.8091003e-004
 8.4342260e-004
 8.0719613e-004
 7.7417813e-004
 7.4574177e-004
 7.2264596e-004
 7.0509879e-004
 6.9298205e-004
 6.8608538e-004
 6.8429095e-004
 6.8767421e-004
 6.9644867e-004
 7.1079371e-004
 7.3063531e-004
 7.5545826e-004
 7.8416691e-004
 8.1508927e-004
 8.4601576e-004
 8.7440066e-004
 8.9766725e-004
 9.1353653e-004
 9.2039281e-004
 9.1754401e-004
 9.0538163e-004
 8.8533602e-004
 8.5968093e-004
 8.3119929e-004
 8.0276304e-004
 7.7694922e-004
 7.5567700e-004
 7.4001792e-004
 7.3012389e-004
 7.2532002e-004
 7.2433223e-004
 7.2558201e-004
 7.2750711e-004
 7.2884047e-004
 7.2880660e-004
 7.2720525e-004
 7.2438351e-004
 7.2111498e-004
 7.1841752e-004
 7.1735133e-004
 7.1883888e-004
 7.2353275e-004
 7.3174876e-004
 7.4346684e-004
 7.5839553e-004
 7.7605684e-004
 7.9590792e-004
 8.1742357e-004
 8.4016990e-004
 8.6384226e-004
 8.8823854e-004
 9.1322354e-004
 9.3867502e-004
 9.6439658e-004
 9.9008728e-004
 1.0152909e-003
 1.0394090e-003
 1.0617445e-003
 1.0815457e-003
 1.0981051e-003
 1.1108229e-003
 1.1192845e-003
 1.1233061e-003
 1.1229439e-003
 1.1184835e-003
 1.1103986e-003
 1.0992971e-003
 1.0858546e-003
 1.0707682e-003
 1.0547015e-003
 1.0382708e-003
 1.0220316e-003
 1.0064805e-003
 9.9208299e-004
 9.7929034e-004
 9.6855836e-004
 9.6037495e-004
 9.5526205e-004
 9.5378689e-004
 9.5655082e-004
 9.6417469e-004
 9.7726425e-004
 9.9637080e-004
 1.0219190e-003
 1.0541145e-003
 1.0928458e-003
 1.1375308e-003
 1.1870383e-003
 1.2395707e-003
 1.2926670e-003
 1.3433329e-003
 1.3882359e-003
 1.4240590e-003
 1.4478121e-003
 1.4572025e-003
 1.4509235e-003
 1.4288323e-003
 1.3919726e-003
 1.3426477e-003
 1.2843232e-003
 1.2213254e-003
 1.1584806e-003
 1.1006055e-003
 1.0519786e-003
 1.0159251e-003
 9.9446846e-004
 9.8824978e-004
 9.9657674e-004
 1.0176614e-003
 1.0489295e-003
 1.0873865e-003
 1.1299066e-003
 1.1735195e-003
 1.2156144e-003
 1.2539962e-003
 1.2869779e-003
 1.3133829e-003
 1.3325877e-003
 1.3445364e-003
 1.3497033e-003
 1.3490659e-003
 1.3440419e-003
 1.3363770e-003
 1.3279848e-003
 1.3207752e-003
 1.3164714e-003
 1.3164510e-003
 1.3216311e-003
 1.3324077e-003
 1.3486606e-003
 1.3698098e-003
 1.3949228e-003
 1.4228078e-003
 1.4521509e-003
 1.4815930e-003
 1.5098172e-003
 1.5356127e-003
 1.5578874e-003
 1.5757129e-003
 1.5883194e-003
 1.5951183e-003
 1.5957139e-003
 1.5899112e-003
 1.5777255e-003
 1.5593902e-003
 1.5353555e-003
 1.5062706e-003
 1.4729922e-003
 1.4365698e-003
 1.3982208e-003
 1.3593491e-003
 1.3214881e-003
 1.2862931e-003
 1.2554639e-003
 1.2306449e-003
 1.2133336e-003
 1.2047277e-003
 1.2056106e-003
 1.2162297e-003
 1.2362383e-003
 1.2646742e-003
 1.3000380e-003
 1.3403930e-003
 1.3835464e-003
 1.4272649e-003
 1.4694382e-003
 1.5082908e-003
 1.5424705e-003
 1.5711311e-003
 1.5939417e-003
 1.6110152e-003
 1.6228409e-003
 1.6301625e-003
 1.6338782e-003
 1.6349435e-003
 1.6342903e-003
 1.6327716e-003
 1.6311151e-003
 1.6298918e-003
 1.6294832e-003
 1.6300528e-003
 1.6315193e-003
 1.6335389e-003
 1.6355049e-003
 1.6365791e-003
 1.6357540e-003
 1.6319568e-003
 1.6241805e-003
 1.6116404e-003
 1.5939169e-003
 1.5710881e-003
 1.5438033e-003
 1.5132757e-003
 1.4812347e-003
 1.4497484e-003
 1.4210420e-003
 1.3972400e-003
 1.3801161e-003
 1.3709008e-003
 1.3701223e-003
 1.3775552e-003
 1.3922591e-003
 1.4127087e-003
 1.4369662e-003
 1.4628993e-003
 1.4884035e-003
 1.5115669e-003
 1.5308249e-003
 1.5450178e-003
 1.5534359e-003
 1.5558077e-003
 1.5522474e-003
 1.5431939e-003
 1.5293419e-003
 1.5115801e-003
 1.4909290e-003
 1.4684825e-003
 1.4453107e-003
 1.4224180e-003
 1.4006764e-003
 1.3807621e-003
 1.3631276e-003
 1.3479540e-003
 1.3351650e-003
 1.3244103e-003
 1.3150476e-003
 1.3061747e-003
 1.2966875e-003
 1.2853775e-003
 1.2710770e-003
 1.2528116e-003
 1.2299886e-003
 1.2025393e-003
 1.1709739e-003
 1.1363965e-003
 1.0989348e-003
 1.0609354e-003
 1.0256451e-003
 9.9514774e-004
 9.7112928e-004
 9.5455657e-004
 9.4552746e-004
 9.4334164e-004
 9.4673759e-004
 9.5415639e-004
 9.6394005e-004
 9.7445492e-004
 9.8420889e-004
 9.9199801e-004
 9.9705555e-004
 9.9916721e-004
 9.9870039e-004
 9.9655043e-004
 9.9400699e-004
 9.9260150e-004
 9.9397555e-004
 9.9977455e-004
 1.0115320e-003
 1.0305241e-003
 1.0575708e-003
 1.0928572e-003
 1.1358741e-003
 1.1854589e-003
 1.2400051e-003
 1.2976138e-003
 1.3562602e-003
 1.4139198e-003
 1.4686052e-003
 1.5185137e-003
 1.5620900e-003
 1.5981417e-003
 1.6258848e-003
 1.6448807e-003
 1.6549606e-003
 1.6561199e-003
 1.6484396e-003
 1.6320569e-003
 1.6071902e-003
 1.5742026e-003
 1.5336749e-003
 1.4865170e-003
 1.4339632e-003
 1.3775756e-003
 1.3191472e-003
 1.2605828e-003
 1.2038653e-003
 1.1509232e-003
 1.1035809e-003
 1.0633902e-003
 1.0314359e-003
 1.0082064e-003
 9.9349848e-004
 9.8650425e-004
 9.8596024e-004
 9.9033420e-004
 9.9797198e-004
 1.0072064e-003
 1.0164458e-003
 1.0242878e-003
 1.0296552e-003
 1.0319052e-003
 1.0308810e-003
 1.0268631e-003
 1.0204558e-003
 1.0124540e-003
 1.0037441e-003
 9.9523331e-004
 9.8779297e-004
 9.8221062e-004
 9.7911921e-004
 9.7894866e-004
 9.8189956e-004
 9.8796783e-004
 9.9699525e-004
 1.0087357e-003
 1.0228927e-003
 1.0391447e-003
 1.0571546e-003
 1.0765444e-003
 1.0968924e-003
 1.1176991e-003
 1.1383865e-003
 1.1583135e-003
 1.1767794e-003
 1.1930563e-003
 1.2064166e-003
 1.2161506e-003
 1.2216308e-003
 1.2223854e-003
 1.2182101e-003
 1.2092588e-003
 1.1960871e-003
 1.1796054e-003
 1.1609930e-003
 1.1415868e-003
 1.1227805e-003
 1.1059635e-003
 1.0924166e-003
 1.0832042e-003
 1.0790146e-003
 1.0800277e-003
 1.0858615e-003
 1.0956284e-003
 1.1080651e-003
 1.1216876e-003
 1.1349252e-003
 1.1462180e-003
 1.1541486e-003
 1.1575999e-003
 1.1559686e-003
 1.1493461e-003
 1.1385930e-003
 1.1252665e-003
 1.1114299e-003
 1.0994524e-003
 1.0918158e-003
 1.0909680e-003
 1.0991237e-003
 1.1179979e-003
 1.1484558e-003
 1.1902294e-003
 1.2417738e-003
 1.3003953e-003
 1.3625800e-003
 1.4242885e-003
 1.4813037e-003
 1.5294187e-003
 1.5647284e-003
 1.5840027e-003
 1.5851136e-003
 1.5674502e-003
 1.5320763e-003
 1.4815764e-003
 1.4196311e-003
 1.3506010e-003
 1.2791443e-003
 1.2099181e-003
 1.1473869e-003
 1.0954493e-003
 1.0571200e-003
 1.0341753e-003
 1.0270202e-003
 1.0348349e-003
 1.0558915e-003
 1.0879163e-003
 1.1283741e-003
 1.1746755e-003
 1.2242709e-003
 1.2748188e-003
 1.3242814e-003
 1.3710588e-003
 1.4140526e-003
 1.4525820e-003
 1.4863089e-003
 1.5150772e-003
 1.5388334e-003
 1.5575854e-003
 1.5713841e-003
 1.5803631e-003
 1.5847895e-003
 1.5851023e-003
 1.5819361e-003
 1.5761006e-003
 1.5685353e-003
 1.5602517e-003
 1.5522913e-003
 1.5456710e-003
 1.5413259e-003
 1.5400078e-003
 1.5421635e-003
 1.5478272e-003
 1.5565767e-003
 1.5675756e-003
 1.5796821e-003
 1.5915795e-003
 1.6018689e-003
 1.6091621e-003
 1.6121594e-003
 1.6097728e-003
 1.6012647e-003
 1.5863793e-003
 1.5653837e-003
 1.5390291e-003
 1.5084208e-003
 1.4748635e-003
 1.4397693e-003
 1.4045676e-003
 1.3706278e-003
 1.3392130e-003
 1.3113644e-003
 1.2878518e-003
 1.2691311e-003
 1.2553688e-003
 1.2465311e-003
 1.2424535e-003
 1.2429110e-003
 1.2476506e-003
 1.2563977e-003
 1.2688586e-003
 1.2847089e-003
 1.3035671e-003
 1.3250123e-003
 1.3485749e-003
 1.3737578e-003
 1.4000260e-003
 1.4268546e-003
 1.4537199e-003
 1.4800909e-003
 1.5054825e-003
 1.5294526e-003
 1.5516024e-003
 1.5716165e-003
 1.5892340e-003
 1.6042413e-003
 1.6164427e-003
 1.6256698e-003
 1.6317680e-003
 1.6346090e-003
 1.6341272e-003
 1.6303505e-003
 1.6234394e-003
 1.6136962e-003
 1.6015507e-003
 1.5875376e-003
 1.5722399e-003
 1.5562687e-003
 1.5402329e-003
 1.5247336e-003
 1.5103139e-003
 1.4974389e-003
 1.4864755e-003
 1.4776628e-003
 1.4711345e-003
 1.4669498e-003
 1.4651146e-003
 1.4656109e-003
 1.4684050e-003
 1.4734395e-003
 1.4806213e-003
 1.4897971e-003
 1.5007237e-003
 1.5130714e-003
 1.5264286e-003
 1.5403128e-003
 1.5542147e-003
 1.5676107e-003
 1.5799714e-003
 1.5908042e-003
 1.5996702e-003
 1.6062288e-003
 1.6102660e-003
 1.6117186e-003
 1.6106518e-003
 1.6072291e-003
 1.6016718e-003
 1.5942284e-003
 1.5851661e-003
 1.5747544e-003
 1.5632737e-003
 1.5510150e-003
 1.5382963e-003
 1.5254472e-003
 1.5128155e-003
 1.5007708e-003
 1.4896812e-003
 1.4799156e-003
 1.4718407e-003
 1.4657885e-003
 1.4620374e-003
 1.4607721e-003
 1.4620509e-003
 1.4657903e-003
 1.4717820e-003
 1.4797194e-003
 1.4892442e-003
 1.4999730e-003
 1.5115076e-003
 1.5234636e-003
 1.5354767e-003
 1.5472071e-003
 1.5583698e-003
 1.5687277e-003
 1.5780912e-003
 1.5862986e-003
 1.5932156e-003
 1.5987196e-003
 1.6026959e-003
 1.6050546e-003
 1.6057448e-003
 1.6047815e-003
 1.6022697e-003
 1.5984140e-003
 1.5935069e-003
 1.5879108e-003
 1.5820236e-003
 1.5762585e-003
 1.5710302e-003
 1.5667249e-003
 1.5636748e-003
 1.5621233e-003
 1.5621870e-003
 1.5638471e-003
 1.5669588e-003
 1.5712878e-003
 1.5765443e-003
 1.5824148e-003
 1.5885758e-003
 1.5947170e-003
 1.6005530e-003
 1.6058369e-003
 1.6103836e-003
 1.6140720e-003
 1.6168365e-003
 1.6186568e-003
 1.6195381e-003
 1.6194991e-003
 1.6185683e-003
 1.6167868e-003
 1.6142173e-003
 1.6109607e-003
 1.6071657e-003
 1.6030355e-003
 1.5988252e-003
 1.5948234e-003
 1.5913389e-003
 1.5886866e-003
 1.5871619e-003
 1.5870098e-003
 1.5883674e-003
 1.5911917e-003
 1.5951967e-003
 1.5998275e-003
 1.6042828e-003
 1.6075858e-003
 1.6086552e-003
 1.6063731e-003
 1.5996546e-003
 1.5875384e-003
 1.5693255e-003
 1.5447752e-003
 1.5142401e-003
 1.4787357e-003
 1.4399083e-003
 1.3998228e-003
 1.3608051e-003
 1.3253149e-003
 1.2957563e-003
 1.2743574e-003
 1.2629612e-003
 1.2627227e-003
 1.2738917e-003
 1.2957159e-003
 1.3265149e-003
 1.3639518e-003
 1.4052988e-003
 1.4476239e-003
 1.4880219e-003
 1.5237518e-003
 1.5524303e-003
 1.5723491e-003
 1.5826700e-003
 1.5835275e-003
 1.5759363e-003
 1.5615602e-003
 1.5424431e-003
 1.5208172e-003
 1.4989257e-003
 1.4789031e-003
 1.4626350e-003
 1.4515442e-003
 1.4464498e-003
 1.4475001e-003
 1.4542305e-003
 1.4657300e-003
 1.4808236e-003
 1.4982015e-003
 1.5165403e-003
 1.5345714e-003
 1.5511535e-003
 1.5653988e-003
 1.5767443e-003
 1.5849813e-003
 1.5902363e-003
 1.5928741e-003
 1.5934027e-003
 1.5923985e-003
 1.5904551e-003
 1.5881457e-003
 1.5859900e-003
 1.5844093e-003
 1.5836945e-003
 1.5839913e-003
 1.5853143e-003
 1.5875808e-003
 1.5906513e-003
 1.5943563e-003
 1.5985185e-003
 1.6029631e-003
 1.6075220e-003
 1.6120479e-003
 1.6164185e-003
 1.6205349e-003
 1.6243266e-003
 1.6277407e-003
 1.6307329e-003
 1.6332676e-003
 1.6353126e-003
 1.6368412e-003
 1.6378373e-003
 1.6383021e-003
 1.6382607e-003
 1.6377636e-003
 1.6368850e-003
 1.6357158e-003
 1.6343582e-003
 1.6329174e-003
 1.6314993e-003
 1.6302032e-003
 1.6291181e-003
 1.6283110e-003
 1.6278222e-003
 1.6276609e-003
 1.6278093e-003
 1.6282285e-003
 1.6288678e-003
 1.6296710e-003
 1.6305802e-003
 1.6315390e-003
 1.6324965e-003
 1.6334099e-003
 1.6342482e-003
 1.6349925e-003
 1.6356363e-003
 1.6361813e-003
 1.6366338e-003
 1.6370033e-003
 1.6372998e-003
 1.6375335e-003
 1.6377142e-003
 1.6378508e-003
 1.6379509e-003
 1.6380209e-003
 1.6380658e-003
 1.6380902e-003
 1.6380977e-003
 1.6380915e-003
 1.6380751e-003
 1.6380505e-003
 1.6380195e-003
 1.6379812e-003
 1.6379325e-003
 1.6378677e-003
 1.6377779e-003
 1.6376532e-003
 1.6374834e-003
 1.6372610e-003
 1.6369902e-003
 1.6367036e-003
 1.6364914e-003
 1.6365405e-003
 1.6371682e-003
 1.6388367e-003
 1.6421382e-003
 1.6477631e-003
 1.6564534e-003
 1.6689767e-003
 1.6860962e-003
 1.7085156e-003
 1.7368498e-003
 1.7715500e-003
 1.8128133e-003
 1.8606071e-003
 1.9146759e-003
 1.9745554e-003
 2.0397168e-003
 2.1095658e-003
 2.1834963e-003
 2.2608158e-003
 2.3408302e-003
 2.4227612e-003
 2.5056531e-003
 2.5884784e-003
 2.6700909e-003
 2.7491990e-003
 2.8245207e-003
 2.8947343e-003
 2.9585429e-003
 3.0146521e-003
 3.0619171e-003
 3.0993586e-003
 3.1262054e-003
 3.1419736e-003
 3.1464039e-003
 3.1394085e-003
 3.1210114e-003
 3.0912869e-003
 3.0503827e-003
 2.9985115e-003
 2.9360512e-003
 2.8636246e-003
 2.7822636e-003
 2.6933425e-003
 2.5985846e-003
 2.5000437e-003
 2.3998606e-003
 2.3002357e-003
 2.2034252e-003
 2.1115066e-003
 2.0263463e-003
 1.9493963e-003
 1.8816243e-003
 1.8233467e-003
 1.7743511e-003
 1.7340624e-003
 1.7016320e-003
 1.6761047e-003
 1.6565070e-003
 1.6418591e-003
 1.6312404e-003
 1.6238221e-003
 1.6189078e-003
 1.6159361e-003
 1.6144754e-003
 1.6141887e-003
 1.6147951e-003
 1.6160435e-003
 1.6176974e-003
 1.6195357e-003
 1.6213610e-003
 1.6230118e-003
 1.6243786e-003
 1.6254075e-003
 1.6260948e-003
 1.6264740e-003
 1.6266005e-003
 1.6265403e-003
 1.6263612e-003
 1.6261261e-003
 1.6258870e-003
 1.6256761e-003
 1.6254990e-003
 1.6253318e-003
 1.6251236e-003
 1.6248039e-003
 1.6242902e-003
 1.6234957e-003
 1.6223378e-003
 1.6207481e-003
 1.6186893e-003
 1.6161799e-003
 1.6133110e-003
 1.6102543e-003
 1.6072537e-003
 1.6045996e-003
 1.6026086e-003
 1.6016010e-003
 1.6018791e-003
 1.6036918e-003
 1.6071886e-003
 1.6123574e-003
 1.6189781e-003
 1.6265976e-003
 1.6345379e-003
 1.6419585e-003
 1.6479130e-003
 1.6514115e-003
 1.6514586e-003
 1.6470809e-003
 1.6373342e-003
 1.6213238e-003
 1.5992442e-003
 1.5754066e-003
 1.5379199e-003
 1.4961004e-003
 1.4514963e-003
 1.4056632e-003
 1.3601467e-003
 1.3165246e-003
 1.2763420e-003
 1.2411547e-003
 1.2125190e-003
 1.1918292e-003
 1.1790193e-003
 1.1732040e-003
 1.1734953e-003
 1.1790073e-003
 1.1888498e-003
 1.2021350e-003
 1.2179756e-003
 1.2354882e-003
 1.2537764e-003
 1.2719563e-003
 1.2891402e-003
 1.3044436e-003
 1.3169715e-003
 1.3259210e-003
 1.3312298e-003
 1.3332339e-003
 1.3322728e-003
 1.3286867e-003
 1.3228162e-003
 1.3150008e-003
 1.3055783e-003
 1.2948932e-003
 1.2832833e-003
 1.2710888e-003
 1.2586466e-003
 1.2463025e-003
 1.2343938e-003
 1.2232602e-003
 1.2132421e-003
 1.2046768e-003
 1.1979095e-003
 1.1932424e-003
 1.1906712e-003
 1.1900293e-003
 1.1911491e-003
 1.1938617e-003
 1.1979993e-003
 1.2033951e-003
 1.2098782e-003
 1.2172819e-003
 1.2254380e-003
 1.2341782e-003
 1.2433368e-003
 1.2527413e-003
 1.2622256e-003
 1.2716216e-003
 1.2807634e-003
 1.2894784e-003
 1.2976008e-003
 1.3049624e-003
 1.3113966e-003
 1.3167320e-003
 1.3208023e-003
 1.3234573e-003
 1.3247032e-003
 1.3246248e-003
 1.3233084e-003
 1.3208404e-003
 1.3173064e-003
 1.3127913e-003
 1.3073834e-003
 1.3011676e-003
 1.2942302e-003
 1.2866550e-003
 1.2785316e-003
 1.2699446e-003
 1.2609798e-003
 1.2517209e-003
 1.2422586e-003
 1.2326764e-003
 1.2230605e-003
 1.2134969e-003
 1.2040694e-003
 1.1948684e-003
 1.1859778e-003
 1.1774835e-003
 1.1694697e-003
 1.1620262e-003
 1.1552371e-003
 1.1491798e-003
 1.1438631e-003
 1.1392649e-003
 1.1353592e-003
 1.1321215e-003
 1.1295273e-003
 1.1275515e-003
 1.1261706e-003
 1.1253594e-003
 1.1250933e-003
 1.1253480e-003
 1.1260988e-003
 1.1273209e-003
 1.1289897e-003
 1.1310816e-003
 1.1335708e-003
 1.1364331e-003
 1.1396438e-003
 1.1431796e-003
 1.1470140e-003
 1.1511232e-003
 1.1554826e-003
 1.1600680e-003
 1.1648556e-003
 1.1698186e-003
 1.1749337e-003
 1.1801762e-003
 1.1855228e-003
 1.1909464e-003
 1.1964239e-003
 1.2019324e-003
 1.2074658e-003
 1.2130206e-003
 1.2185982e-003
