s07_ASD Record=13762:  error bars to preceding                
 1.2692711e-003
 1.1111897e-003
 9.4801525e-004
 7.9407491e-004
 6.6222745e-004
 5.6128675e-004
 4.9586088e-004
 4.6744372e-004
 4.7466494e-004
 5.1257818e-004
 5.7252083e-004
 6.4293481e-004
 7.1102963e-004
 7.6454610e-004
 7.9483294e-004
 8.0006284e-004
 7.8505761e-004
 7.5707125e-004
 7.2131696e-004
 6.7882583e-004
 6.2761176e-004
 5.6622113e-004
 4.9693283e-004
 4.2619288e-004
 3.6253501e-004
 3.1372960e-004
 2.8387897e-004
 2.7228959e-004
 2.7523562e-004
 2.8869923e-004
 3.0952590e-004
 3.3555902e-004
 3.6534248e-004
 3.9773388e-004
 4.3140398e-004
 4.6456733e-004
 4.9501634e-004
 5.2033138e-004
 5.3868076e-004
 5.5022159e-004
 5.5822416e-004
 5.6864234e-004
 5.8755773e-004
 6.1756076e-004
 6.5549480e-004
 6.9343258e-004
 7.2237739e-004
 7.3622394e-004
 7.3357567e-004
 7.1700430e-004
 6.9101586e-004
 6.6021475e-004
 6.2822271e-004
 5.9726281e-004
 5.6830398e-004
 5.4179650e-004
 5.1880575e-004
 5.0184096e-004
 4.9476261e-004
 5.0414097e-004
 5.3186284e-004
 5.6580704e-004
 5.9646851e-004
 6.1383960e-004
 6.0436979e-004
 5.6795107e-004
 5.1799364e-004
 4.6863881e-004
 4.2942725e-004
 4.0319655e-004
 3.8644267e-004
 3.7364199e-004
 3.6243268e-004
 3.5627876e-004
 3.6436261e-004
 3.9892117e-004
 4.6991147e-004
 5.7781837e-004
 7.0770842e-004
 8.2906842e-004
 9.0453681e-004
 9.0534100e-004
 8.2569791e-004
 6.8704423e-004
 5.2860315e-004
 3.8965611e-004
 2.9407462e-004
 2.4517073e-004
 2.3133223e-004
 2.3621081e-004
 2.4660662e-004
 2.5509551e-004
 2.5886408e-004
 2.5775866e-004
 2.5324419e-004
 2.4808774e-004
 2.4589221e-004
 2.5007254e-004
 2.6269670e-004
 2.8380918e-004
 3.1130525e-004
 3.4161514e-004
 3.7151776e-004
 4.0056871e-004
 4.3278010e-004
 4.7523360e-004
 5.3308887e-004
 6.0532097e-004
 6.8540982e-004
 7.6618954e-004
 8.4254460e-004
 9.0729410e-004
 9.4541622e-004
 9.3724398e-004
 8.7287294e-004
 7.6501549e-004
 6.4575061e-004
 5.4833299e-004
 4.9001636e-004
 4.6792612e-004
 4.6600724e-004
 4.6477030e-004
 4.4968686e-004
 4.1701586e-004
 3.7444214e-004
 3.3507071e-004
 3.0875453e-004
 2.9754979e-004
 2.9792235e-004
 3.0604584e-004
 3.2067942e-004
 3.4214283e-004
 3.7080559e-004
 4.0814563e-004
 4.5745427e-004
 5.1856512e-004
 5.7893066e-004
 6.1359885e-004
 6.0096727e-004
 5.4148078e-004
 4.5879264e-004
 3.8140477e-004
 3.2425931e-004
 2.8674529e-004
 2.6290506e-004
 2.4946878e-004
 2.4565100e-004
 2.4989582e-004
 2.5947028e-004
 2.7288275e-004
 2.9242251e-004
 3.2522847e-004
 3.8040095e-004
 4.5968845e-004
 5.4822688e-004
 6.2018208e-004
 6.5980299e-004
 6.7289965e-004
 6.7035959e-004
 6.4626720e-004
 5.8558607e-004
 4.9277185e-004
 3.9899925e-004
 3.3643885e-004
 3.1365349e-004
 3.1901625e-004
 3.3878602e-004
 3.6500025e-004
 3.9056450e-004
 4.0567835e-004
 4.0285985e-004
 3.8394058e-004
 3.6007760e-004
 3.4472317e-004
 3.4616239e-004
 3.6378379e-004
 3.8811637e-004
 4.0494607e-004
 4.0338747e-004
 3.8287914e-004
 3.5283386e-004
 3.2565594e-004
 3.0966228e-004
 3.0571368e-004
 3.0764288e-004
 3.0730438e-004
 3.0272210e-004
 3.0069295e-004
 3.0835019e-004
 3.2381297e-004
 3.3967991e-004
 3.5493990e-004
 3.7932087e-004
 4.2672377e-004
 5.0574134e-004
 6.0856889e-004
 7.0134061e-004
 7.3591736e-004
 6.9171801e-004
 6.0788397e-004
 5.5682828e-004
 5.7600182e-004
 6.3070480e-004
 6.4825470e-004
 5.8738294e-004
 4.7379508e-004
 3.7136849e-004
 3.2546179e-004
 3.3585675e-004
 3.7237059e-004
 4.0220245e-004
 4.0559404e-004
 3.8167948e-004
 3.4809526e-004
 3.3196423e-004
 3.5707263e-004
 4.3466812e-004
 5.5339740e-004
 6.6816161e-004
 7.1301230e-004
 6.5423799e-004
 5.3966098e-004
 4.7629245e-004
 5.3659268e-004
 6.7977741e-004
 7.7871972e-004
 7.4270827e-004
 6.0631387e-004
 4.7976480e-004
 4.3699308e-004
 4.8711087e-004
 6.1449158e-004
 7.7630731e-004
 8.8298542e-004
 8.6294749e-004
 7.4876426e-004
 6.3782686e-004
 5.7306659e-004
 5.1925000e-004
 4.4530127e-004
 3.6917385e-004
 3.2110940e-004
 3.0897098e-004
 3.2530291e-004
 3.5770546e-004
 3.8679590e-004
 3.9483246e-004
 3.8252433e-004
 3.6994583e-004
 3.8511708e-004
 4.5342842e-004
 5.7049515e-004
 6.7353644e-004
 6.8029697e-004
 5.8227975e-004
 4.5875824e-004
 3.7936872e-004
 3.4839759e-004
 3.3998236e-004
 3.3434137e-004
 3.2390258e-004
 3.1235340e-004
 3.0529738e-004
 3.0310304e-004
 3.0935742e-004
 3.3286100e-004
 3.7076641e-004
 3.9974655e-004
 3.9469011e-004
 3.5485456e-004
 3.0804757e-004
 2.8926754e-004
 3.1032434e-004
 3.4636946e-004
 3.6302907e-004
 3.5951060e-004
 3.6515479e-004
 3.9135016e-004
 4.1127449e-004
 3.9580575e-004
 3.5065343e-004
 3.0903643e-004
 2.9435498e-004
 3.0222753e-004
 3.2803862e-004
 3.9376470e-004
 5.1283604e-004
 6.2944007e-004
 6.4791914e-004
 5.4727669e-004
 4.1341750e-004
 3.3530765e-004
 3.2026225e-004
 3.2703756e-004
 3.2992233e-004
 3.2876333e-004
 3.3048363e-004
 3.4239734e-004
 3.6957339e-004
 4.0550783e-004
 4.3077284e-004
 4.2813615e-004
 3.9865816e-004
 3.6267098e-004
 3.4536622e-004
 3.5867083e-004
 3.9447608e-004
 4.3306337e-004
 4.5655179e-004
 4.5966054e-004
 4.5728296e-004
 4.8023014e-004
 5.4583803e-004
 6.2453141e-004
 6.5464055e-004
 6.0805230e-004
 5.2898697e-004
 4.9824413e-004
 5.7113403e-004
 7.2616554e-004
 8.6461258e-004
 8.8893581e-004
 7.8869145e-004
 6.3537370e-004
 5.0722383e-004
 4.3590483e-004
 4.0784580e-004
 3.9551864e-004
 3.8332376e-004
 3.7410602e-004
 3.8526161e-004
 4.4223809e-004
 5.6445383e-004
 7.4223324e-004
 9.2380785e-004
 1.0366687e-003
 1.0356357e-003
 9.3552761e-004
 7.9459697e-004
 6.6451181e-004
 5.5646582e-004
 4.5641346e-004
 3.7341533e-004
 3.6827396e-004
 5.1775324e-004
 8.2761567e-004
 1.1785405e-003
 1.3857631e-003
 1.3358756e-003
 1.0769991e-003
 7.8324857e-004
 6.3098181e-004
 6.8687927e-004
 8.4530964e-004
 9.0121309e-004
 7.7352696e-004
 5.6606508e-004
 4.1997427e-004
 3.5905596e-004
 3.2931913e-004
 3.1178788e-004
 3.3753121e-004
 4.2921657e-004
 5.4460077e-004
 5.9143367e-004
 5.3342967e-004
 4.4668021e-004
 4.1734177e-004
 4.3600640e-004
 4.4231032e-004
 4.1462830e-004
 3.7664638e-004
 3.5736401e-004
 3.6920788e-004
 4.0565943e-004
 4.4539283e-004
 4.6546198e-004
 4.6436145e-004
 4.6999924e-004
 5.1304325e-004
 5.9296069e-004
 6.7060778e-004
 6.9520692e-004
 6.5306004e-004
 5.8528350e-004
 5.4068101e-004
 5.2711298e-004
 5.2238803e-004
 5.0946209e-004
 4.8871641e-004
 4.7138514e-004
 4.7039147e-004
 4.9225939e-004
 5.3086272e-004
 5.6713767e-004
 5.7817739e-004
 5.5267836e-004
 4.9583451e-004
 4.2663160e-004
 3.8691860e-004
 4.4644490e-004
 6.6755462e-004
 9.9072477e-004
 1.2144739e-003
 1.1738610e-003
 8.9216401e-004
 5.5296678e-004
 3.5007219e-004
 3.3642244e-004
 4.1661601e-004
 4.7481293e-004
 4.7614065e-004
 4.6733700e-004
 5.0094415e-004
 5.6741002e-004
 5.9729698e-004
 5.3815276e-004
 4.4287005e-004
 4.6070342e-004
 7.0799561e-004
 1.1220163e-003
 1.4649570e-003
 1.5079103e-003
 1.2354639e-003
 8.3077169e-004
 4.9364025e-004
 3.3662506e-004
 3.7755069e-004
 5.8115512e-004
 8.3124707e-004
 1.1192474e-003
 1.2901995e-003
 1.2572681e-003
 1.0644003e-003
 8.0803945e-004
 5.8475003e-004
 4.7644557e-004
 4.6824935e-004
 5.0633040e-004
 5.3675100e-004
 5.1468547e-004
 4.5542262e-004
 3.9855405e-004
 3.8374201e-004
 4.4253515e-004
 5.5281207e-004
 6.7068345e-004
 7.5220357e-004
 7.6039741e-004
 7.0475874e-004
 5.9701764e-004
 5.0044322e-004
 4.2935452e-004
 3.9405236e-004
 3.8746800e-004
 4.0176796e-004
 4.2911799e-004
 4.6180646e-004
 4.9479253e-004
 5.2567053e-004
 5.5216317e-004
 5.7197968e-004
 5.8295199e-004
 5.8541365e-004
 5.8217579e-004
 5.7615445e-004
 5.7026360e-004
 5.6731293e-004
 5.6773418e-004
 5.6963071e-004
 5.7100842e-004
 5.6987291e-004
 5.6423043e-004
 5.5300159e-004
 5.3866685e-004
 5.2456348e-004
 5.1403494e-004
 5.1041931e-004
 5.1705743e-004
 5.3579535e-004
 5.6271540e-004
 5.9252547e-004
 6.1992067e-004
 6.3960900e-004
 6.4628810e-004
 6.3466368e-004
 6.0228165e-004
 5.5755652e-004
 5.1147229e-004
 4.7503284e-004
 4.5922369e-004
 4.7504174e-004
 5.3348509e-004
 6.4553274e-004
 8.1720517e-004
 1.0356064e-003
 1.2834895e-003
 1.5434992e-003
 1.7983982e-003
 2.0308299e-003
 2.2235303e-003
 2.3592177e-003
 2.4258839e-003
 2.4314104e-003
 2.3882808e-003
 2.3089745e-003
 2.2059958e-003
 2.0918092e-003
 1.9789282e-003
 1.8798140e-003
 1.8042198e-003
 1.7516933e-003
 1.7194692e-003
 1.7047636e-003
 1.7047997e-003
 1.7168007e-003
 1.7379915e-003
 1.7655897e-003
 1.7968249e-003
 1.8289115e-003
 1.8590799e-003
 1.8845459e-003
 1.9031997e-003
 1.9153225e-003
 1.9217470e-003
 1.9233014e-003
 1.9208159e-003
 1.9151210e-003
 1.9070461e-003
 1.8974196e-003
 1.8870734e-003
 1.8768351e-003
 1.8675367e-003
 1.8600060e-003
 1.8548683e-003
 1.8520100e-003
 1.8511561e-003
 1.8520303e-003
 1.8543560e-003
 1.8578582e-003
 1.8622595e-003
 1.8672852e-003
 1.8726581e-003
 1.8781027e-003
 1.8833434e-003
 1.8880526e-003
 1.8917277e-003
 1.8938250e-003
 1.8938023e-003
 1.8911167e-003
 1.8852253e-003
 1.8755861e-003
 1.8616548e-003
 1.8428916e-003
 1.8187492e-003
 1.7889852e-003
 1.7543689e-003
 1.7158876e-003
 1.6745435e-003
 1.6313189e-003
 1.5872174e-003
 1.5432207e-003
 1.5003321e-003
 1.4595343e-003
 1.4218295e-003
 1.3880286e-003
 1.3583706e-003
 1.3329526e-003
 1.3118854e-003
 1.2952683e-003
 1.2832098e-003
 1.2758124e-003
 1.2731804e-003
 1.2754187e-003
 1.2826328e-003
 1.2946923e-003
 1.3106865e-003
 1.3295326e-003
 1.3501559e-003
 1.3714726e-003
 1.3924087e-003
 1.4118801e-003
 1.4288125e-003
 1.4421227e-003
 1.4508925e-003
 1.4547289e-003
 1.4533469e-003
 1.4464629e-003
 1.4337945e-003
 1.4150554e-003
 1.3899663e-003
 1.3582374e-003
 1.3198904e-003
 1.2759090e-003
 1.2274992e-003
 1.1758447e-003
 1.1221524e-003
 1.0676051e-003
 1.0134104e-003
 9.6075691e-004
 9.1142597e-004
 8.6914573e-004
 8.3801593e-004
 8.2215323e-004
 8.2566333e-004
 8.5265469e-004
 9.0724346e-004
 9.9352456e-004
 1.1120253e-003
 1.2516091e-003
 1.3988627e-003
 1.5283203e-003
 1.6438897e-003
 1.7254621e-003
 1.7639460e-003
 1.7580669e-003
 1.7131252e-003
 1.6388783e-003
 1.5472248e-003
 1.4506279e-003
 1.3606221e-003
 1.2857541e-003
 1.2301824e-003
 1.1948200e-003
 1.1791817e-003
 1.1822213e-003
 1.2021487e-003
 1.2358811e-003
 1.2788434e-003
 1.3253227e-003
 1.3691245e-003
 1.4042611e-003
 1.4258299e-003
 1.4308935e-003
 1.4188127e-003
 1.3907671e-003
 1.3490058e-003
 1.2964931e-003
 1.2370904e-003
 1.1759498e-003
 1.1196525e-003
 1.0757966e-003
 1.0521146e-003
 1.0550123e-003
 1.0875870e-003
 1.1478070e-003
 1.2279784e-003
 1.3158930e-003
 1.3971989e-003
 1.4582621e-003
 1.4891142e-003
 1.3406764e-003
 1.3298037e-003
 1.3090658e-003
 1.2805406e-003
 1.2469568e-003
 1.2112904e-003
 1.1763684e-003
 1.1445904e-003
 1.1177871e-003
 1.0971283e-003
 1.0832080e-003
 1.0761867e-003
 1.0759650e-003
 1.0823257e-003
 1.0950327e-003
 1.1138250e-003
 1.1383097e-003
 1.1678514e-003
 1.2014339e-003
 1.2375999e-003
 1.2744869e-003
 1.3098941e-003
 1.3414859e-003
 1.3669811e-003
 1.3843545e-003
 1.3920690e-003
 1.3893704e-003
 1.3765376e-003
 1.3550032e-003
 1.3272980e-003
 1.2966630e-003
 1.2665446e-003
 1.2400335e-003
 1.2194291e-003
 1.2059332e-003
 1.1995516e-003
 1.1992070e-003
 1.2030218e-003
 1.2087262e-003
 1.2140847e-003
 1.2172654e-003
 1.2170676e-003
 1.2130005e-003
 1.2052091e-003
 1.1942993e-003
 1.1811010e-003
 1.1664476e-003
 1.1509946e-003
 1.1351138e-003
 1.1189000e-003
 1.1022316e-003
 1.0849180e-003
 1.0668533e-003
 1.0481536e-003
 1.0292726e-003
 1.0110145e-003
 9.9450874e-004
 9.8109548e-004
 9.7216864e-004
 9.6901611e-004
 9.7264932e-004
 9.8367594e-004
 1.0022080e-003
 1.0278346e-003
 1.0596197e-003
 1.0961568e-003
 1.1356672e-003
 1.1760741e-003
 1.2151580e-003
 1.2506524e-003
 1.2803968e-003
 1.3024890e-003
 1.3154073e-003
 1.3181753e-003
 1.3104752e-003
 1.2927512e-003
 1.2662351e-003
 1.2329193e-003
 1.1953936e-003
 1.1566369e-003
 1.1196904e-003
 1.0872920e-003
 1.0615661e-003
 1.0437287e-003
 1.0339710e-003
 1.0314623e-003
 1.0345282e-003
 1.0409578e-003
 1.0483824e-003
 1.0546710e-003
 1.0582539e-003
 1.0583382e-003
 1.0549609e-003
 1.0488868e-003
 1.0413621e-003
 1.0337896e-003
 1.0273748e-003
 1.0228426e-003
 1.0202685e-003
 1.0190770e-003
 1.0182101e-003
 1.0164219e-003
 1.0126368e-003
 1.0062775e-003
 9.9747872e-004
 9.8713918e-004
 9.7677158e-004
 9.6820790e-004
 9.6319627e-004
 9.6299162e-004
 9.6803356e-004
 9.7777741e-004
 9.9072303e-004
 1.0046503e-003
 1.0170264e-003
 1.0254853e-003
 1.0283153e-003
 1.0248245e-003
 1.0155063e-003
 1.0019577e-003
 9.8656677e-004
 9.7202254e-004
 9.6075755e-004
 9.5447554e-004
 9.5383555e-004
 9.5839670e-004
 9.6679822e-004
 9.7713619e-004
 9.8741171e-004
 9.9596579e-004
 1.0017738e-003
 1.0045826e-003
 1.0048728e-003
 1.0036919e-003
 1.0024263e-003
 1.0025672e-003
 1.0055084e-003
 1.0123886e-003
 1.0239669e-003
 1.0405178e-003
 1.0617543e-003
 1.0867593e-003
 1.1140155e-003
 1.1414951e-003
 1.1668933e-003
 1.1879666e-003
 1.2028891e-003
 1.2106129e-003
 1.2110665e-003
 1.2051784e-003
 1.1946656e-003
 1.1816529e-003
 1.1681927e-003
 1.1558412e-003
 1.1453736e-003
 1.1367260e-003
 1.1291812e-003
 1.1217057e-003
 1.1133653e-003
 1.1036738e-003
 1.0927893e-003
 1.0815262e-003
 1.0711688e-003
 1.0631918e-003
 1.0589359e-003
 1.0593482e-003
 1.0648362e-003
 1.0752431e-003
 1.0899415e-003
 1.1079727e-003
 1.1282233e-003
 1.1495455e-003
 1.1708512e-003
 1.1911573e-003
 1.2095761e-003
 1.2253337e-003
 1.2377657e-003
 1.2463653e-003
 1.2508479e-003
 1.2512199e-003
 1.2478437e-003
 1.2414556e-003
 1.2331189e-003
 1.2240950e-003
 1.2156543e-003
 1.2088355e-003
 1.2042302e-003
 1.2018272e-003
 1.2009809e-003
 1.2005288e-003
 1.1990395e-003
 1.1951423e-003
 1.1878570e-003
 1.1768258e-003
 1.1623922e-003
 1.1454875e-003
 1.1273534e-003
 1.1092121e-003
 1.0919335e-003
 1.0758642e-003
 1.0608187e-003
 1.0462583e-003
 1.0316116e-003
 1.0165914e-003
 1.0014513e-003
 9.8705641e-004
 9.7475381e-004
 9.6608547e-004
 9.6238410e-004
 9.6439570e-004
 9.7199884e-004
 9.8412007e-004
 9.9885173e-004
 1.0137717e-003
 1.0263970e-003
 1.0346548e-003
 1.0373063e-003
 1.0341877e-003
 1.0262401e-003
 1.0152853e-003
 1.0036160e-003
 9.9345995e-004
 9.8647608e-004
 9.8337466e-004
 9.8377850e-004
 9.8635466e-004
 9.8918076e-004
 9.9024782e-004
 9.8797050e-004
 9.8156545e-004
 9.7121450e-004
 9.5796993e-004
 9.4346615e-004
 9.2950737e-004
 9.1765646e-004
 9.0894743e-004
 9.0374885e-004
 9.0183091e-004
 9.0256549e-004
 9.0520864e-004
 9.0917188e-004
 9.1421162e-004
 9.2049321e-004
 9.2850748e-004
 9.3888090e-004
 9.5210806e-004
 9.6829532e-004
 9.8698342e-004
 1.0070783e-003
 1.0269688e-003
 1.0447534e-003
 1.0585886e-003
 1.0670490e-003
 1.0694067e-003
 1.0657883e-003
 1.0571432e-003
 1.0450492e-003
 1.0313884e-003
 1.0180004e-003
 1.0063576e-003
 9.9737628e-004
 9.9135772e-004
 9.8807318e-004
 9.8695548e-004
 9.8732230e-004
 9.8858762e-004
 9.9040533e-004
 9.9272910e-004
 9.9578244e-004
 9.9996419e-004
 1.0057167e-003
 1.0133801e-003
 1.0230732e-003
 1.0345995e-003
 1.0474072e-003
 1.0606066e-003
 1.0730249e-003
 1.0833339e-003
 1.0901983e-003
 1.0924684e-003
 1.0893696e-003
 1.0806710e-003
 1.0667926e-003
 1.0488403e-003
 1.0285272e-003
 1.0079799e-003
 9.8948134e-004
 9.7512093e-004
 9.6647325e-004
 9.6430228e-004
 9.6838060e-004
 9.7745238e-004
 9.8935596e-004
 1.0013151e-003
 1.0103388e-003
 1.0137071e-003
 1.0094284e-003
 9.9661981e-004
 9.7570621e-004
 9.4842695e-004
 9.1758912e-004
 8.8667125e-004
 8.5927820e-004
 8.3857396e-004
 8.2682155e-004
 8.2504284e-004
 8.3291758e-004
 8.4887893e-004
 8.7041559e-004
 8.9447288e-004
 9.1793400e-004
 9.3802734e-004
 9.5266005e-004
 9.6059736e-004
 9.6146739e-004
 9.5564697e-004
 9.4404328e-004
 9.2786306e-004
 9.0840395e-004
 8.8695227e-004
 8.6475792e-004
 8.4307493e-004
 8.2324474e-004
 8.0669479e-004
 7.9488038e-004
 7.8909600e-004
 7.9022616e-004
 7.9850096e-004
 8.1333984e-004
 8.3335041e-004
 8.5652398e-004
 8.8060281e-004
 9.0349617e-004
 9.2370418e-004
 9.4055908e-004
 9.5428625e-004
 9.6584077e-004
 9.7656809e-004
 9.8781369e-004
 1.0005739e-003
 1.0152622e-003
 1.0316673e-003
 1.0490420e-003
 1.0663094e-003
 1.0823022e-003
 1.0959456e-003
 1.1064012e-003
 1.1131145e-003
 1.1158356e-003
 1.1146207e-003
 1.1098413e-003
 1.1022026e-003
 1.0927488e-003
 1.0828144e-003
 1.0738923e-003
 1.0674357e-003
 1.0645981e-003
 1.0660040e-003
 1.0716002e-003
 1.0806640e-003
 1.0919704e-003
 1.1041077e-003
 1.1158354e-003
 1.1264082e-003
 1.1357627e-003
 1.1444951e-003
 1.1536593e-003
 1.1644288e-003
 1.1777106e-003
 1.1938488e-003
 1.2124567e-003
 1.2324478e-003
 1.2522371e-003
 1.2700185e-003
 1.2840985e-003
 1.2931401e-003
 1.2963306e-003
 1.2934239e-003
 1.2846913e-003
 1.2708172e-003
 1.2527915e-003
 1.2318086e-003
 1.2091851e-003
 1.1863204e-003
 1.1646196e-003
 1.1454414e-003
 1.1300007e-003
 1.1192649e-003
 1.1138748e-003
 1.1140769e-003
 1.1197132e-003
 1.1302599e-003
 1.1449188e-003
 1.1627236e-003
 1.1826628e-003
 1.2037944e-003
 1.2253091e-003
 1.2465972e-003
 1.2672477e-003
 1.2870468e-003
 1.3059489e-003
 1.3240010e-003
 1.3412738e-003
 1.3577356e-003
 1.3731368e-003
 1.3869044e-003
 1.3980707e-003
 1.4053120e-003
 1.4070813e-003
 1.4018742e-003
 1.3885644e-003
 1.3667619e-003
 1.3370705e-003
 1.3012036e-003
 1.2618504e-003
 1.2222993e-003
 1.1859429e-003
 1.1556873e-003
 1.1334587e-003
 1.1199531e-003
 1.1146168e-003
 1.1159236e-003
 1.1218076e-003
 1.1301537e-003
 1.1391861e-003
 1.1476828e-003
 1.1549592e-003
 1.1606887e-003
 1.1646413e-003
 1.1664492e-003
 1.1654987e-003
 1.1609794e-003
 1.1520742e-003
 1.1382187e-003
 1.1193578e-003
 1.0960897e-003
 1.0697012e-003
 1.0420452e-003
 1.0153132e-003
 9.9179661e-004
 9.7363198e-004
 9.6261327e-004
 9.6009468e-004
 9.6693722e-004
 9.8351052e-004
 1.0096986e-003
 1.0449209e-003
 1.0881025e-003
 1.1376997e-003
 1.1916750e-003
 1.2475556e-003
 1.3025563e-003
 1.3536946e-003
 1.3980577e-003
 1.4330114e-003
 1.4564820e-003
 1.4671887e-003
 1.4647921e-003
 1.4499716e-003
 1.4243798e-003
 1.3904879e-003
 1.3513106e-003
 1.3101090e-003
 1.2700352e-003
 1.2337962e-003
 1.2034322e-003
 1.1801235e-003
 1.1641716e-003
 1.1550501e-003
 1.1515741e-003
 1.1521498e-003
 1.1550625e-003
 1.1587783e-003
 1.1622172e-003
 1.1649597e-003
 1.1673480e-003
 1.1704614e-003
 1.1759493e-003
 1.1857350e-003
 1.2016327e-003
 1.2249250e-003
 1.2560226e-003
 1.2942323e-003
 1.3377594e-003
 1.3839549e-003
 1.4297059e-003
 1.4720088e-003
 1.5084366e-003
 1.5375016e-003
 1.5587491e-003
 1.5725472e-003
 1.5796974e-003
 1.5809571e-003
 1.5766539e-003
 1.5665409e-003
 1.5499546e-003
 1.5262382e-003
 1.4952790e-003
 1.4580232e-003
 1.4166972e-003
 1.3747346e-003
 1.3362991e-003
 1.3055522e-003
 1.2858917e-003
 1.2792671e-003
 1.2858346e-003
 1.3039567e-003
 1.3305903e-003
 1.3618938e-003
 1.3939730e-003
 1.4235053e-003
 1.4481921e-003
 1.4669374e-003
 1.4797396e-003
 1.4874120e-003
 1.4912036e-003
 1.4923925e-003
 1.4919589e-003
 1.4903961e-003
 1.4877131e-003
 1.4835967e-003
 1.4776604e-003
 1.4696658e-003
 1.4596703e-003
 1.4480667e-003
 1.4355738e-003
 1.4231364e-003
 1.4116880e-003
 1.4018581e-003
 1.3936592e-003
 1.3862955e-003
 1.3781815e-003
 1.3671791e-003
 1.3510539e-003
 1.3280489e-003
 1.2973762e-003
 1.2594321e-003
 1.2157117e-003
 1.1685864e-003
 1.1209272e-003
 1.0757095e-003
 1.0357377e-003
 1.0033349e-003
 9.8009896e-004
 9.6678606e-004
 9.6325314e-004
 9.6854428e-004
 9.8105345e-004
 9.9878502e-004
 1.0196372e-003
 1.0417124e-003
 1.0635417e-003
 1.0842391e-003
 1.1035196e-003
 1.1215445e-003
 1.1387190e-003
 1.1554334e-003
 1.1718578e-003
 1.1877989e-003
 1.2026008e-003
 1.2151486e-003
 1.2239405e-003
 1.2272780e-003
 1.2235256e-003
 1.2114106e-003
 1.1903099e-003
 1.1604123e-003
 1.1227999e-003
 1.0793480e-003
 1.0325701e-003
 9.8534103e-004
 9.4055221e-004
 9.0083200e-004
 8.6827436e-004
 8.4431079e-004
 8.2959083e-004
 8.2394516e-004
 8.2643324e-004
 8.3545031e-004
 8.4885390e-004
 8.6417468e-004
 8.7890716e-004
 8.9080812e-004
 8.9820224e-004
 9.0019871e-004
 8.9681568e-004
 8.8894193e-004
 8.7816472e-004
 8.6648861e-004
 8.5598975e-004
 8.4848952e-004
 8.4527337e-004
 8.4693771e-004
 8.5335813e-004
 8.6380146e-004
 8.7713642e-004
 8.9212146e-004
 9.0767723e-004
 9.2311966e-004
 9.3829335e-004
 9.5356017e-004
 9.6968753e-004
 9.8760880e-004
 1.0081446e-003
 1.0317303e-003
 1.0581772e-003
 1.0865798e-003
 1.1153130e-003
 1.1421943e-003
 1.1647552e-003
 1.1805488e-003
 1.1875072e-003
 1.1842190e-003
 1.1701446e-003
 1.1456946e-003
 1.1122125e-003
 1.0718453e-003
 1.0273214e-003
 9.8174275e-004
 9.3828840e-004
 9.0000668e-004
 8.6956879e-004
 8.4905978e-004
 8.3983020e-004
 8.4234722e-004
 8.5613254e-004
 8.7976077e-004
 9.1098249e-004
 9.4692543e-004
 9.8445197e-004
 1.0205365e-003
 1.0527062e-003
 1.0794298e-003
 1.1003453e-003
 1.1163504e-003
 1.1294265e-003
 1.1422740e-003
 1.1577734e-003
 1.1783568e-003
 1.2054252e-003
 1.2389319e-003
 1.2771810e-003
 1.3169926e-003
 1.3541075e-003
 1.3838710e-003
 1.4020297e-003
 1.4054745e-003
 1.3928524e-003
 1.3648698e-003
 1.3243047e-003
 1.2756366e-003
 1.2244323e-003
 1.1764677e-003
 1.1369024e-003
 1.1095025e-003
 1.0961131e-003
 1.0965890e-003
 1.1090481e-003
 1.1303568e-003
 1.1567153e-003
 1.1842602e-003
 1.2095348e-003
 1.2298326e-003
 1.2433873e-003
 1.2494966e-003
 1.2484784e-003
 1.2414907e-003
 1.2302623e-003
 1.2167726e-003
 1.2029600e-003
 1.1904768e-003
 1.1805717e-003
 1.1740604e-003
 1.1713874e-003
 1.1727459e-003
 1.1782065e-003
 1.1878188e-003
 1.2016726e-003
 1.2199230e-003
 1.2427359e-003
 1.2702234e-003
 1.3023302e-003
 1.3387448e-003
 1.3788464e-003
 1.4216448e-003
 1.4658235e-003
 1.5097533e-003
 1.5516209e-003
 1.5896007e-003
 1.6220104e-003
 1.6475164e-003
 1.6653038e-003
 1.6751693e-003
 1.6775705e-003
 1.6735544e-003
 1.6646270e-003
 1.6525493e-003
 1.6391167e-003
 1.6259218e-003
 1.6141747e-003
 1.6045700e-003
 1.5972387e-003
 1.5917957e-003
 1.5874536e-003
 1.5832097e-003
 1.5780590e-003
 1.5712082e-003
 1.5622624e-003
 1.5513392e-003
 1.5391145e-003
 1.5267709e-003
 1.5158594e-003
 1.5081131e-003
 1.5052104e-003
 1.5085430e-003
 1.5190197e-003
 1.5369359e-003
 1.5619167e-003
 1.5929579e-003
 1.6285642e-003
 1.6669084e-003
 1.7060835e-003
 1.7442910e-003
 1.7800420e-003
 1.8122996e-003
 1.8405070e-003
 1.8645964e-003
 1.8848743e-003
 1.9018914e-003
 1.9162769e-003
 1.9285562e-003
 1.9390243e-003
 1.9476431e-003
 1.9540207e-003
 1.9574582e-003
 1.9570568e-003
 1.9518863e-003
 1.9411776e-003
 1.9245186e-003
 1.9020049e-003
 1.8743471e-003
 1.8428735e-003
 1.8094240e-003
 1.7761857e-003
 1.7453951e-003
 1.7190550e-003
 1.6986110e-003
 1.6846868e-003
 1.6769378e-003
 1.6740051e-003
 1.6736375e-003
 1.6729403e-003
 1.6687366e-003
 1.6579890e-003
 1.6382152e-003
 1.6078529e-003
 1.5665056e-003
 1.5150149e-003
 1.4554289e-003
 1.3907356e-003
 1.3245777e-003
 1.2608381e-003
 1.2032193e-003
 1.1549426e-003
 1.1184617e-003
 1.0953100e-003
 1.0861033e-003
 1.0905897e-003
 1.1077948e-003
 1.1361766e-003
 1.1738078e-003
 1.2184989e-003
 1.2679596e-003
 1.3198586e-003
 1.3719240e-003
 1.4220610e-003
 1.4684180e-003
 1.5095511e-003
 1.5445011e-003
 1.5729114e-003
 1.5951000e-003
 1.6119917e-003
 1.6249755e-003
 1.6356895e-003
 1.6458028e-003
 1.6567932e-003
 1.6697468e-003
 1.6852288e-003
 1.7032031e-003
 1.7229790e-003
 1.7431717e-003
 1.7617266e-003
 1.7760536e-003
 1.7832537e-003
 1.7804151e-003
 1.7649832e-003
 1.7351630e-003
 1.6902559e-003
 1.6307824e-003
 1.5585239e-003
 1.4825111e-003
 1.3890074e-003
 1.2932384e-003
 1.1994236e-003
 1.1114142e-003
 1.0322576e-003
 9.6404745e-004
 9.0796547e-004
 8.6452306e-004
 8.3388964e-004
 8.1604347e-004
 8.1086927e-004
 8.1810157e-004
 8.3721412e-004
 8.6726551e-004
 9.0679748e-004
 9.5380493e-004
 1.0057281e-003
 1.0596298e-003
 1.1123096e-003
 1.1604672e-003
 1.2008576e-003
 1.2304396e-003
 1.2466908e-003
 1.2479399e-003
 1.2337259e-003
 1.2049290e-003
 1.1636497e-003
 1.1128591e-003
 1.0560652e-003
 9.9700561e-004
 9.3940459e-004
 8.8681543e-004
 8.4230729e-004
 8.0820028e-004
 7.8577385e-004
 7.7515771e-004
 7.7545701e-004
 7.8500982e-004
 8.0170337e-004
 8.2321209e-004
 8.4718823e-004
 8.7139709e-004
 8.9390308e-004
 9.1328810e-004
 9.2881860e-004
 9.4053842e-004
 9.4918080e-004
 9.5599151e-004
 9.6252153e-004
 9.7044965e-004
 9.8145648e-004
 9.9708512e-004
 1.0185661e-003
 1.0466157e-003
 1.0812284e-003
 1.1216283e-003
 1.1663178e-003
 1.2132755e-003
 1.2601877e-003
 1.3045865e-003
 1.3440317e-003
 1.3762176e-003
 1.3991860e-003
 1.4115651e-003
 1.4127602e-003
 1.4030518e-003
 1.3835020e-003
 1.3557595e-003
 1.3218068e-003
 1.2837946e-003
 1.2439033e-003
 1.2042195e-003
 1.1666480e-003
 1.1327337e-003
 1.1035698e-003
 1.0797323e-003
 1.0613237e-003
 1.0481130e-003
 1.0396563e-003
 1.0354151e-003
 1.0348153e-003
 1.0372871e-003
 1.0422926e-003
 1.0493540e-003
 1.0580723e-003
 1.0681363e-003
 1.0793192e-003
 1.0914494e-003
 1.1043898e-003
 1.1180216e-003
 1.1322140e-003
 1.1468153e-003
 1.1616076e-003
 1.1762705e-003
 1.1903502e-003
 1.2032317e-003
 1.2141685e-003
 1.2223072e-003
 1.2267389e-003
 1.2265424e-003
 1.2208362e-003
 1.2088628e-003
 1.1901306e-003
 1.1645908e-003
 1.1327820e-003
 1.0959160e-003
 1.0557851e-003
 1.0146333e-003
 9.7496278e-004
 9.3936367e-004
 9.1041182e-004
 8.9047546e-004
 8.8151119e-004
 8.8476157e-004
 9.0050884e-004
 9.2796958e-004
 9.6539303e-004
 1.0103342e-003
 1.0599102e-003
 1.1110795e-003
 1.1607888e-003
 1.2061835e-003
 1.2448767e-003
 1.2752224e-003
 1.2966242e-003
 1.3096175e-003
 1.3157751e-003
 1.3174315e-003
 1.3173682e-003
 1.3185579e-003
 1.3239546e-003
 1.3362691e-003
 1.3576731e-003
 1.3894144e-003
 1.4315116e-003
 1.4825972e-003
 1.5400567e-003
 1.6003828e-003
 1.6595084e-003
 1.7131435e-003
 1.7570541e-003
 1.7873097e-003
 1.8007247e-003
 1.7953247e-003
 1.7708048e-003
 1.7286881e-003
 1.6721739e-003
 1.6056602e-003
 1.5342899e-003
 1.4635235e-003
 1.3987987e-003
 1.3452763e-003
 1.3073768e-003
 1.2883393e-003
 1.2897616e-003
 1.3114362e-003
 1.3515177e-003
 1.4069725e-003
 1.4740342e-003
 1.5485970e-003
 1.6265103e-003
 1.7037247e-003
 1.7765339e-003
 1.8418439e-003
 1.8973273e-003
 1.9415698e-003
 1.9739368e-003
 1.9943882e-003
 2.0032481e-003
 2.0010141e-003
 1.9882773e-003
 1.9657046e-003
 1.9340826e-003
 1.8943674e-003
 1.8477767e-003
 1.7957783e-003
 1.7401015e-003
 1.6826567e-003
 1.6254379e-003
 1.5705040e-003
 1.5198647e-003
 1.4754422e-003
 1.4389267e-003
 1.4116114e-003
 1.3942844e-003
 1.3871462e-003
 1.3898835e-003
 1.4017936e-003
 1.4219467e-003
 1.4492915e-003
 1.4827166e-003
 1.5210806e-003
 1.5631636e-003
 1.6076684e-003
 1.6531541e-003
 1.6980370e-003
 1.7406205e-003
 1.7790939e-003
 1.8116157e-003
 1.8363270e-003
 1.8514568e-003
 1.8554264e-003
 1.8470961e-003
 1.8260259e-003
 1.7927565e-003
 1.7488821e-003
 1.6969644e-003
 1.6402603e-003
 1.5824864e-003
 1.5274929e-003
 1.4791075e-003
 1.4409466e-003
 1.4160398e-003
 1.4065048e-003
 1.4132095e-003
 1.4356240e-003
 1.4719677e-003
 1.5195487e-003
 1.5750886e-003
 1.6350932e-003
 1.6960397e-003
 1.7545164e-003
 1.8075355e-003
 1.8527478e-003
 1.8886479e-003
 1.9147340e-003
 1.9313711e-003
 1.9395585e-003
 1.9406952e-003
 1.9363558e-003
 1.9281597e-003
 1.9176833e-003
 1.9063522e-003
 1.8953414e-003
 1.8854924e-003
 1.8772609e-003
 1.8707631e-003
 1.8658682e-003
 1.8622900e-003
 1.8596727e-003
 1.8576416e-003
 1.8558399e-003
 1.8539613e-003
 1.8517890e-003
 1.8492303e-003
 1.8463263e-003
 1.8432405e-003
 1.8402283e-003
 1.8375965e-003
 1.8356749e-003
 1.8347934e-003
 1.8352538e-003
 1.8372985e-003
 1.8410704e-003
 1.8465716e-003
 1.8536551e-003
 1.8620385e-003
 1.8713317e-003
 1.8810909e-003
 1.8908470e-003
 1.9001248e-003
 1.9084845e-003
 1.9155482e-003
 1.9210475e-003
 1.9248580e-003
 1.9270222e-003
 1.9277289e-003
 1.9272747e-003
 1.9260215e-003
 1.9243575e-003
 1.9226715e-003
 1.9213203e-003
 1.9205916e-003
 1.9206556e-003
 1.9215230e-003
 1.9230277e-003
 1.9248448e-003
 1.9265307e-003
 1.9275745e-003
 1.9274371e-003
 1.9255885e-003
 1.9215512e-003
 1.9149603e-003
 1.9056483e-003
 1.8937038e-003
 1.8795059e-003
 1.8636901e-003
 1.8470956e-003
 1.8306636e-003
 1.8153830e-003
 1.8022463e-003
 1.7921685e-003
 1.7859188e-003
 1.7840218e-003
 1.7866575e-003
 1.7936332e-003
 1.8044206e-003
 1.8182335e-003
 1.8341448e-003
 1.8511629e-003
 1.8682756e-003
 1.8845286e-003
 1.8990753e-003
 1.9112444e-003
 1.9206261e-003
 1.9270869e-003
 1.9307397e-003
 1.9318882e-003
 1.9309446e-003
 1.9283729e-003
 1.9246530e-003
 1.9202499e-003
 1.9155890e-003
 1.9110311e-003
 1.9068414e-003
 1.9031833e-003
 1.9001298e-003
 1.8976836e-003
 1.8958071e-003
 1.8944429e-003
 1.8935284e-003
 1.8930006e-003
 1.8928051e-003
 1.8929008e-003
 1.8932648e-003
 1.8938954e-003
 1.8948084e-003
 1.8960336e-003
 1.8976087e-003
 1.8995709e-003
 1.9019500e-003
 1.9047519e-003
 1.9079329e-003
 1.9113640e-003
 1.9148058e-003
 1.9178940e-003
 1.9201488e-003
 1.9210109e-003
 1.9198720e-003
 1.9161107e-003
 1.9091277e-003
 1.8984004e-003
 1.8835644e-003
 1.8645381e-003
 1.8415974e-003
 1.8154219e-003
 1.7870780e-003
 1.7578839e-003
 1.7293168e-003
 1.7029389e-003
 1.6802773e-003
 1.6627559e-003
 1.6515766e-003
 1.6475334e-003
 1.6508907e-003
 1.6613236e-003
 1.6779642e-003
 1.6995574e-003
 1.7246183e-003
 1.7515386e-003
 1.7787167e-003
 1.8046240e-003
 1.8278898e-003
 1.8474610e-003
 1.8626839e-003
 1.8733561e-003
 1.8796737e-003
 1.8821404e-003
 1.8814353e-003
 1.8783223e-003
 1.8735881e-003
 1.8679955e-003
 1.8622482e-003
 1.8569346e-003
 1.8524932e-003
 1.8491977e-003
 1.8471678e-003
 1.8464130e-003
 1.8468758e-003
 1.8484647e-003
 1.8510747e-003
 1.8545946e-003
 1.8589037e-003
 1.8638750e-003
 1.8693695e-003
 1.8752313e-003
 1.8812958e-003
 1.8873885e-003
 1.8933313e-003
 1.8989405e-003
 1.9040407e-003
 1.9084667e-003
 1.9120736e-003
 1.9147587e-003
 1.9164711e-003
 1.9172168e-003
 1.9170562e-003
 1.9160877e-003
 1.9144326e-003
 1.9122247e-003
 1.9095998e-003
 1.9066924e-003
 1.9036342e-003
 1.9005450e-003
 1.8975327e-003
 1.8946934e-003
 1.8921081e-003
 1.8898494e-003
 1.8879852e-003
 1.8865782e-003
 1.8856882e-003
 1.8853677e-003
 1.8856560e-003
 1.8865694e-003
 1.8880944e-003
 1.8901825e-003
 1.8927560e-003
 1.8957149e-003
 1.8989439e-003
 1.9023239e-003
 1.9057349e-003
 1.9090630e-003
 1.9122039e-003
 1.9150762e-003
 1.9176264e-003
 1.9198296e-003
 1.9216913e-003
 1.9232366e-003
 1.9245021e-003
 1.9255311e-003
 1.9263679e-003
 1.9270536e-003
 1.9276234e-003
 1.9281012e-003
 1.9284958e-003
 1.9287989e-003
 1.9289874e-003
 1.9290270e-003
 1.9288771e-003
 1.9284956e-003
 1.9278438e-003
 1.9268960e-003
 1.9256525e-003
 1.9241568e-003
 1.9225114e-003
 1.9208853e-003
 1.9195052e-003
 1.9186417e-003
 1.9185910e-003
 1.9196578e-003
 1.9221423e-003
 1.9263166e-003
 1.9323989e-003
 1.9405157e-003
 1.9506612e-003
 1.9626953e-003
 1.9763494e-003
 1.9912662e-003
 2.0070244e-003
 2.0231954e-003
 2.0393722e-003
 2.0552101e-003
 2.0705352e-003
 2.0854396e-003
 2.1003636e-003
 2.1161577e-003
 2.1340277e-003
 2.1554506e-003
 2.1820420e-003
 2.2154918e-003
 2.2574710e-003
 2.3094870e-003
 2.3727878e-003
 2.4481474e-003
 2.5356293e-003
 2.6346233e-003
 2.7438747e-003
 2.8615643e-003
 2.9856623e-003
 3.1139806e-003
 3.2443341e-003
 3.3744953e-003
 3.5024704e-003
 3.6265054e-003
 3.7450851e-003
 3.8571465e-003
 3.9619473e-003
 4.0589115e-003
 4.1476847e-003
 4.2279526e-003
 4.2994283e-003
 4.3617431e-003
 4.4145016e-003
 4.4571599e-003
 4.4889590e-003
 4.5089647e-003
 4.5160437e-003
 4.5089237e-003
 4.4862642e-003
 4.4466965e-003
 4.3889545e-003
 4.3119574e-003
 4.2150766e-003
 4.0983921e-003
 3.9630714e-003
 3.8113098e-003
 3.6462888e-003
 3.4720476e-003
 3.2929452e-003
 3.1135201e-003
 2.9384284e-003
 2.7719769e-003
 2.6180167e-003
 2.4795271e-003
 2.3584422e-003
 2.2553303e-003
 2.1696363e-003
 2.1000220e-003
 2.0445827e-003
 2.0011885e-003
 1.9676730e-003
 1.9418878e-003
 1.9218568e-003
 1.9058784e-003
 1.8926419e-003
 1.8812454e-003
 1.8711692e-003
 1.8621809e-003
 1.8542092e-003
 1.8472660e-003
 1.8413975e-003
 1.8366473e-003
 1.8330450e-003
 1.8305948e-003
 1.8292579e-003
 1.8289533e-003
 1.8295604e-003
 1.8309291e-003
 1.8328929e-003
 1.8352782e-003
 1.8379103e-003
 1.8406237e-003
 1.8432708e-003
 1.8457319e-003
 1.8479297e-003
 1.8498305e-003
 1.8514417e-003
 1.8527998e-003
 1.8539604e-003
 1.8549877e-003
 1.8559461e-003
 1.8568966e-003
 1.8578882e-003
 1.8589494e-003
 1.8600817e-003
 1.8612562e-003
 1.8624169e-003
 1.8634896e-003
 1.8643903e-003
 1.8650317e-003
 1.8653299e-003
 1.8652141e-003
 1.8646365e-003
 1.8635882e-003
 1.8621093e-003
 1.8602958e-003
 1.8582966e-003
 1.8562999e-003
 1.8545187e-003
 1.8531763e-003
 1.8524973e-003
 1.8526999e-003
 1.8539934e-003
 1.8565739e-003
 1.8604336e-003
 1.8646511e-003
 1.8708111e-003
 1.8768193e-003
 1.8819540e-003
 1.8854925e-003
 1.8867111e-003
 1.8848865e-003
 1.8792960e-003
 1.8692166e-003
 1.8539251e-003
 1.8327929e-003
 1.8061431e-003
 1.7747951e-003
 1.7395775e-003
 1.7013097e-003
 1.6608388e-003
 1.6189845e-003
 1.5765756e-003
 1.5344310e-003
 1.4933994e-003
 1.4542997e-003
 1.4179606e-003
 1.3852032e-003
 1.3568723e-003
 1.3337022e-003
 1.3156490e-003
 1.3022472e-003
 1.2930250e-003
 1.2875174e-003
 1.2852519e-003
 1.2857588e-003
 1.2885694e-003
 1.2932129e-003
 1.2992193e-003
 1.3061195e-003
 1.3134457e-003
 1.3207241e-003
 1.3274872e-003
 1.3332650e-003
 1.3375882e-003
 1.3399870e-003
 1.3399910e-003
 1.3371793e-003
 1.3315615e-003
 1.3233701e-003
 1.3128466e-003
 1.3002257e-003
 1.2857447e-003
 1.2696367e-003
 1.2521460e-003
 1.2335064e-003
 1.2139545e-003
 1.1937275e-003
 1.1730575e-003
 1.1521912e-003
 1.1313608e-003
 1.1108031e-003
 1.0907508e-003
 1.0714501e-003
 1.0531333e-003
 1.0360373e-003
 1.0203959e-003
 1.0064532e-003
 9.9444226e-004
 9.8457513e-004
 9.7684667e-004
 9.7114674e-004
 9.6735865e-004
 9.6536812e-004
 9.6506067e-004
 9.6632179e-004
 9.6903689e-004
 9.7309134e-004
 9.7837066e-004
 9.8476186e-004
 9.9214772e-004
 1.0004148e-003
 1.0094487e-003
 1.0191374e-003
 1.0293614e-003
 1.0400089e-003
 1.0509650e-003
 1.0621154e-003
 1.0733482e-003
 1.0845435e-003
 1.0955897e-003
 1.1063719e-003
 1.1167781e-003
 1.1266891e-003
 1.1359927e-003
 1.1445850e-003
 1.1524516e-003
 1.1596162e-003
 1.1661078e-003
 1.1719542e-003
 1.1771827e-003
 1.1818217e-003
 1.1858965e-003
 1.1894357e-003
 1.1924667e-003
 1.1950179e-003
 1.1971151e-003
 1.1987865e-003
 1.2000597e-003
 1.2009621e-003
 1.2015209e-003
 1.2017639e-003
 1.2017181e-003
 1.2014112e-003
 1.2008710e-003
 1.2001245e-003
 1.1991994e-003
 1.1981230e-003
 1.1969225e-003
 1.1956259e-003
 1.1942605e-003
 1.1928537e-003
 1.1914325e-003
 1.1900250e-003
 1.1886584e-003
 1.1873598e-003
 1.1861506e-003
 1.1850510e-003
 1.1840808e-003
