s07_ASD Record=8748:  error bars to preceding                
 1.9582119e-003
 1.6330248e-003
 1.3620419e-003
 1.1615896e-003
 1.0329789e-003
 9.6675992e-004
 9.4871817e-004
 9.6341921e-004
 9.9561864e-004
 1.0313969e-003
 1.0596038e-003
 1.0728893e-003
 1.0680567e-003
 1.0462063e-003
 1.0128944e-003
 9.7640377e-004
 9.4415684e-004
 9.1962947e-004
 9.0155524e-004
 8.8533654e-004
 8.6599012e-004
 8.4130757e-004
 8.1336865e-004
 7.8763964e-004
 7.7078817e-004
 7.6857844e-004
 7.8399980e-004
 8.1640045e-004
 8.6206605e-004
 9.1552571e-004
 9.7047398e-004
 1.0209010e-003
 1.0617322e-003
 1.0885762e-003
 1.0983107e-003
 1.0904706e-003
 1.0672417e-003
 1.0331223e-003
 9.9482515e-004
 9.6039602e-004
 9.3723781e-004
 9.2971930e-004
 9.3747256e-004
 9.5550157e-004
 9.7629300e-004
 9.9282537e-004
 1.0007551e-003
 9.9869189e-004
 9.8686491e-004
 9.6565590e-004
 9.3537767e-004
 8.9747750e-004
 8.5605885e-004
 8.1832206e-004
 7.9336978e-004
 7.9020514e-004
 8.1459543e-004
 8.6493243e-004
 9.3266880e-004
 1.0004285e-003
 1.0383318e-003
 1.0378553e-003
 1.0027484e-003
 9.3682314e-004
 8.5679675e-004
 7.9100329e-004
 7.5490540e-004
 7.4910815e-004
 7.6620193e-004
 7.9439132e-004
 8.2257256e-004
 8.4397808e-004
 8.5621717e-004
 8.5918081e-004
 8.5326697e-004
 8.3895517e-004
 8.1733463e-004
 7.9059601e-004
 7.6175440e-004
 7.3377008e-004
 7.0881069e-004
 6.8824436e-004
 6.7317946e-004
 6.6488242e-004
 6.6452153e-004
 6.7238946e-004
 6.8726431e-004
 7.0650788e-004
 7.2690810e-004
 7.4574456e-004
 7.6142710e-004
 7.7345216e-004
 7.8193442e-004
 7.8737311e-004
 7.9114706e-004
 7.9651875e-004
 8.0887805e-004
 8.3338958e-004
 8.7010354e-004
 9.1058004e-004
 9.4050501e-004
 9.4813370e-004
 9.3231577e-004
 9.0422330e-004
 8.8212366e-004
 8.8138564e-004
 9.0680184e-004
 9.5223548e-004
 1.0047788e-003
 1.0499887e-003
 1.0768489e-003
 1.0815229e-003
 1.0684133e-003
 1.0477196e-003
 1.0308757e-003
 1.0259668e-003
 1.0341437e-003
 1.0479923e-003
 1.0540708e-003
 1.0405887e-003
 1.0060058e-003
 9.6089998e-004
 9.2036300e-004
 8.9380512e-004
 8.8160695e-004
 8.7989576e-004
 8.8645436e-004
 9.0237951e-004
 9.3044847e-004
 9.7259803e-004
 1.0266377e-003
 1.0833752e-003
 1.1281512e-003
 1.1482798e-003
 1.1406040e-003
 1.1115414e-003
 1.0698726e-003
 1.0211224e-003
 9.6974440e-004
 9.2434365e-004
 8.9724257e-004
 8.9819729e-004
 9.2935079e-004
 9.8452938e-004
 1.0498390e-003
 1.1052506e-003
 1.1312515e-003
 1.1196890e-003
 1.0797870e-003
 1.0325173e-003
 9.9745602e-004
 9.8285719e-004
 9.8558597e-004
 9.9839317e-004
 1.0166294e-003
 1.0386333e-003
 1.0611606e-003
 1.0766508e-003
 1.0768740e-003
 1.0597613e-003
 1.0321251e-003
 1.0054450e-003
 9.8870788e-004
 9.8390051e-004
 9.8669704e-004
 9.9156960e-004
 9.9775405e-004
 1.0107615e-003
 1.0367574e-003
 1.0741585e-003
 1.1107101e-003
 1.1298371e-003
 1.1219027e-003
 1.0920481e-003
 1.0582809e-003
 1.0399397e-003
 1.0451477e-003
 1.0690248e-003
 1.1035961e-003
 1.1448074e-003
 1.1863098e-003
 1.2125333e-003
 1.2080480e-003
 1.1739987e-003
 1.1278936e-003
 1.0867056e-003
 1.0556721e-003
 1.0316686e-003
 1.0096411e-003
 9.8571950e-004
 9.6111587e-004
 9.4358250e-004
 9.3983719e-004
 9.4815792e-004
 9.6410653e-004
 9.8907063e-004
 1.0228676e-003
 1.0502170e-003
 1.0474125e-003
 1.0063070e-003
 9.4524992e-004
 8.9472946e-004
 8.7658921e-004
 8.9558488e-004
 9.4287423e-004
 1.0028537e-003
 1.0593011e-003
 1.1003998e-003
 1.1216250e-003
 1.1248852e-003
 1.1151551e-003
 1.0987138e-003
 1.0835689e-003
 1.0759061e-003
 1.0716770e-003
 1.0571774e-003
 1.0265567e-003
 9.9468941e-004
 9.8160701e-004
 9.8708528e-004
 9.9374412e-004
 9.9507370e-004
 1.0071801e-003
 1.0469671e-003
 1.1048033e-003
 1.1477586e-003
 1.1541885e-003
 1.1387822e-003
 1.1339872e-003
 1.1518656e-003
 1.1766957e-003
 1.1904363e-003
 1.1902192e-003
 1.1806983e-003
 1.1624467e-003
 1.1346573e-003
 1.1043837e-003
 1.0833251e-003
 1.0707907e-003
 1.0499370e-003
 1.0138721e-003
 9.8564685e-004
 9.9150499e-004
 1.0219380e-003
 1.0437320e-003
 1.0441724e-003
 1.0380273e-003
 1.0380258e-003
 1.0440153e-003
 1.0552780e-003
 1.0696807e-003
 1.0787367e-003
 1.0821231e-003
 1.0928551e-003
 1.1137455e-003
 1.1256413e-003
 1.1125258e-003
 1.0818258e-003
 1.0565390e-003
 1.0561344e-003
 1.0797255e-003
 1.1090215e-003
 1.1317712e-003
 1.1459333e-003
 1.1450114e-003
 1.1274751e-003
 1.1070843e-003
 1.0900886e-003
 1.0673309e-003
 1.0417884e-003
 1.0353840e-003
 1.0614842e-003
 1.1082616e-003
 1.1562940e-003
 1.2079399e-003
 1.2739649e-003
 1.3162064e-003
 1.2622554e-003
 1.1169334e-003
 9.7724330e-004
 9.0838398e-004
 8.9316798e-004
 9.0599206e-004
 9.5584383e-004
 1.0410795e-003
 1.1221237e-003
 1.1556932e-003
 1.1394250e-003
 1.1066378e-003
 1.0794310e-003
 1.0546223e-003
 1.0385731e-003
 1.0580317e-003
 1.1234096e-003
 1.2161392e-003
 1.3224207e-003
 1.4388941e-003
 1.5349039e-003
 1.5614789e-003
 1.5189660e-003
 1.4655133e-003
 1.4393111e-003
 1.4274520e-003
 1.4267216e-003
 1.4677796e-003
 1.5518173e-003
 1.6226320e-003
 1.6331084e-003
 1.5997244e-003
 1.5723922e-003
 1.5800798e-003
 1.6173753e-003
 1.6646854e-003
 1.7066103e-003
 1.7281678e-003
 1.7032844e-003
 1.6114210e-003
 1.4704148e-003
 1.3367989e-003
 1.2618386e-003
 1.2450974e-003
 1.2451594e-003
 1.2234390e-003
 1.1672981e-003
 1.0904935e-003
 1.0271790e-003
 1.0161238e-003
 1.0738997e-003
 1.1773363e-003
 1.2779203e-003
 1.3393929e-003
 1.3636118e-003
 1.3806474e-003
 1.4149693e-003
 1.4614823e-003
 1.4927409e-003
 1.4869260e-003
 1.4483795e-003
 1.4040862e-003
 1.3848111e-003
 1.4092214e-003
 1.4769491e-003
 1.5645702e-003
 1.6267087e-003
 1.6159076e-003
 1.5206010e-003
 1.3878879e-003
 1.2950255e-003
 1.2861999e-003
 1.3338911e-003
 1.3658741e-003
 1.3366356e-003
 1.2717841e-003
 1.2276053e-003
 1.2006380e-003
 1.1607059e-003
 1.1191564e-003
 1.1124571e-003
 1.1584033e-003
 1.2489803e-003
 1.3575398e-003
 1.4306374e-003
 1.4077458e-003
 1.2947245e-003
 1.1865023e-003
 1.1616348e-003
 1.1970302e-003
 1.2358887e-003
 1.2719445e-003
 1.3102668e-003
 1.3091025e-003
 1.2231248e-003
 1.0809014e-003
 9.9379430e-004
 1.0722161e-003
 1.2909921e-003
 1.4787671e-003
 1.5260314e-003
 1.5178828e-003
 1.5577161e-003
 1.5970588e-003
 1.5664023e-003
 1.5312354e-003
 1.5857782e-003
 1.6990071e-003
 1.7640523e-003
 1.7320854e-003
 1.6519378e-003
 1.6129579e-003
 1.6546055e-003
 1.7316821e-003
 1.7807297e-003
 1.7912628e-003
 1.7898697e-003
 1.7913306e-003
 1.7855233e-003
 1.7557972e-003
 1.6952899e-003
 1.6070469e-003
 1.5038450e-003
 1.4014060e-003
 1.3104931e-003
 1.2376014e-003
 1.1859558e-003
 1.1571166e-003
 1.1511042e-003
 1.1670133e-003
 1.2049825e-003
 1.2694920e-003
 1.3683073e-003
 1.5009453e-003
 1.6399425e-003
 1.7336344e-003
 1.7413708e-003
 1.6775696e-003
 1.6095007e-003
 1.6025853e-003
 1.6659463e-003
 1.7529874e-003
 1.8104385e-003
 1.8189520e-003
 1.7951992e-003
 1.7668250e-003
 1.7540194e-003
 1.7658368e-003
 1.7998123e-003
 1.8363178e-003
 1.8356345e-003
 1.7484645e-003
 1.5951149e-003
 1.3834470e-003
 1.2207425e-003
 1.1735098e-003
 1.2297214e-003
 1.3458404e-003
 1.4782598e-003
 1.5883598e-003
 1.6706374e-003
 1.7329046e-003
 1.7830158e-003
 1.8269388e-003
 1.8583450e-003
 1.8659183e-003
 1.8383228e-003
 1.7673249e-003
 1.6651124e-003
 1.5521636e-003
 1.4489694e-003
 1.3741564e-003
 1.3336970e-003
 1.3310510e-003
 1.3679768e-003
 1.4415131e-003
 1.5416271e-003
 1.6478349e-003
 1.7392469e-003
 1.7949297e-003
 1.7949806e-003
 1.7420246e-003
 1.6610845e-003
 1.5781149e-003
 1.5191052e-003
 1.5090362e-003
 1.5509395e-003
 1.6261926e-003
 1.7152283e-003
 1.7985166e-003
 1.8570862e-003
 1.8852541e-003
 1.8903122e-003
 1.8801066e-003
 1.8624836e-003
 1.8452851e-003
 1.8345681e-003
 1.8294662e-003
 1.8274294e-003
 1.8259091e-003
 1.8223566e-003
 1.8142236e-003
 1.7996194e-003
 1.7791993e-003
 1.7542205e-003
 1.7259514e-003
 1.6956480e-003
 1.6645797e-003
 1.6340052e-003
 1.6058681e-003
 1.5847302e-003
 1.5757637e-003
 1.5841472e-003
 1.6150599e-003
 1.6736712e-003
 1.7651720e-003
 1.8947175e-003
 2.0638504e-003
 2.2602302e-003
 2.4683457e-003
 2.6725915e-003
 2.8574585e-003
 3.0073479e-003
 3.1067284e-003
 3.1400460e-003
 3.0973093e-003
 2.9892998e-003
 2.8316746e-003
 2.6400303e-003
 2.4300436e-003
 2.2172977e-003
 2.0174752e-003
 1.8461619e-003
 1.7153752e-003
 1.6235865e-003
 1.5662138e-003
 1.5386415e-003
 1.5362677e-003
 1.5544900e-003
 1.5887084e-003
 1.6343116e-003
 1.6867069e-003
 1.7412783e-003
 1.7934347e-003
 1.8385606e-003
 1.8731211e-003
 1.8974001e-003
 1.9125650e-003
 1.9197734e-003
 1.9201895e-003
 1.9149748e-003
 1.9052908e-003
 1.8922978e-003
 1.8771603e-003
 1.8610363e-003
 1.8450917e-003
 1.8304845e-003
 1.8181539e-003
 1.8082273e-003
 1.8006575e-003
 1.7953936e-003
 1.7923877e-003
 1.7915894e-003
 1.7929499e-003
 1.7964202e-003
 1.8019499e-003
 1.8094903e-003
 1.8189930e-003
 1.8301957e-003
 1.8420999e-003
 1.8535393e-003
 1.8633520e-003
 1.8703724e-003
 1.8734385e-003
 1.8713853e-003
 1.8630486e-003
 1.8472667e-003
 1.8228717e-003
 1.7894135e-003
 1.7488846e-003
 1.7038051e-003
 1.6567123e-003
 1.6101208e-003
 1.5665683e-003
 1.5285705e-003
 1.4986629e-003
 1.4793645e-003
 1.4732060e-003
 1.4817084e-003
 1.5029599e-003
 1.5343222e-003
 1.5731452e-003
 1.6167953e-003
 1.6626193e-003
 1.7079797e-003
 1.7502387e-003
 1.7867438e-003
 1.8148607e-003
 1.8328127e-003
 1.8417775e-003
 1.8435468e-003
 1.8399138e-003
 1.8326733e-003
 1.8236168e-003
 1.8145398e-003
 1.8072340e-003
 1.8034937e-003
 1.8043830e-003
 1.8085407e-003
 1.8140996e-003
 1.8191942e-003
 1.8219567e-003
 1.8205214e-003
 1.8130220e-003
 1.7975902e-003
 1.7733544e-003
 1.7426981e-003
 1.7086901e-003
 1.6743835e-003
 1.6428476e-003
 1.6171361e-003
 1.6003165e-003
 1.5954453e-003
 1.6043262e-003
 1.6246538e-003
 1.6532947e-003
 1.6871036e-003
 1.7229504e-003
 1.7576881e-003
 1.7881866e-003
 1.8113008e-003
 1.8249524e-003
 1.8304545e-003
 1.8298090e-003
 1.8251108e-003
 1.8185254e-003
 1.8122618e-003
 1.8077446e-003
 1.8056091e-003
 1.8057638e-003
 1.8076531e-003
 1.8105083e-003
 1.8135105e-003
 1.8159263e-003
 1.8172852e-003
 1.8174917e-003
 1.8167248e-003
 1.8152745e-003
 1.8134443e-003
 1.8114941e-003
 1.8095946e-003
 1.8078139e-003
 1.8061447e-003
 1.8045438e-003
 1.8029651e-003
 1.8013868e-003
 1.7998347e-003
 1.7983888e-003
 1.7971718e-003
 1.7963229e-003
 1.7959665e-003
 1.7961746e-003
 1.7969308e-003
 1.7981189e-003
 1.7995454e-003
 1.8009805e-003
 1.8022085e-003
 1.8030773e-003
 1.8035407e-003
 1.8036711e-003
 1.8036355e-003
 1.8036494e-003
 1.8039218e-003
 1.8046034e-003
 1.8072109e-003
 1.8081946e-003
 1.8091865e-003
 1.8101253e-003
 1.8109404e-003
 1.8115595e-003
 1.8119188e-003
 1.8119701e-003
 1.8116902e-003
 1.8110872e-003
 1.8102045e-003
 1.8091187e-003
 1.8079322e-003
 1.8067593e-003
 1.8057069e-003
 1.8048583e-003
 1.8042631e-003
 1.8039311e-003
 1.8038364e-003
 1.8039261e-003
 1.8041333e-003
 1.8043896e-003
 1.8046349e-003
 1.8048213e-003
 1.8049136e-003
 1.8048860e-003
 1.8047170e-003
 1.8043838e-003
 1.8038575e-003
 1.8031042e-003
 1.8020907e-003
 1.8007960e-003
 1.7992223e-003
 1.7974052e-003
 1.7954157e-003
 1.7933553e-003
 1.7913468e-003
 1.7895165e-003
 1.7879803e-003
 1.7868303e-003
 1.7861272e-003
 1.7859017e-003
 1.7861547e-003
 1.7868603e-003
 1.7879652e-003
 1.7893858e-003
 1.7910040e-003
 1.7926677e-003
 1.7942003e-003
 1.7954186e-003
 1.7961608e-003
 1.7963157e-003
 1.7958425e-003
 1.7947746e-003
 1.7931991e-003
 1.7912160e-003
 1.7888864e-003
 1.7861869e-003
 1.7829860e-003
 1.7790609e-003
 1.7741496e-003
 1.7680378e-003
 1.7606526e-003
 1.7521353e-003
 1.7428803e-003
 1.7335080e-003
 1.7247766e-003
 1.7174605e-003
 1.7121950e-003
 1.7093485e-003
 1.7089277e-003
 1.7105520e-003
 1.7134972e-003
 1.7168045e-003
 1.7194295e-003
 1.7204111e-003
 1.7190202e-003
 1.7148653e-003
 1.7079308e-003
 1.6985501e-003
 1.6873153e-003
 1.6749466e-003
 1.6621738e-003
 1.6496268e-003
 1.6378040e-003
 1.6270839e-003
 1.6177869e-003
 1.6102643e-003
 1.6049562e-003
 1.6024018e-003
 1.6031897e-003
 1.6078444e-003
 1.6166873e-003
 1.6297076e-003
 1.6464934e-003
 1.6662173e-003
 1.6877273e-003
 1.7096605e-003
 1.7306011e-003
 1.7492232e-003
 1.7643711e-003
 1.7751285e-003
 1.7808289e-003
 1.7810800e-003
 1.7757923e-003
 1.7652321e-003
 1.7500722e-003
 1.7314275e-003
 1.7108145e-003
 1.6900137e-003
 1.6708681e-003
 1.6549911e-003
 1.6435164e-003
 1.6369021e-003
 1.6348806e-003
 1.6365732e-003
 1.6407336e-003
 1.6460689e-003
 1.6515389e-003
 1.6565626e-003
 1.6610655e-003
 1.6653781e-003
 1.6700232e-003
 1.6754649e-003
 1.6819140e-003
 1.6892320e-003
 1.6969702e-003
 1.7045134e-003
 1.7112624e-003
 1.7168090e-003
 1.7210253e-003
 1.7240641e-003
 1.7262722e-003
 1.7280541e-003
 1.7297467e-003
 1.7315345e-003
 1.7334364e-003
 1.7353519e-003
 1.7371391e-003
 1.7386918e-003
 1.7399847e-003
 1.7410716e-003
 1.7420466e-003
 1.7429891e-003
 1.7439184e-003
 1.7447834e-003
 1.7454870e-003
 1.7459429e-003
 1.7461374e-003
 1.7461734e-003
 1.7462772e-003
 1.7467621e-003
 1.7479586e-003
 1.7501316e-003
 1.7534097e-003
 1.7577490e-003
 1.7629352e-003
 1.7686309e-003
 1.7744413e-003
 1.7799899e-003
 1.7849817e-003
 1.7892331e-003
 1.7926811e-003
 1.7953583e-003
 1.7973575e-003
 1.7987925e-003
 1.7997634e-003
 1.8003370e-003
 1.8005432e-003
 1.8003820e-003
 1.7998407e-003
 1.7989111e-003
 1.7976069e-003
 1.7959715e-003
 1.7940815e-003
 1.7920394e-003
 1.7899636e-003
 1.7879737e-003
 1.7861746e-003
 1.7846458e-003
 1.7834323e-003
 1.7825419e-003
 1.7819465e-003
 1.7815887e-003
 1.7813903e-003
 1.7812642e-003
 1.7811276e-003
 1.7809148e-003
 1.7805890e-003
 1.7801498e-003
 1.7796324e-003
 1.7790950e-003
 1.7785920e-003
 1.7781336e-003
 1.7776379e-003
 1.7768895e-003
 1.7755167e-003
 1.7730083e-003
 1.7687764e-003
 1.7622708e-003
 1.7531238e-003
 1.7412946e-003
 1.7271898e-003
 1.7116901e-003
 1.6961009e-003
 1.6819856e-003
 1.6709203e-003
 1.6642378e-003
 1.6627794e-003
 1.6667485e-003
 1.6756733e-003
 1.6885058e-003
 1.7038133e-003
 1.7200315e-003
 1.7357225e-003
 1.7497613e-003
 1.7614631e-003
 1.7705909e-003
 1.7772969e-003
 1.7820046e-003
 1.7852633e-003
 1.7876223e-003
 1.7895307e-003
 1.7912827e-003
 1.7930011e-003
 1.7946472e-003
 1.7960424e-003
 1.7968834e-003
 1.7967449e-003
 1.7950695e-003
 1.7911615e-003
 1.7842003e-003
 1.7733100e-003
 1.7576860e-003
 1.7367742e-003
 1.7104979e-003
 1.6794251e-003
 1.6448863e-003
 1.6089152e-003
 1.5740102e-003
 1.5427844e-003
 1.5174919e-003
 1.4995909e-003
 1.4894768e-003
 1.4864118e-003
 1.4887456e-003
 1.4943380e-003
 1.5011019e-003
 1.5075000e-003
 1.5128790e-003
 1.5175346e-003
 1.5225110e-003
 1.5291997e-003
 1.5388500e-003
 1.5521534e-003
 1.5689847e-003
 1.5883837e-003
 1.6087590e-003
 1.6282158e-003
 1.6449640e-003
 1.6576373e-003
 1.6655097e-003
 1.6685450e-003
 1.6672935e-003
 1.6626979e-003
 1.6558471e-003
 1.6477543e-003
 1.6391862e-003
 1.6305853e-003
 1.6220724e-003
 1.6135176e-003
 1.6046684e-003
 1.5952748e-003
 1.5852132e-003
 1.5745601e-003
 1.5636084e-003
 1.5528392e-003
 1.5428246e-003
 1.5341212e-003
 1.5271448e-003
 1.5220711e-003
 1.5187920e-003
 1.5169282e-003
 1.5159172e-003
 1.5151555e-003
 1.5141708e-003
 1.5127840e-003
 1.5112155e-003
 1.5100990e-003
 1.5103865e-003
 1.5131517e-003
 1.5193333e-003
 1.5294743e-003
 1.5435318e-003
 1.5607922e-003
 1.5799493e-003
 1.5992845e-003
 1.6169470e-003
 1.6312486e-003
 1.6408829e-003
 1.6450740e-003
 1.6435924e-003
 1.6367004e-003
 1.6250417e-003
 1.6095503e-003
 1.5913788e-003
 1.5718897e-003
 1.5526488e-003
 1.5353924e-003
 1.5219551e-003
 1.5140906e-003
 1.5132537e-003
 1.5203448e-003
 1.5355126e-003
 1.5580539e-003
 1.5864577e-003
 1.6186133e-003
 1.6520849e-003
 1.6844856e-003
 1.7137650e-003
 1.7384478e-003
 1.7577447e-003
 1.7715120e-003
 1.7801538e-003
 1.7844382e-003
 1.7853205e-003
 1.7837780e-003
 1.7806803e-003
 1.7766939e-003
 1.7722221e-003
 1.7673712e-003
 1.7619474e-003
 1.7555055e-003
 1.7474397e-003
 1.7371429e-003
 1.7241964e-003
 1.7085600e-003
 1.6907320e-003
 1.6717996e-003
 1.6533586e-003
 1.6373204e-003
 1.6255896e-003
 1.6197338e-003
 1.6206759e-003
 1.6285144e-003
 1.6424998e-003
 1.6611856e-003
 1.6826910e-003
 1.7050355e-003
 1.7264617e-003
 1.7456468e-003
 1.7618298e-003
 1.7747785e-003
 1.7846855e-003
 1.7920067e-003
 1.7972876e-003
 1.8010396e-003
 1.8036590e-003
 1.8054091e-003
 1.8064424e-003
 1.8068438e-003
 1.8066789e-003
 1.8060314e-003
 1.8050215e-003
 1.8038077e-003
 1.8025754e-003
 1.8015171e-003
 1.8008099e-003
 1.8005955e-003
 1.8009645e-003
 1.8019441e-003
 1.8034953e-003
 1.8055171e-003
 1.8078560e-003
 1.8103275e-003
 1.8127386e-003
 1.8149152e-003
 1.8167270e-003
 1.8181035e-003
 1.8190417e-003
 1.8195987e-003
 1.8198766e-003
 1.8199962e-003
 1.8200710e-003
 1.8201849e-003
 1.8203764e-003
 1.8206366e-003
 1.8209172e-003
 1.8211479e-003
 1.8212579e-003
 1.8211976e-003
 1.8209541e-003
 1.8205586e-003
 1.8200815e-003
 1.8196191e-003
 1.8192718e-003
 1.8191221e-003
 1.8192135e-003
 1.8195412e-003
 1.8200523e-003
 1.8206597e-003
 1.8212646e-003
 1.8217819e-003
 1.8221630e-003
 1.8224086e-003
 1.8225680e-003
 1.8227255e-003
 1.8229780e-003
 1.8234082e-003
 1.8240622e-003
 1.8249364e-003
 1.8259760e-003
 1.8270855e-003
 1.8281477e-003
 1.8290462e-003
 1.8296855e-003
 1.8300052e-003
 1.8299845e-003
 1.8296386e-003
 1.8290072e-003
 1.8281399e-003
 1.8270821e-003
 1.8258665e-003
 1.8245101e-003
 1.8230218e-003
 1.8214148e-003
 1.8197224e-003
 1.8180108e-003
 1.8163834e-003
 1.8149759e-003
 1.8139365e-003
 1.8134018e-003
 1.8134657e-003
 1.8141565e-003
 1.8154231e-003
 1.8171387e-003
 1.8191183e-003
 1.8211481e-003
 1.8230230e-003
 1.8245758e-003
 1.8257025e-003
 1.8263709e-003
 1.8266155e-003
 1.8265217e-003
 1.8262019e-003
 1.8257712e-003
 1.8253260e-003
 1.8249317e-003
 1.8246174e-003
 1.8243812e-003
 1.8242013e-003
 1.8240504e-003
 1.8239097e-003
 1.8237780e-003
 1.8236755e-003
 1.8236395e-003
 1.8237163e-003
 1.8239480e-003
 1.8243622e-003
 1.8249635e-003
 1.8257323e-003
 1.8266280e-003
 1.8275972e-003
 1.8285828e-003
 1.8295342e-003
 1.8304102e-003
 1.8311826e-003
 1.8318326e-003
 1.8323483e-003
 1.8327216e-003
 1.8329467e-003
 1.8330213e-003
 1.8329493e-003
 1.8327438e-003
 1.8324272e-003
 1.8320311e-003
 1.8315918e-003
 1.8311469e-003
 1.8307299e-003
 1.8303699e-003
 1.8300927e-003
 1.8299251e-003
 1.8299000e-003
 1.8300605e-003
 1.8304605e-003
 1.8311589e-003
 1.8322105e-003
 1.8336520e-003
 1.8354886e-003
 1.8376833e-003
 1.8401504e-003
 1.8427591e-003
 1.8453444e-003
 1.8477228e-003
 1.8497168e-003
 1.8511759e-003
 1.8519983e-003
 1.8521445e-003
 1.8516430e-003
 1.8505856e-003
 1.8491135e-003
 1.8473965e-003
 1.8456054e-003
 1.8438898e-003
 1.8423555e-003
 1.8410543e-003
 1.8399835e-003
 1.8390951e-003
 1.8383188e-003
 1.8375861e-003
 1.8368590e-003
 1.8361496e-003
 1.8355278e-003
 1.8351143e-003
 1.8350566e-003
 1.8354912e-003
 1.8364954e-003
 1.8380418e-003
 1.8399634e-003
 1.8419474e-003
 1.8435711e-003
 1.8443563e-003
 1.8438376e-003
 1.8416224e-003
 1.8374290e-003
 1.8311384e-003
 1.8228554e-003
 1.8129336e-003
 1.8019850e-003
 1.7908373e-003
 1.7804400e-003
 1.7717524e-003
 1.7655962e-003
 1.7625298e-003
 1.7627320e-003
 1.7659696e-003
 1.7716715e-003
 1.7790486e-003
 1.7872287e-003
 1.7953889e-003
 1.8028567e-003
 1.8091602e-003
 1.8140593e-003
 1.8175404e-003
 1.8197743e-003
 1.8210568e-003
 1.8217356e-003
 1.8221424e-003
 1.8225365e-003
 1.8230677e-003
 1.8237593e-003
 1.8245117e-003
 1.8251219e-003
 1.8253209e-003
 1.8248113e-003
 1.8233050e-003
 1.8205504e-003
 1.8163502e-003
 1.8105595e-003
 1.8030807e-003
 1.7938541e-003
 1.7828462e-003
 1.7700240e-003
 1.7553287e-003
 1.7386782e-003
 1.7199815e-003
 1.6991805e-003
 1.6763521e-003
 1.6518016e-003
 1.6261963e-003
 1.6006386e-003
 1.5766436e-003
 1.5560269e-003
 1.5406660e-003
 1.5322419e-003
 1.5319465e-003
 1.5402532e-003
 1.5567853e-003
 1.5803236e-003
 1.6088628e-003
 1.6398182e-003
 1.6703614e-003
 1.6977787e-003
 1.7198828e-003
 1.7353036e-003
 1.7436921e-003
 1.7457289e-003
 1.7429559e-003
 1.7374862e-003
 1.7316270e-003
 1.7275031e-003
 1.7267297e-003
 1.7302049e-003
 1.7380306e-003
 1.7495791e-003
 1.7636635e-003
 1.7787984e-003
 1.7934613e-003
 1.8063412e-003
 1.8165212e-003
 1.8235560e-003
 1.8274791e-003
 1.8287153e-003
 1.8279552e-003
 1.8260031e-003
 1.8236375e-003
 1.8215018e-003
 1.8200413e-003
 1.8194849e-003
 1.8198651e-003
 1.8210676e-003
 1.8228912e-003
 1.8251044e-003
 1.8274930e-003
 1.8298880e-003
 1.8321741e-003
 1.8342824e-003
 1.8361744e-003
 1.8378180e-003
 1.8391716e-003
 1.8401713e-003
 1.8407307e-003
 1.8407527e-003
 1.8401472e-003
 1.8388564e-003
 1.8368771e-003
 1.8342796e-003
 1.8312123e-003
 1.8278986e-003
 1.8246146e-003
 1.8216628e-003
 1.8193353e-003
 1.8178776e-003
 1.8174619e-003
 1.8181667e-003
 1.8199726e-003
 1.8227701e-003
 1.8263803e-003
 1.8305802e-003
 1.8351319e-003
 1.8398110e-003
 1.8444228e-003
 1.8488189e-003
 1.8528961e-003
 1.8565949e-003
 1.8598916e-003
 1.8627844e-003
 1.8652856e-003
 1.8674101e-003
 1.8691705e-003
 1.8705741e-003
 1.8716214e-003
 1.8723081e-003
 1.8726269e-003
 1.8725710e-003
 1.8721361e-003
 1.8713225e-003
 1.8701334e-003
 1.8685760e-003
 1.8666609e-003
 1.8644010e-003
 1.8618142e-003
 1.8589207e-003
 1.8557499e-003
 1.8523443e-003
 1.8487636e-003
 1.8450939e-003
 1.8414526e-003
 1.8379923e-003
 1.8349048e-003
 1.8324121e-003
 1.8307576e-003
 1.8301839e-003
 1.8309050e-003
 1.8330745e-003
 1.8367551e-003
 1.8418904e-003
 1.8482972e-003
 1.8556853e-003
 1.8636796e-003
 1.8718662e-003
 1.8798277e-003
 1.8871865e-003
 1.8936390e-003
 1.8989678e-003
 1.9030548e-003
 1.9058781e-003
 1.9075029e-003
 1.9080649e-003
 1.9077462e-003
 1.9067535e-003
 1.9052977e-003
 1.9035782e-003
 1.9017701e-003
 1.9000182e-003
 1.8984337e-003
 1.8970915e-003
 1.8960317e-003
 1.8952579e-003
 1.8947385e-003
 1.8944085e-003
 1.8941727e-003
 1.8939144e-003
 1.8935049e-003
 1.8928178e-003
 1.8917448e-003
 1.8902101e-003
 1.8881847e-003
 1.8856928e-003
 1.8828157e-003
 1.8796856e-003
 1.8764727e-003
 1.8733707e-003
 1.8705751e-003
 1.8682636e-003
 1.8665803e-003
 1.8656225e-003
 1.8654364e-003
 1.8660178e-003
 1.8673199e-003
 1.8692650e-003
 1.8717594e-003
 1.8747064e-003
 1.8780180e-003
 1.8816253e-003
 1.8854773e-003
 1.8895438e-003
 1.8938044e-003
 1.8982394e-003
 1.9028197e-003
 1.9074901e-003
 1.9121642e-003
 1.9167153e-003
 1.9209801e-003
 1.9247693e-003
 1.9278815e-003
 1.9301306e-003
 1.9313704e-003
 1.9315226e-003
 1.9305997e-003
 1.9287169e-003
 1.9260929e-003
 1.9230320e-003
 1.9198968e-003
 1.9170628e-003
 1.9148723e-003
 1.9135844e-003
 1.9133341e-003
 1.9141075e-003
 1.9157360e-003
 1.9179131e-003
 1.9202323e-003
 1.9222430e-003
 1.9235124e-003
 1.9236911e-003
 1.9225652e-003
 1.9200935e-003
 1.9164184e-003
 1.9118538e-003
 1.9068449e-003
 1.9019148e-003
 1.8975968e-003
 1.8943652e-003
 1.8925818e-003
 1.8924521e-003
 1.8940080e-003
 1.8971130e-003
 1.9014905e-003
 1.9067618e-003
 1.9124961e-003
 1.9182604e-003
 1.9236573e-003
 1.9283611e-003
 1.9321314e-003
 1.9348237e-003
 1.9363899e-003
 1.9368674e-003
 1.9363683e-003
 1.9350662e-003
 1.9331843e-003
 1.9309822e-003
 1.9287399e-003
 1.9267378e-003
 1.9252424e-003
 1.9244885e-003
 1.9246637e-003
 1.9258953e-003
 1.9282408e-003
 1.9316875e-003
 1.9361487e-003
 1.9414546e-003
 1.9473499e-003
 1.9535027e-003
 1.9595213e-003
 1.9649682e-003
 1.9693889e-003
 1.9723314e-003
 1.9733727e-003
 1.9721282e-003
 1.9682597e-003
 1.9654490e-003
 1.9556796e-003
 1.9424791e-003
 1.9257450e-003
 1.9055645e-003
 1.8823034e-003
 1.8566779e-003
 1.8297087e-003
 1.8026163e-003
 1.7767393e-003
 1.7534251e-003
 1.7339848e-003
 1.7195992e-003
 1.7111970e-003
 1.7093307e-003
 1.7140824e-003
 1.7250414e-003
 1.7413346e-003
 1.7617510e-003
 1.7848634e-003
 1.8091436e-003
 1.8330590e-003
 1.8551361e-003
 1.8740899e-003
 1.8889358e-003
 1.8991233e-003
 1.9045903e-003
 1.9057075e-003
 1.9031686e-003
 1.8978561e-003
 1.8907401e-003
 1.8828034e-003
 1.8749909e-003
 1.8681401e-003
 1.8629155e-003
 1.8597438e-003
 1.8587891e-003
 1.8599799e-003
 1.8630698e-003
 1.8677086e-003
 1.8734953e-003
 1.8800185e-003
 1.8868777e-003
 1.8937112e-003
 1.9002272e-003
 1.9062227e-003
 1.9115997e-003
 1.9163503e-003
 1.9205348e-003
 1.9242552e-003
 1.9276302e-003
 1.9307834e-003
 1.9338275e-003
 1.9368508e-003
 1.9399015e-003
 1.9429701e-003
 1.9459862e-003
 1.9488222e-003
 1.9513090e-003
 1.9532547e-003
 1.9544561e-003
 1.9547152e-003
 1.9538521e-003
 1.9517305e-003
 1.9482846e-003
 1.9435465e-003
 1.9376556e-003
 1.9308467e-003
 1.9234284e-003
 1.9157482e-003
 1.9081744e-003
 1.9010727e-003
 1.8947838e-003
 1.8895996e-003
 1.8857223e-003
 1.8832377e-003
 1.8821004e-003
 1.8821462e-003
 1.8831244e-003
 1.8847326e-003
 1.8866459e-003
 1.8885382e-003
 1.8901058e-003
 1.8910924e-003
 1.8913255e-003
 1.8907438e-003
 1.8894109e-003
 1.8875016e-003
 1.8852741e-003
 1.8830354e-003
 1.8811128e-003
 1.8798340e-003
 1.8795031e-003
 1.8803730e-003
 1.8826084e-003
 1.8862559e-003
 1.8912293e-003
 1.8973254e-003
 1.9042516e-003
 1.9116635e-003
 1.9191953e-003
 1.9264768e-003
 1.9331595e-003
 1.9389357e-003
 1.9435715e-003
 1.9469344e-003
 1.9490005e-003
 1.9498473e-003
 1.9496250e-003
 1.9485279e-003
 1.9467708e-003
 1.9445735e-003
 1.9421470e-003
 1.9396831e-003
 1.9373382e-003
 1.9352200e-003
 1.9333841e-003
 1.9318382e-003
 1.9305544e-003
 1.9294841e-003
 1.9285681e-003
 1.9277459e-003
 1.9269595e-003
 1.9261598e-003
 1.9253135e-003
 1.9244073e-003
 1.9234518e-003
 1.9224780e-003
 1.9215320e-003
 1.9206697e-003
 1.9199499e-003
 1.9194316e-003
 1.9191685e-003
 1.9192026e-003
 1.9195566e-003
 1.9202271e-003
 1.9211816e-003
 1.9223609e-003
 1.9236872e-003
 1.9250709e-003
 1.9264173e-003
 1.9276338e-003
 1.9286338e-003
 1.9293478e-003
 1.9297329e-003
 1.9297834e-003
 1.9295344e-003
 1.9290578e-003
 1.9284525e-003
 1.9278338e-003
 1.9273234e-003
 1.9270424e-003
 1.9271030e-003
 1.9275978e-003
 1.9285856e-003
 1.9300799e-003
 1.9320445e-003
 1.9343970e-003
 1.9370228e-003
 1.9397862e-003
 1.9425437e-003
 1.9451519e-003
 1.9474763e-003
 1.9494026e-003
 1.9508520e-003
 1.9517917e-003
 1.9522418e-003
 1.9522688e-003
 1.9519744e-003
 1.9514804e-003
 1.9509178e-003
 1.9504172e-003
 1.9501006e-003
 1.9500693e-003
 1.9503896e-003
 1.9510803e-003
 1.9521081e-003
 1.9533923e-003
 1.9548170e-003
 1.9562463e-003
 1.9575350e-003
 1.9585388e-003
 1.9591234e-003
 1.9591781e-003
 1.9586321e-003
 1.9574678e-003
 1.9557266e-003
 1.9535047e-003
 1.9509377e-003
 1.9481832e-003
 1.9454103e-003
 1.9427885e-003
 1.9404764e-003
 1.9386108e-003
 1.9372901e-003
 1.9365607e-003
 1.9364122e-003
 1.9367818e-003
 1.9375685e-003
 1.9386490e-003
 1.9398895e-003
 1.9411558e-003
 1.9423199e-003
 1.9432725e-003
 1.9439342e-003
 1.9442654e-003
 1.9442723e-003
 1.9440013e-003
 1.9435285e-003
 1.9429486e-003
 1.9423630e-003
 1.9418733e-003
 1.9415738e-003
 1.9415399e-003
 1.9418172e-003
 1.9424094e-003
 1.9432745e-003
 1.9443292e-003
 1.9454601e-003
 1.9465347e-003
 1.9474142e-003
 1.9479612e-003
 1.9480485e-003
 1.9475754e-003
 1.9464826e-003
 1.9447692e-003
 1.9424969e-003
 1.9397845e-003
 1.9367952e-003
 1.9337151e-003
 1.9307418e-003
 1.9280722e-003
 1.9258934e-003
 1.9243644e-003
 1.9236007e-003
 1.9236582e-003
 1.9245255e-003
 1.9261321e-003
 1.9283621e-003
 1.9310737e-003
 1.9341133e-003
 1.9373245e-003
 1.9405533e-003
 1.9436595e-003
 1.9465233e-003
 1.9490500e-003
 1.9511778e-003
 1.9528720e-003
 1.9541166e-003
 1.9549101e-003
 1.9552561e-003
 1.9551620e-003
 1.9546393e-003
 1.9537059e-003
 1.9523896e-003
 1.9507332e-003
 1.9487944e-003
 1.9466442e-003
 1.9443659e-003
 1.9420469e-003
 1.9397775e-003
 1.9376484e-003
 1.9357440e-003
 1.9341392e-003
 1.9328917e-003
 1.9320364e-003
 1.9315820e-003
 1.9315141e-003
 1.9318014e-003
 1.9324021e-003
 1.9332697e-003
 1.9343550e-003
 1.9356097e-003
 1.9369858e-003
 1.9384370e-003
 1.9399187e-003
 1.9413893e-003
 1.9428093e-003
 1.9441403e-003
 1.9453455e-003
 1.9463894e-003
 1.9472371e-003
 1.9478581e-003
 1.9482301e-003
 1.9483422e-003
 1.9482016e-003
 1.9478339e-003
 1.9472819e-003
 1.9466011e-003
 1.9458543e-003
 1.9451071e-003
 1.9444256e-003
 1.9438709e-003
 1.9434950e-003
 1.9433346e-003
 1.9434047e-003
 1.9436968e-003
 1.9441813e-003
 1.9448126e-003
 1.9455361e-003
 1.9462932e-003
 1.9470239e-003
 1.9476726e-003
 1.9481905e-003
 1.9485411e-003
 1.9487055e-003
 1.9486833e-003
 1.9484911e-003
 1.9481581e-003
 1.9477212e-003
 1.9472204e-003
 1.9466967e-003
 1.9461893e-003
 1.9457334e-003
 1.9453575e-003
 1.9450806e-003
 1.9449111e-003
 1.9448485e-003
 1.9448849e-003
 1.9450086e-003
 1.9452055e-003
 1.9454602e-003
 1.9457559e-003
 1.9460737e-003
 1.9463903e-003
 1.9466773e-003
 1.9469012e-003
 1.9470223e-003
 1.9469977e-003
 1.9467820e-003
 1.9463302e-003
 1.9455989e-003
 1.9445517e-003
 1.9431658e-003
 1.9414424e-003
 1.9394133e-003
 1.9371446e-003
 1.9347353e-003
 1.9323064e-003
 1.9299918e-003
 1.9279326e-003
 1.9262666e-003
 1.9251212e-003
 1.9246009e-003
 1.9247716e-003
 1.9256462e-003
 1.9271801e-003
 1.9292746e-003
 1.9317936e-003
 1.9345781e-003
 1.9374567e-003
 1.9402589e-003
 1.9428208e-003
 1.9449935e-003
 1.9466580e-003
 1.9477331e-003
 1.9481799e-003
 1.9479978e-003
 1.9472147e-003
 1.9458752e-003
 1.9440335e-003
 1.9417481e-003
 1.9390810e-003
 1.9361037e-003
 1.9328975e-003
 1.9295597e-003
 1.9262047e-003
 1.9229640e-003
 1.9199790e-003
 1.9173974e-003
 1.9153702e-003
 1.9140427e-003
 1.9135469e-003
 1.9139869e-003
 1.9154191e-003
 1.9178368e-003
 1.9211605e-003
 1.9252482e-003
 1.9299104e-003
 1.9349308e-003
 1.9400774e-003
 1.9451217e-003
 1.9498470e-003
 1.9540607e-003
 1.9576212e-003
 1.9604482e-003
 1.9625307e-003
 1.9639228e-003
 1.9647246e-003
 1.9650639e-003
 1.9650806e-003
 1.9649174e-003
 1.9647081e-003
 1.9645679e-003
 1.9645803e-003
 1.9647838e-003
 1.9651689e-003
 1.9656816e-003
 1.9662364e-003
 1.9667281e-003
 1.9670448e-003
 1.9670771e-003
 1.9667316e-003
 1.9659498e-003
 1.9647309e-003
 1.9631521e-003
 1.9613788e-003
 1.9596545e-003
 1.9582801e-003
 1.9575909e-003
 1.9579353e-003
 1.9596571e-003
 1.9630755e-003
 1.9684494e-003
 1.9759443e-003
 1.9855972e-003
 1.9972941e-003
 2.0107976e-003
 2.0257761e-003
 2.0418297e-003
 2.0585456e-003
 2.0755082e-003
 2.0923323e-003
 2.1086817e-003
 2.1243349e-003
 2.1392095e-003
 2.1533666e-003
 2.1670172e-003
 2.1804755e-003
 2.1941061e-003
 2.2083106e-003
 2.2234919e-003
 2.2400185e-003
 2.2582142e-003
 2.2783065e-003
 2.3004015e-003
 2.3244489e-003
 2.3502877e-003
 2.3776654e-003
 2.4062532e-003
 2.4357175e-003
 2.4657203e-003
 2.4959173e-003
 2.5260192e-003
 2.5557897e-003
 2.5850781e-003
 2.6138029e-003
 2.6419840e-003
 2.6696993e-003
 2.6970441e-003
 2.7241530e-003
 2.7511774e-003
 2.7782719e-003
 2.8056556e-003
 2.8336204e-003
 2.8625377e-003
 2.8929077e-003
 2.9253222e-003
 2.9604547e-003
 2.9989951e-003
 3.0416704e-003
 3.0891926e-003
 3.1421753e-003
 3.2011287e-003
 3.2663408e-003
 3.3377432e-003
 3.4149706e-003
 3.4973347e-003
 3.5839404e-003
 3.6736969e-003
 3.7655192e-003
 3.8583374e-003
 3.9511044e-003
 4.0430357e-003
 4.1336766e-003
 4.2229560e-003
 4.3113660e-003
 4.3998449e-003
 4.4895988e-003
 4.5820870e-003
 4.6788217e-003
 4.7813007e-003
 4.8907623e-003
 5.0081215e-003
 5.1336330e-003
 5.2665607e-003
 5.4052556e-003
 5.5471705e-003
 5.6889923e-003
 5.8271154e-003
 5.9577324e-003
 6.0770637e-003
 6.1814259e-003
 6.2676338e-003
 6.3331774e-003
 6.3764448e-003
 6.3969139e-003
 6.3949837e-003
 6.3717500e-003
 6.3287271e-003
 6.2676067e-003
 6.1901845e-003
 6.0981805e-003
 5.9932116e-003
 5.8766641e-003
 5.7497309e-003
 5.6132167e-003
 5.4676393e-003
 5.3134197e-003
 5.1507559e-003
 4.9797916e-003
 4.8008137e-003
 4.6140929e-003
 4.4201622e-003
 4.2198822e-003
 4.0147654e-003
 3.8067459e-003
 3.5982663e-003
 3.3922920e-003
 3.1918562e-003
 3.0000806e-003
 2.8201859e-003
 2.6550598e-003
 2.5072163e-003
 2.3784381e-003
 2.2696429e-003
 2.1805991e-003
 2.1101381e-003
 2.0564348e-003
 2.0171904e-003
 1.9899255e-003
 1.9721328e-003
 1.9613574e-003
 1.9553455e-003
 1.9521819e-003
 1.9504036e-003
 1.9490545e-003
 1.9476349e-003
 1.9459812e-003
 1.9441308e-003
 1.9422178e-003
 1.9404128e-003
 1.9388855e-003
 1.9377844e-003
 1.9372177e-003
 1.9372369e-003
 1.9378321e-003
 1.9389372e-003
 1.9404433e-003
 1.9422167e-003
 1.9441121e-003
 1.9459814e-003
 1.9476844e-003
 1.9490989e-003
 1.9501316e-003
 1.9507327e-003
 1.9508984e-003
 1.9506663e-003
 1.9501026e-003
 1.9492904e-003
 1.9483188e-003
 1.9472783e-003
 1.9462535e-003
 1.9453182e-003
 1.9445297e-003
 1.9439218e-003
 1.9435033e-003
 1.9432596e-003
 1.9431572e-003
 1.9431514e-003
 1.9431915e-003
 1.9432257e-003
 1.9432025e-003
 1.9430714e-003
 1.9427837e-003
 1.9423169e-003
 1.9417357e-003
 1.9407200e-003
 1.9394743e-003
 1.9380111e-003
 1.9363434e-003
 1.9344838e-003
 1.9324459e-003
 1.9302422e-003
 1.9278855e-003
 1.9253889e-003
 1.9227649e-003
 1.9200316e-003
 1.9172068e-003
 1.9143091e-003
 1.9113566e-003
 1.9083689e-003
 1.9053642e-003
 1.9023608e-003
 1.8993769e-003
 1.8964324e-003
 1.8935449e-003
 1.8907334e-003
 1.8880155e-003
 1.8854113e-003
 1.8829376e-003
 1.8806010e-003
 1.8784031e-003
 1.8763441e-003
 1.8744264e-003
 1.8726507e-003
 1.8710177e-003
 1.8695290e-003
 1.8681858e-003
 1.8669892e-003
 1.8659401e-003
 1.8650397e-003
 1.8642893e-003
 1.8636900e-003
 1.8632429e-003
 1.8629493e-003
 1.8628101e-003
 1.8628265e-003
 1.8629989e-003
 1.8633195e-003
 1.8637764e-003
 1.8643575e-003
 1.8650509e-003
 1.8658446e-003
 1.8667270e-003
 1.8676858e-003
 1.8687089e-003
 1.8697846e-003
 1.8709007e-003
 1.8720460e-003
 1.8732075e-003
 1.8743739e-003
 1.8755328e-003
 1.8766731e-003
 1.8777816e-003
 1.8788473e-003
 1.8798576e-003
 1.8808013e-003
 1.8816656e-003
 1.8824390e-003
 1.8831107e-003
 1.8836790e-003
 1.8841467e-003
 1.8845170e-003
 1.8847933e-003
 1.8849785e-003
 1.8850756e-003
 1.8850879e-003
 1.8850184e-003
 1.8848705e-003
 1.8846466e-003
 1.8843506e-003
 1.8839851e-003
 1.8835533e-003
 1.8830586e-003
 1.8825037e-003
 1.8818922e-003
 1.8812269e-003
 1.8805106e-003
 1.8797468e-003
 1.8789386e-003
 1.8780892e-003
 1.8772015e-003
 1.8762783e-003
 1.8753235e-003
 1.8743397e-003
 1.8733300e-003
 1.8722976e-003
 1.8712464e-003
 1.8701794e-003
 1.8690999e-003
 1.8680117e-003
 1.8669172e-003
 1.8658207e-003
 1.8647255e-003
 1.8636343e-003
 1.8625510e-003
 1.8614791e-003
 1.8604216e-003
 1.8593820e-003
 1.8583635e-003
 1.8573698e-003
 1.8564041e-003
 1.8554698e-003
 1.8545699e-003
 1.8537085e-003
 1.8528885e-003
 1.8521132e-003
 1.8513860e-003
 1.8507106e-003
 1.8500900e-003
 1.8495277e-003
 1.8490271e-003
 1.8485914e-003
 1.8482242e-003
 1.8479287e-003
 1.8477076e-003
 1.8475555e-003
 1.8474640e-003
 1.8474247e-003
