s07_ASD Record=5501:  error bars to preceding                
 7.6009642e-004
 7.4515340e-004
 7.2295318e-004
 6.9795764e-004
 6.7442108e-004
 6.5477600e-004
 6.3942390e-004
 6.2778557e-004
 6.1947241e-004
 6.1481656e-004
 6.1464455e-004
 6.1966077e-004
 6.2992104e-004
 6.4442470e-004
 6.6086603e-004
 6.7617203e-004
 6.8778783e-004
 6.9476385e-004
 6.9798285e-004
 6.9956313e-004
 7.0177694e-004
 7.0604688e-004
 7.1263436e-004
 7.2106026e-004
 7.3065708e-004
 7.4066769e-004
 7.4978650e-004
 7.5580267e-004
 7.5638393e-004
 7.5049221e-004
 7.3915557e-004
 7.2493817e-004
 7.1088073e-004
 6.9998251e-004
 6.9465576e-004
 6.9564657e-004
 7.0173928e-004
 7.1006612e-004
 7.1670982e-004
 7.1801711e-004
 7.1235507e-004
 7.0136919e-004
 6.8977789e-004
 6.8335171e-004
 6.8592402e-004
 6.9709722e-004
 7.1207358e-004
 7.2382111e-004
 7.2637224e-004
 7.1743742e-004
 6.9901708e-004
 6.7601132e-004
 6.5387727e-004
 6.3660112e-004
 6.2584644e-004
 6.2133220e-004
 6.2165828e-004
 6.2516786e-004
 6.3054037e-004
 6.3637731e-004
 6.4015610e-004
 6.4068858e-004
 6.3812517e-004
 6.3280511e-004
 6.2664878e-004
 6.2275241e-004
 6.2215002e-004
 6.2372896e-004
 6.2544364e-004
 6.2539551e-004
 6.2302448e-004
 6.1940146e-004
 6.1627652e-004
 6.1485084e-004
 6.1518903e-004
 6.1653275e-004
 6.1819091e-004
 6.2029960e-004
 6.2394363e-004
 6.3071155e-004
 6.4212788e-004
 6.5923022e-004
 6.8215770e-004
 7.0947979e-004
 7.3746737e-004
 7.6008087e-004
 7.7048875e-004
 7.6401979e-004
 7.4118032e-004
 7.0887129e-004
 6.7871431e-004
 6.6295592e-004
 6.6982390e-004
 7.0050696e-004
 7.4892555e-004
 8.0401258e-004
 8.5360161e-004
 8.8880304e-004
 9.0691715e-004
 9.1113511e-004
 9.0767944e-004
 9.0221385e-004
 8.9758169e-004
 8.9371647e-004
 8.8902283e-004
 8.8214414e-004
 8.7284879e-004
 8.6165930e-004
 8.4903848e-004
 8.3479920e-004
 8.1812608e-004
 7.9860404e-004
 7.7800266e-004
 7.6116069e-004
 7.5396401e-004
 7.5888913e-004
 7.7178952e-004
 7.8360067e-004
 7.8634691e-004
 7.7843759e-004
 7.6461298e-004
 7.5101480e-004
 7.4034766e-004
 7.3134579e-004
 7.2200695e-004
 7.1261293e-004
 7.0561259e-004
 7.0312782e-004
 7.0488971e-004
 7.0824364e-004
 7.0958526e-004
 7.0595043e-004
 6.9639715e-004
 6.8325707e-004
 6.7247258e-004
 6.7173713e-004
 6.8667385e-004
 7.1745046e-004
 7.5817679e-004
 7.9902000e-004
 8.2947966e-004
 8.4190973e-004
 8.3468197e-004
 8.1301236e-004
 7.8601425e-004
 7.6211954e-004
 7.4678008e-004
 7.4292277e-004
 7.5102597e-004
 7.6749391e-004
 7.8441371e-004
 7.9367438e-004
 7.9324958e-004
 7.8954746e-004
 7.9224457e-004
 8.0526981e-004
 8.2256284e-004
 8.3366770e-004
 8.3387730e-004
 8.2750869e-004
 8.2046923e-004
 8.1221823e-004
 7.9797051e-004
 7.7700149e-004
 7.5460685e-004
 7.3629973e-004
 7.2408468e-004
 7.1869121e-004
 7.2164659e-004
 7.3394104e-004
 7.5479667e-004
 7.8162522e-004
 8.0894254e-004
 8.2868064e-004
 8.3566440e-004
 8.3300669e-004
 8.2871283e-004
 8.2688959e-004
 8.2555751e-004
 8.2289422e-004
 8.2147506e-004
 8.2478754e-004
 8.3191640e-004
 8.3710253e-004
 8.3373522e-004
 8.1910612e-004
 7.9742668e-004
 7.7909278e-004
 7.7512267e-004
 7.8950170e-004
 8.1539038e-004
 8.3904434e-004
 8.4915938e-004
 8.4445113e-004
 8.3309057e-004
 8.2410377e-004
 8.1843470e-004
 8.0888532e-004
 7.8948063e-004
 7.6339935e-004
 7.4009877e-004
 7.2711334e-004
 7.2791206e-004
 7.4438297e-004
 7.7455043e-004
 8.0781919e-004
 8.2930777e-004
 8.3280011e-004
 8.2713360e-004
 8.2611677e-004
 8.3134085e-004
 8.2792551e-004
 8.0042274e-004
 7.5080898e-004
 6.9687050e-004
 6.5602682e-004
 6.3676195e-004
 6.4227812e-004
 6.7270105e-004
 7.2136108e-004
 7.7432231e-004
 8.1639574e-004
 8.3749153e-004
 8.3657715e-004
 8.2390656e-004
 8.1625214e-004
 8.2238432e-004
 8.3282386e-004
 8.2936249e-004
 8.0393028e-004
 7.6321047e-004
 7.1823993e-004
 6.7712925e-004
 6.4561801e-004
 6.2653574e-004
 6.1968528e-004
 6.2866905e-004
 6.6388474e-004
 7.2852295e-004
 8.0419367e-004
 8.6240948e-004
 8.9056126e-004
 8.9820224e-004
 9.0068864e-004
 9.0515532e-004
 9.0740639e-004
 8.9203444e-004
 8.4143097e-004
 7.5914123e-004
 6.7856751e-004
 6.3084654e-004
 6.1770930e-004
 6.3110160e-004
 6.7487429e-004
 7.4554310e-004
 8.1336446e-004
 8.4949803e-004
 8.5823413e-004
 8.6402893e-004
 8.7430095e-004
 8.7183865e-004
 8.4721734e-004
 8.2203274e-004
 8.2223158e-004
 8.4159710e-004
 8.5655373e-004
 8.6245482e-004
 8.6803385e-004
 8.6786068e-004
 8.4583025e-004
 8.0378656e-004
 7.7126740e-004
 7.7729154e-004
 8.1524777e-004
 8.4923347e-004
 8.5585879e-004
 8.4222772e-004
 8.2403875e-004
 8.0699776e-004
 7.9150725e-004
 7.8214437e-004
 7.8806118e-004
 8.1226486e-004
 8.3891506e-004
 8.4194465e-004
 8.1390818e-004
 7.7831978e-004
 7.6818757e-004
 7.9261203e-004
 8.2570169e-004
 8.3164708e-004
 8.0342055e-004
 7.7032432e-004
 7.6535088e-004
 7.9491379e-004
 8.4068719e-004
 8.7830832e-004
 8.9032087e-004
 8.6915714e-004
 8.1600295e-004
 7.4068533e-004
 6.6139147e-004
 5.9861946e-004
 5.6403008e-004
 5.5433490e-004
 5.5643654e-004
 5.5920717e-004
 5.6219148e-004
 5.7340827e-004
 5.9853803e-004
 6.3381076e-004
 6.6916255e-004
 6.9599762e-004
 7.1198557e-004
 7.2062400e-004
 7.2731619e-004
 7.3554716e-004
 7.4619969e-004
 7.5957645e-004
 7.7788031e-004
 8.0448797e-004
 8.3742558e-004
 8.6360401e-004
 8.6513726e-004
 8.3507202e-004
 7.8685005e-004
 7.4765616e-004
 7.4035168e-004
 7.6932064e-004
 8.2037743e-004
 8.6910219e-004
 8.8902313e-004
 8.6083170e-004
 7.8528555e-004
 6.9022295e-004
 6.1733031e-004
 5.9303961e-004
 6.0882862e-004
 6.3103822e-004
 6.3099468e-004
 6.0685660e-004
 5.8000704e-004
 5.7551230e-004
 6.0672802e-004
 6.7177333e-004
 7.5572979e-004
 8.3399756e-004
 8.8030461e-004
 8.7904418e-004
 8.3353533e-004
 7.6354219e-004
 6.9517404e-004
 6.5005640e-004
 6.3300703e-004
 6.3085189e-004
 6.4396102e-004
 6.9195323e-004
 7.6915434e-004
 8.2126795e-004
 8.0622145e-004
 7.4987352e-004
 7.1091310e-004
 7.1912690e-004
 7.6456793e-004
 8.2103431e-004
 8.6797116e-004
 8.9881470e-004
 9.1417617e-004
 9.0946606e-004
 8.7021937e-004
 7.8980409e-004
 7.0486165e-004
 6.8318337e-004
 7.3225494e-004
 7.6278648e-004
 7.0749724e-004
 6.2165287e-004
 6.0305581e-004
 6.6923775e-004
 7.5433200e-004
 7.8397564e-004
 7.3968858e-004
 6.6708669e-004
 6.2081625e-004
 6.1571377e-004
 6.3966139e-004
 6.7901035e-004
 7.0888753e-004
 6.9388637e-004
 6.3591276e-004
 5.9477956e-004
 6.2181539e-004
 6.9765415e-004
 7.6398504e-004
 7.8419998e-004
 7.6011987e-004
 7.1674783e-004
 6.8309502e-004
 6.8599294e-004
 7.3793024e-004
 7.9880853e-004
 7.8558706e-004
 6.7702873e-004
 5.4878322e-004
 4.7943622e-004
 4.8614337e-004
 5.3341233e-004
 5.7671929e-004
 5.9861079e-004
 6.1137165e-004
 6.3389086e-004
 6.7588035e-004
 7.3665829e-004
 8.0881495e-004
 8.7578304e-004
 9.1334764e-004
 9.0240373e-004
 8.4560557e-004
 7.6682895e-004
 6.9412607e-004
 6.4719521e-004
 6.3579559e-004
 6.5953762e-004
 6.9997716e-004
 7.2540488e-004
 7.1102404e-004
 6.5393531e-004
 5.7548180e-004
 5.1044679e-004
 4.8668231e-004
 4.9233570e-004
 5.2486098e-004
 5.7576911e-004
 6.3208846e-004
 6.7903928e-004
 7.0183765e-004
 6.8966468e-004
 6.5778254e-004
 6.3195935e-004
 6.3799613e-004
 6.9591246e-004
 7.8766979e-004
 8.7983866e-004
 9.3895016e-004
 9.3712029e-004
 8.8354439e-004
 8.0244290e-004
 7.1807008e-004
 6.5203081e-004
 6.0811313e-004
 5.8023899e-004
 5.7241996e-004
 5.7581591e-004
 5.8750506e-004
 6.0508668e-004
 6.2618940e-004
 6.4843288e-004
 6.6945807e-004
 6.8721204e-004
 6.9993973e-004
 7.0590625e-004
 7.0337229e-004
 6.9075398e-004
 6.6993665e-004
 6.4621645e-004
 6.2504446e-004
 6.1186182e-004
 6.1190379e-004
 6.2566827e-004
 6.4900966e-004
 6.7759497e-004
 7.0708035e-004
 7.3313201e-004
 7.5242401e-004
 7.6554005e-004
 7.7402149e-004
 7.7940430e-004
 7.8322791e-004
 7.8702928e-004
 7.9205161e-004
 7.9839706e-004
 8.0589659e-004
 8.1437809e-004
 8.2367280e-004
 8.3360809e-004
 8.4401463e-004
 8.5476309e-004
 8.6587330e-004
 8.7740627e-004
 8.8941789e-004
 9.0196956e-004
 9.1511669e-004
 9.2892110e-004
 9.4343803e-004
 9.5861778e-004
 9.7398367e-004
 9.8896667e-004
 1.0029909e-003
 1.0154875e-003
 1.0258809e-003
 1.0336003e-003
 1.0380740e-003
 1.0389511e-003
 1.0367132e-003
 1.0320356e-003
 1.0255915e-003
 1.0180578e-003
 1.0101071e-003
 1.0024160e-003
 9.9565752e-004
 9.9035609e-004
 9.8647270e-004
 9.8384160e-004
 9.8229561e-004
 9.8166778e-004
 9.8179176e-004
 9.8250073e-004
 9.8362786e-004
 9.8500657e-004
 9.8646979e-004
 9.8785118e-004
 9.8898378e-004
 9.8973862e-004
 9.9012326e-004
 9.9017634e-004
 9.8993629e-004
 9.8944188e-004
 9.8873174e-004
 9.8784431e-004
 9.8681834e-004
 9.8569237e-004
 9.8450482e-004
 9.8329457e-004
 9.8210003e-004
 9.8095287e-004
 9.7985915e-004
 9.7882003e-004
 9.7783597e-004
 9.7690790e-004
 9.7603648e-004
 9.7522262e-004
 9.7446697e-004
 9.7377028e-004
 9.7313331e-004
 9.7255677e-004
 9.7204506e-004
 9.7161502e-004
 9.7128598e-004
 9.7107759e-004
 9.7100931e-004
 9.7110082e-004
 9.7137137e-004
 9.7184081e-004
 9.7252842e-004
 9.7345392e-004
 9.7461807e-004
 9.7595807e-004
 9.7739731e-004
 9.7885844e-004
 9.8026497e-004
 9.8153995e-004
 9.8260643e-004
 9.8338781e-004
 9.8380703e-004
 9.8378735e-004
 9.8330714e-004
 9.8253461e-004
 9.8167756e-004
 9.8094461e-004
 9.8054390e-004
 9.8068395e-004
 9.8157255e-004
 9.8341866e-004
 9.8642975e-004
 9.9081511e-004
 9.9655415e-004
 1.0028621e-003
 1.0087899e-003
 1.0133907e-003
 1.0157161e-003
 1.0148183e-003
 1.0097501e-003
 9.9956233e-004
 9.8330958e-004
 9.6070312e-004
 9.3364838e-004
 9.0451812e-004
 8.7567174e-004
 8.4948243e-004
 8.2831050e-004
 8.1452704e-004
 8.1049505e-004
 8.1760366e-004
 8.3401892e-004
 8.5723901e-004
 8.8477111e-004
 9.1411045e-004
 9.4276568e-004
 9.6823182e-004
 9.8801474e-004
 1.0003785e-003
 1.0060618e-003
 1.0063126e-003
 1.0023774e-003
 9.9550153e-004
 9.8693313e-004
 9.7791688e-004
 9.6970110e-004
 9.6328260e-004
 9.5886271e-004
 9.5647969e-004
 9.5642905e-004
 9.5848599e-004
 9.6260221e-004
 9.6859626e-004
 9.7584224e-004
 9.8328432e-004
 9.8956202e-004
 9.9317124e-004
 9.9264411e-004
 9.8693243e-004
 9.7606954e-004
 9.6156169e-004
 9.4596035e-004
 9.3219394e-004
 9.2300674e-004
 9.2025602e-004
 9.2411612e-004
 9.3282299e-004
 9.4316201e-004
 9.5128530e-004
 9.5352100e-004
 9.4729784e-004
 9.3206309e-004
 9.0961327e-004
 8.8356336e-004
 8.5837522e-004
 8.3837874e-004
 8.2679646e-004
 8.2492165e-004
 8.3185942e-004
 8.4497710e-004
 8.6073374e-004
 8.7551470e-004
 8.8635116e-004
 8.9143502e-004
 8.9028093e-004
 8.8349346e-004
 8.7233156e-004
 8.5829920e-004
 8.4285130e-004
 8.2911272e-004
 8.2018040e-004
 8.1197277e-004
 8.0511556e-004
 8.0015929e-004
 7.9756329e-004
 7.9768052e-004
 8.0075534e-004
 8.0689776e-004
 8.1606413e-004
 8.2803419e-004
 8.4239972e-004
 8.5857004e-004
 8.7578868e-004
 8.9320383e-004
 9.0994401e-004
 9.2517777e-004
 9.3820377e-004
 9.4850431e-004
 9.5580344e-004
 9.6008251e-004
 9.6156052e-004
 9.6065790e-004
 9.5793128e-004
 9.5399766e-004
 9.4947248e-004
 9.4490091e-004
 9.4067649e-004
 9.3699357e-004
 9.3383819e-004
 9.3104324e-004
 9.2839089e-004
 9.2571677e-004
 9.2299643e-004
 9.2038105e-004
 9.1817672e-004
 9.1677031e-004
 9.1651100e-004
 9.1758341e-004
 9.1990014e-004
 9.2305115e-004
 9.2632254e-004
 9.2879211e-004
 9.2948368e-004
 9.2754897e-004
 9.2244410e-004
 9.1406086e-004
 9.0277847e-004
 8.8941143e-004
 8.7507698e-004
 8.6096878e-004
 8.4812823e-004
 8.3722669e-004
 8.2843285e-004
 8.2140940e-004
 8.1541872e-004
 8.0954150e-004
 8.0293213e-004
 7.9505035e-004
 7.8581535e-004
 7.7562145e-004
 7.6524017e-004
 7.5561512e-004
 7.4761786e-004
 7.4184185e-004
 7.3846767e-004
 7.3724636e-004
 7.3759776e-004
 7.3878816e-004
 7.4014423e-004
 7.4124831e-004
 7.4206927e-004
 7.4299832e-004
 7.4478576e-004
 7.4838946e-004
 7.5476879e-004
 7.6467113e-004
 7.7844213e-004
 7.9592405e-004
 8.1642764e-004
 8.3881622e-004
 8.6167286e-004
 8.8348304e-004
 9.0285612e-004
 9.1866840e-004
 9.3016773e-004
 9.3700003e-004
 9.3916466e-004
 9.3695096e-004
 9.3085715e-004
 9.2152838e-004
 9.0970559e-004
 8.9619937e-004
 8.8185183e-004
 8.6747902e-004
 8.5381157e-004
 8.4140012e-004
 8.3055842e-004
 8.2132814e-004
 8.1350451e-004
 8.0673228e-004
 8.0062629e-004
 7.9490890e-004
 7.8949780e-004
 7.8451977e-004
 7.8024372e-004
 7.7693729e-004
 7.7470881e-004
 7.7337725e-004
 7.7242951e-004
 7.7108893e-004
 7.6848303e-004
 7.6387124e-004
 7.5686595e-004
 7.4757956e-004
 7.3666463e-004
 7.2522147e-004
 7.1460247e-004
 7.0618058e-004
 7.0111221e-004
 7.0017920e-004
 7.0371001e-004
 7.1159919e-004
 7.2338461e-004
 7.3836523e-004
 7.5569516e-004
 7.7445997e-004
 7.9372287e-004
 8.1252342e-004
 8.2990492e-004
 8.4492378e-004
 8.5670926e-004
 8.6454483e-004
 8.6795207e-004
 8.6678489e-004
 8.6128415e-004
 8.5209287e-004
 8.4020547e-004
 8.2687166e-004
 8.1344583e-004
 8.0120837e-004
 7.9120538e-004
 7.8409800e-004
 7.8008824e-004
 7.7890494e-004
 7.7987451e-004
 7.8206079e-004
 7.8445126e-004
 7.8615523e-004
 7.8658160e-004
 7.8555808e-004
 7.8336627e-004
 7.8068156e-004
 7.7842537e-004
 7.7755051e-004
 7.7880215e-004
 7.8250532e-004
 7.8843010e-004
 7.9577020e-004
 8.0325780e-004
 8.0940261e-004
 8.1279728e-004
 8.1244227e-004
 8.0799666e-004
 7.9990528e-004
 7.8935578e-004
 7.7808951e-004
 7.6809124e-004
 7.6123519e-004
 7.5897691e-004
 7.6213083e-004
 7.7079050e-004
 7.8437803e-004
 8.0181175e-004
 8.2171272e-004
 8.4264611e-004
 8.6329458e-004
 8.8258937e-004
 8.9977006e-004
 9.1435859e-004
 9.2612300e-004
 9.3499589e-004
 9.4101782e-004
 9.4429834e-004
 9.4500021e-004
 9.4335602e-004
 9.3969121e-004
 9.3444326e-004
 9.2815195e-004
 9.2142250e-004
 9.1484864e-004
 9.0891431e-004
 9.0390403e-004
 8.9983019e-004
 8.9641829e-004
 8.9314429e-004
 8.8932575e-004
 8.8424911e-004
 8.7729510e-004
 8.6804805e-004
 8.5635693e-004
 8.4234285e-004
 8.2637975e-004
 8.0902822e-004
 7.9099031e-004
 7.7305519e-004
 7.5605692e-004
 7.4085919e-004
 7.2830194e-004
 7.1915728e-004
 7.1404042e-004
 7.1331050e-004
 7.1697857e-004
 7.2463497e-004
 7.3543942e-004
 7.4816530e-004
 7.6132710e-004
 7.7333796e-004
 7.8270392e-004
 7.8820577e-004
 7.8903313e-004
 7.8487466e-004
 7.7594066e-004
 7.6293474e-004
 7.4697245e-004
 7.2948681e-004
 7.1208685e-004
 6.9642963e-004
 6.8406027e-004
 6.7625247e-004
 6.7386957e-004
 6.7723612e-004
 6.8606995e-004
 6.9947704e-004
 7.1604142e-004
 7.3397689e-004
 7.5136771e-004
 7.6640764e-004
 7.7764480e-004
 7.8416511e-004
 7.8567537e-004
 7.8250136e-004
 7.7548204e-004
 7.6580350e-004
 7.5479085e-004
 7.4371783e-004
 7.3364249e-004
 7.2530017e-004
 7.1907300e-004
 7.1500510e-004
 7.1287807e-004
 7.1230571e-004
 7.1283791e-004
 7.1405096e-004
 7.1560964e-004
 7.1729295e-004
 7.1898609e-004
 7.2064495e-004
 7.2224415e-004
 7.2372647e-004
 7.2496268e-004
 7.2573521e-004
 7.2574802e-004
 7.2466256e-004
 7.2215503e-004
 7.1798346e-004
 7.1205822e-004
 7.0449407e-004
 6.9564750e-004
 6.8611494e-004
 6.7669048e-004
 6.6829589e-004
 6.6186051e-004
 6.5819436e-004
 6.5784453e-004
 6.6097680e-004
 6.6729885e-004
 6.7605329e-004
 6.8608508e-004
 6.9599546e-004
 7.0436398e-004
 7.0998858e-004
 7.1212644e-004
 7.1065821e-004
 7.0615899e-004
 6.9983699e-004
 6.9336023e-004
 6.8858307e-004
 6.8724109e-004
 6.9065072e-004
 6.9948536e-004
 7.1365340e-004
 7.3230430e-004
 7.5396756e-004
 7.7676174e-004
 7.9869351e-004
 8.1792095e-004
 8.3299913e-004
 8.4303302e-004
 8.4770867e-004
 8.4723806e-004
 8.4220897e-004
 8.3340425e-004
 8.2162127e-004
 8.0755755e-004
 7.9175527e-004
 7.7464723e-004
 7.5664651e-004
 7.3825341e-004
 7.2016427e-004
 7.0329168e-004
 6.8874529e-004
 6.7771884e-004
 6.7133410e-004
 6.7047763e-004
 6.7563920e-004
 6.8680604e-004
 7.0340821e-004
 7.2434806e-004
 7.4807083e-004
 7.7270495e-004
 7.9624588e-004
 8.1673043e-004
 8.3245628e-004
 8.4214518e-004
 8.4509875e-004
 8.4128522e-004
 8.3135418e-004
 8.1656530e-004
 7.9864520e-004
 7.7956967e-004
 7.6130283e-004
 7.4556295e-004
 7.3360145e-004
 7.2609109e-004
 7.2309148e-004
 7.2412152e-004
 7.2830968e-004
 7.3458097e-004
 7.4185285e-004
 7.4918824e-004
 7.5590314e-004
 7.6159806e-004
 7.6614151e-004
 7.6961290e-004
 7.7222358e-004
 7.7424973e-004
 7.7597791e-004
 7.7768008e-004
 7.7961257e-004
 7.8202900e-004
 7.8520126e-004
 7.8942801e-004
 7.9502701e-004
 8.0230716e-004
 8.1151363e-004
 8.2277512e-004
 8.3604292e-004
 8.5105939e-004
 8.6736440e-004
 8.8431890e-004
 9.0118858e-004
 9.1721740e-004
 9.3172194e-004
 9.4416784e-004
 9.5420220e-004
 9.6167205e-004
 9.6661074e-004
 9.6920104e-004
 9.6974324e-004
 9.6861698e-004
 9.6624944e-004
 9.6307794e-004
 9.5950754e-004
 9.5585349e-004
 9.5228379e-004
 9.4876834e-004
 9.4505900e-004
 9.4072451e-004
 9.3523850e-004
 9.2812674e-004
 9.1913424e-004
 9.0837100e-004
 8.9640543e-004
 8.8424055e-004
 8.7319838e-004
 8.6469547e-004
 8.5997325e-004
 8.5984968e-004
 8.6453382e-004
 8.7356789e-004
 8.8589295e-004
 9.0004352e-004
 9.1439579e-004
 9.2744478e-004
 9.3804038e-004
 9.4552425e-004
 9.4978366e-004
 9.5118623e-004
 9.5044746e-004
 9.4844616e-004
 9.4603724e-004
 9.4388926e-004
 9.4238098e-004
 9.4156194e-004
 9.4118150e-004
 9.4077265e-004
 9.3976484e-004
 9.3760423e-004
 9.3385472e-004
 9.2826283e-004
 9.2078774e-004
 9.1158581e-004
 9.0098166e-004
 8.8941935e-004
 8.7740977e-004
 8.6549518e-004
 8.5420557e-004
 8.4401533e-004
 8.3531014e-004
 8.2833448e-004
 8.2316203e-004
 8.1967202e-004
 8.1755925e-004
 8.1638352e-004
 8.1564754e-004
 8.1489747e-004
 8.1381737e-004
 8.1229216e-004
 8.1042200e-004
 8.0847699e-004
 8.0680731e-004
 8.0573111e-004
 8.0543448e-004
 8.0591568e-004
 8.0698921e-004
 8.0834969e-004
 8.0967642e-004
 8.1074657e-004
 8.1152131e-004
 8.1218203e-004
 8.1310439e-004
 8.1477949e-004
 8.1770675e-004
 8.2228356e-004
 8.2872267e-004
 8.3701679e-004
 8.4694161e-004
 8.5811241e-004
 8.7004731e-004
 8.8224449e-004
 8.9424662e-004
 9.0566627e-004
 9.1620471e-004
 9.2562864e-004
 9.3374937e-004
 9.4040181e-004
 9.4542804e-004
 9.4869506e-004
 9.5012196e-004
 9.4972836e-004
 9.4767759e-004
 9.4430195e-004
 9.4009330e-004
 9.3564700e-004
 9.3157153e-004
 9.2836755e-004
 9.2631666e-004
 9.2539826e-004
 9.2526671e-004
 9.2529878e-004
 9.2470506e-004
 9.2268421e-004
 9.1858779e-004
 9.1205427e-004
 9.0309459e-004
 8.9209480e-004
 8.7976182e-004
 8.6700625e-004
 8.5479423e-004
 8.4401725e-004
 8.3536882e-004
 8.2928682e-004
 8.2593551e-004
 8.2524109e-004
 8.2696474e-004
 8.3078881e-004
 8.3639717e-004
 8.4353110e-004
 8.5201365e-004
 8.6172775e-004
 8.7257248e-004
 8.8441098e-004
 8.9701236e-004
 9.1004022e-004
 9.2305522e-004
 9.3556644e-004
 9.4710477e-004
 9.5728564e-004
 9.6587662e-004
 9.7281556e-004
 9.7820594e-004
 9.8227768e-004
 9.8532496e-004
 9.8764803e-004
 9.8950148e-004
 9.9106575e-004
 9.9244062e-004
 9.9365588e-004
 9.9469430e-004
 9.9551445e-004
 9.9607045e-004
 9.9632342e-004
 9.9624600e-004
 9.9582318e-004
 9.9505251e-004
 9.9394610e-004
 9.9253305e-004
 9.9086203e-004
 9.8900148e-004
 9.8703033e-004
 9.8502799e-004
 9.8306092e-004
 9.8117394e-004
 9.7938220e-004
 9.7766565e-004
 9.7596593e-004
 9.7418972e-004
 9.7222190e-004
 9.6994755e-004
 9.6727908e-004
 9.6418703e-004
 9.6072198e-004
 9.5702929e-004
 9.5334119e-004
 9.4994123e-004
 9.4711583e-004
 9.4509881e-004
 9.4402779e-004
 9.4391481e-004
 9.4464282e-004
 9.4598054e-004
 9.4761205e-004
 9.4918959e-004
 9.5039443e-004
 9.5099880e-004
 9.5091201e-004
 9.5020421e-004
 9.4909896e-004
 9.4793760e-004
 9.4711850e-004
 9.4702421e-004
 9.4794272e-004
 9.5000211e-004
 9.5313531e-004
 9.5707399e-004
 9.6136110e-004
 9.6538727e-004
 9.6843572e-004
 9.6971821e-004
 9.6844055e-004
 9.6388097e-004
 9.5547998e-004
 9.4292226e-004
 9.2621887e-004
 9.0575038e-004
 8.8224851e-004
 8.5676246e-004
 8.3053968e-004
 8.0491859e-004
 7.8117801e-004
 7.6038693e-004
 7.4333558e-004
 7.3049020e-004
 7.2202180e-004
 7.1783614e-004
 7.1762613e-004
 7.2093011e-004
 7.2718790e-004
 7.3577085e-004
 7.4601814e-004
 7.5728039e-004
 7.6894584e-004
 7.8047923e-004
 7.9143170e-004
 8.0145313e-004
 8.1028900e-004
 8.1775186e-004
 8.2369708e-004
 8.2799199e-004
 8.3048595e-004
 8.3100208e-004
 8.2934229e-004
 8.2532130e-004
 8.1881875e-004
 8.0985285e-004
 7.9864747e-004
 7.8569917e-004
 7.7180361e-004
 7.5803284e-004
 7.4567448e-004
 7.3609361e-004
 7.3057757e-004
 7.3014683e-004
 7.3538790e-004
 7.4632990e-004
 7.6239987e-004
 7.8245392e-004
 8.0490462e-004
 8.2792807e-004
 8.4968063e-004
 8.6855696e-004
 8.8337058e-004
 8.9349441e-004
 8.9890708e-004
 9.0014323e-004
 8.9818373e-004
 8.9428888e-004
 8.8981749e-004
 8.8604947e-004
 8.8404369e-004
 8.8453171e-004
 8.8785804e-004
 8.9395948e-004
 9.0238295e-004
 9.1232511e-004
 9.2270481e-004
 9.3226513e-004
 9.3968859e-004
 9.4375253e-004
 9.4348204e-004
 9.3831081e-004
 9.2820480e-004
 9.1374177e-004
 8.9609862e-004
 8.7696972e-004
 8.5838221e-004
 8.4244000e-004
 8.3105580e-004
 8.2567398e-004
 8.2706177e-004
 8.3520106e-004
 8.4930198e-004
 8.6792978e-004
 8.8923046e-004
 9.1121957e-004
 9.3204575e-004
 9.5024618e-004
 9.6487871e-004
 9.7558321e-004
 9.8253356e-004
 9.8628912e-004
 9.8760321e-004
 9.8720589e-004
 9.8562194e-004
 9.8305452e-004
 9.7935926e-004
 9.7410637e-004
 9.6670660e-004
 9.5656078e-004
 9.4319991e-004
 9.2640723e-004
 9.0626779e-004
 8.8323333e-004
 8.5812126e-004
 8.3205005e-004
 8.0635725e-004
 7.8245922e-004
 7.6169922e-004
 7.4522925e-004
 7.3389214e-004
 7.2818459e-004
 7.2823971e-004
 7.3386065e-004
 7.4457045e-004
 7.5967831e-004
 7.7832589e-004
 7.9955289e-004
 8.2237233e-004
 8.4580120e-004
 8.6892809e-004
 8.9093886e-004
 9.1116579e-004
 9.2912430e-004
 9.4450853e-004
 9.5720671e-004
 9.6728001e-004
 9.7494252e-004
 9.8052272e-004
 9.8441192e-004
 9.8702032e-004
 9.8873652e-004
 9.8989415e-004
 9.9075504e-004
 9.9150161e-004
 9.9224388e-004
 9.9303189e-004
 9.9387194e-004
 9.9474413e-004
 9.9561666e-004
 9.9645660e-004
 9.9723786e-004
 9.9794287e-004
 9.9856430e-004
 9.9910167e-004
 9.9955942e-004
 9.9994254e-004
 1.0002541e-003
 1.0004929e-003
 1.0006530e-003
 1.0007231e-003
 1.0006890e-003
 1.0005352e-003
 1.0002485e-003
 9.9981995e-004
 9.9924847e-004
 9.9854160e-004
 9.9771691e-004
 9.9680142e-004
 9.9583005e-004
 9.9484390e-004
 9.9388720e-004
 9.9300547e-004
 9.9224260e-004
 9.9163887e-004
 9.9122990e-004
 9.9104445e-004
 9.9110405e-004
 9.9142047e-004
 9.9199545e-004
 9.9281815e-004
 9.9386496e-004
 9.9509850e-004
 9.9646882e-004
 9.9791645e-004
 9.9937571e-004
 1.0007811e-003
 1.0020727e-003
 1.0032027e-003
 1.0041409e-003
 1.0048770e-003
 1.0054210e-003
 1.0058010e-003
 1.0060566e-003
 1.0062309e-003
 1.0063614e-003
 1.0064704e-003
 1.0065574e-003
 1.0065945e-003
 1.0065273e-003
 1.0062797e-003
 1.0057639e-003
 1.0048947e-003
 1.0036064e-003
 1.0018679e-003
 9.9969783e-004
 9.9717127e-004
 9.9441921e-004
 9.9162257e-004
 9.8899216e-004
 9.8674733e-004
 9.8508690e-004
 9.8416163e-004
 9.8405196e-004
 9.8475278e-004
 9.8617247e-004
 9.8814315e-004
 9.9044607e-004
 9.9284423e-004
 9.9512003e-004
 9.9711446e-004
 9.9875394e-004
 1.0000687e-003
 1.0011897e-003
 1.0023281e-003
 1.0037319e-003
 1.0056201e-003
 1.0081083e-003
 1.0111283e-003
 1.0143653e-003
 1.0172288e-003
 1.0188789e-003
 1.0183047e-003
 1.0144311e-003
 1.0062471e-003
 9.9292805e-004
 9.7395299e-004
 9.4916922e-004
 9.1882312e-004
 8.8358979e-004
 8.4460794e-004
 8.0347789e-004
 7.6216267e-004
 7.2282465e-004
 6.8765454e-004
 6.5859238e-004
 6.3709338e-004
 6.2389154e-004
 6.1889825e-004
 6.2121649e-004
 6.2571833e-004
 6.4022525e-004
 6.5594300e-004
 6.7049376e-004
 6.8194722e-004
 6.8915298e-004
 6.9192122e-004
 6.9095008e-004
 6.8756333e-004
 6.8341789e-004
 6.8028236e-004
 6.7989470e-004
 6.8382634e-004
 6.9331721e-004
 7.0908939e-004
 7.3122222e-004
 7.5912516e-004
 7.9157297e-004
 8.2688819e-004
 8.6309575e-004
 8.9808711e-004
 9.2975405e-004
 9.5608266e-004
 9.7534276e-004
 9.8626292e-004
 9.8823139e-004
 9.8137232e-004
 9.6647185e-004
 9.4479660e-004
 9.1790565e-004
 8.8749232e-004
 8.5526728e-004
 8.2290673e-004
 7.9194154e-004
 7.6369353e-004
 7.3918549e-004
 7.1910373e-004
 7.0384686e-004
 6.9359224e-004
 6.8838074e-004
 6.8818708e-004
 6.9294398e-004
 7.0253894e-004
 7.1677990e-004
 7.3535484e-004
 7.5777451e-004
 7.8337186e-004
 8.1130251e-004
 8.4059668e-004
 8.7022269e-004
 8.9910772e-004
 9.2620717e-004
 9.5053326e-004
 9.7124558e-004
 9.8775548e-004
 9.9979702e-004
 1.0074775e-003
 1.0112314e-003
 1.0117389e-003
 1.0098247e-003
 1.0063767e-003
 1.0022825e-003
 9.9836884e-004
 9.9532050e-004
 9.9358102e-004
 9.9326926e-004
 9.9414214e-004
 9.9563145e-004
 9.9692866e-004
 9.9708454e-004
 9.9509244e-004
 9.8996097e-004
 9.8079513e-004
 9.6691883e-004
 9.4801316e-004
 9.2425523e-004
 8.9636893e-004
 8.6555944e-004
 8.3340751e-004
 8.0169283e-004
 7.7229552e-004
 7.4708194e-004
 7.2778505e-004
 7.1586925e-004
 7.1232306e-004
 7.1750325e-004
 7.3105789e-004
 7.5200404e-004
 7.7888567e-004
 8.0996496e-004
 8.4338977e-004
 8.7727787e-004
 9.0984587e-004
 9.3949976e-004
 9.6498866e-004
 9.8553498e-004
 1.0008644e-003
 1.0111759e-003
 1.0170051e-003
 1.0190945e-003
 1.0182835e-003
 1.0154366e-003
 1.0113914e-003
 1.0069121e-003
 1.0026335e-003
 9.9901180e-004
 9.9630957e-004
 9.9461107e-004
 9.9387113e-004
 9.9396578e-004
 9.9473330e-004
 9.9599862e-004
 9.9758664e-004
 9.9933113e-004
 1.0010827e-003
 1.0027157e-003
 1.0041296e-003
 1.0052475e-003
 1.0060095e-003
 1.0063663e-003
 1.0062752e-003
 1.0056976e-003
 1.0046040e-003
 1.0029799e-003
 1.0008367e-003
 9.9821994e-004
 9.9521398e-004
 9.9193794e-004
 9.8853535e-004
 9.8516617e-004
 9.8199490e-004
 9.7918545e-004
 9.7689137e-004
 9.7524206e-004
 9.7432901e-004
 9.7419060e-004
 9.7480690e-004
 9.7610510e-004
 9.7797415e-004
 9.8027918e-004
 9.8287477e-004
 9.8561449e-004
 9.8835642e-004
 9.9097402e-004
 9.9336379e-004
 9.9545508e-004
 9.9721411e-004
 9.9863892e-004
 9.9975243e-004
 1.0005914e-003
 1.0011998e-003
 1.0016236e-003
 1.0019077e-003
 1.0020932e-003
 1.0022147e-003
 1.0022975e-003
 1.0023572e-003
 1.0024001e-003
 1.0024258e-003
 1.0024298e-003
 1.0024048e-003
 1.0023408e-003
 1.0022223e-003
 1.0020229e-003
 1.0016988e-003
 1.0011822e-003
 1.0003790e-003
 9.9917094e-004
 9.9742285e-004
 9.9498895e-004
 9.9172257e-004
 9.8748319e-004
 9.8215509e-004
 9.7567233e-004
 9.6804876e-004
 9.5941284e-004
 9.5001247e-004
 9.4021013e-004
 9.3045022e-004
 9.2122174e-004
 9.1303699e-004
 9.0639782e-004
 9.0177183e-004
 8.9954375e-004
 8.9996075e-004
 9.0308458e-004
 9.0877182e-004
 9.1669237e-004
 9.2637812e-004
 9.3728304e-004
 9.4882125e-004
 9.6040289e-004
 9.7146881e-004
 9.8151737e-004
 9.9015841e-004
 9.9714298e-004
 1.0023834e-003
 1.0059385e-003
 1.0079722e-003
 1.0087132e-003
 1.0084198e-003
 1.0073585e-003
 1.0057894e-003
 1.0039492e-003
 1.0020366e-003
 1.0001994e-003
 9.9852553e-004
 9.9705195e-004
 9.9577650e-004
 9.9467475e-004
 9.9371048e-004
 9.9284411e-004
 9.9203899e-004
 9.9126401e-004
 9.9049928e-004
 9.8974106e-004
 9.8900171e-004
 9.8830962e-004
 9.8770391e-004
 9.8723103e-004
 9.8693953e-004
 9.8687690e-004
 9.8708563e-004
 9.8759634e-004
 9.8841987e-004
 9.8954036e-004
 9.9091243e-004
 9.9246472e-004
 9.9410489e-004
 9.9572993e-004
 9.9723239e-004
 9.9850562e-004
 9.9945045e-004
 9.9998596e-004
 1.0000604e-003
 9.9966151e-004
 9.9882181e-004
 9.9761307e-004
 9.9613715e-004
 9.9451281e-004
 9.9286647e-004
 9.9132443e-004
 9.9000696e-004
 9.8901708e-004
 9.8842976e-004
 9.8828296e-004
 9.8857249e-004
 9.8925654e-004
 9.9026505e-004
 9.9151197e-004
 9.9290372e-004
 9.9434424e-004
 9.9574216e-004
 9.9701516e-004
 9.9809724e-004
 9.9894288e-004
 9.9953183e-004
 9.9986489e-004
 9.9995895e-004
 9.9984033e-004
 9.9954009e-004
 9.9909084e-004
 9.9852460e-004
 9.9787104e-004
 9.9715637e-004
 9.9640188e-004
 9.9562295e-004
 9.9482946e-004
 9.9402852e-004
 9.9322421e-004
 9.9241955e-004
 9.9161814e-004
 9.9082338e-004
 9.9004048e-004
 9.8927668e-004
 9.8854292e-004
 9.8785316e-004
 9.8722498e-004
 9.8667818e-004
 9.8623394e-004
 9.8591356e-004
 9.8573789e-004
 9.8572508e-004
 9.8588795e-004
 9.8623009e-004
 9.8674302e-004
 9.8740472e-004
 9.8818121e-004
 9.8902907e-004
 9.8989974e-004
 9.9074270e-004
 9.9150708e-004
 9.9214551e-004
 9.9261652e-004
 9.9288963e-004
 9.9294877e-004
 9.9279452e-004
 9.9244143e-004
 9.9191547e-004
 9.9124876e-004
 9.9047634e-004
 9.8963478e-004
 9.8875980e-004
 9.8788564e-004
 9.8704500e-004
 9.8626630e-004
 9.8557433e-004
 9.8499120e-004
 9.8453579e-004
 9.8422565e-004
 9.8407723e-004
 9.8410563e-004
 9.8432275e-004
 9.8473497e-004
 9.8533835e-004
 9.8611624e-004
 9.8703743e-004
 9.8805688e-004
 9.8912034e-004
 9.9016796e-004
 9.9113747e-004
 9.9196669e-004
 9.9259848e-004
 9.9298451e-004
 9.9309126e-004
 9.9290663e-004
 9.9244097e-004
 9.9172571e-004
 9.9080754e-004
 9.8974165e-004
 9.8858844e-004
 9.8740822e-004
 9.8625896e-004
 9.8519307e-004
 9.8425371e-004
 9.8347000e-004
 9.8285684e-004
 9.8241586e-004
 9.8213891e-004
 9.8201167e-004
 9.8201737e-004
 9.8213751e-004
 9.8235358e-004
 9.8264625e-004
 9.8299561e-004
 9.8338106e-004
 9.8378118e-004
 9.8417373e-004
 9.8453567e-004
 9.8484417e-004
 9.8507619e-004
 9.8521030e-004
 9.8522787e-004
 9.8511681e-004
 9.8487618e-004
 9.8451891e-004
 9.8407443e-004
 9.8358700e-004
 9.8311086e-004
 9.8270702e-004
 9.8243903e-004
 9.8236895e-004
 9.8255393e-004
 9.8303927e-004
 9.8385115e-004
 9.8498957e-004
 9.8642567e-004
 9.8810368e-004
 9.8994910e-004
 9.9187635e-004
 9.9379360e-004
 9.9561037e-004
 9.9724147e-004
 9.9861249e-004
 9.9967036e-004
 1.0003891e-003
 1.0007730e-003
 1.0008541e-003
 1.0006842e-003
 1.0003276e-003
 9.9985395e-004
 9.9933369e-004
 9.9883426e-004
 9.9841563e-004
 9.9812495e-004
 9.9799153e-004
 9.9802588e-004
 9.9822052e-004
 9.9855533e-004
 9.9900283e-004
 9.9953101e-004
 1.0001078e-003
 1.0007020e-003
 1.0012852e-003
 1.0018343e-003
 1.0023336e-003
 1.0027750e-003
 1.0031578e-003
 1.0034863e-003
 1.0037683e-003
 1.0040128e-003
 1.0042293e-003
 1.0044276e-003
 1.0046164e-003
 1.0048036e-003
 1.0049955e-003
 1.0051969e-003
 1.0054111e-003
 1.0056405e-003
 1.0058864e-003
 1.0061498e-003
 1.0064316e-003
 1.0067316e-003
 1.0070481e-003
 1.0073767e-003
 1.0077098e-003
 1.0080354e-003
 1.0083384e-003
 1.0086010e-003
 1.0088040e-003
 1.0089275e-003
 1.0089531e-003
 1.0088648e-003
 1.0086538e-003
 1.0083208e-003
 1.0078817e-003
 1.0073680e-003
 1.0068252e-003
 1.0063098e-003
 1.0058840e-003
 1.0056128e-003
 1.0055592e-003
 1.0057800e-003
 1.0063184e-003
 1.0071944e-003
 1.0083976e-003
 1.0098820e-003
 1.0115714e-003
 1.0133670e-003
 1.0151552e-003
 1.0168186e-003
 1.0182416e-003
 1.0193189e-003
 1.0199707e-003
 1.0201571e-003
 1.0198936e-003
 1.0192569e-003
 1.0183787e-003
 1.0174313e-003
 1.0166116e-003
 1.0161255e-003
 1.0161779e-003
 1.0169592e-003
 1.0186272e-003
 1.0212869e-003
 1.0249678e-003
 1.0296195e-003
 1.0351180e-003
 1.0412871e-003
 1.0479145e-003
 1.0547809e-003
 1.0616748e-003
 1.0684124e-003
 1.0748861e-003
 1.0811057e-003
 1.0872373e-003
 1.0936286e-003
 1.1007867e-003
 1.1093384e-003
 1.1199734e-003
 1.1334140e-003
 1.1503755e-003
 1.1715044e-003
 1.1973369e-003
 1.2282087e-003
 1.2641550e-003
 1.3049254e-003
 1.3499960e-003
 1.3986055e-003
 1.4499028e-003
 1.5029724e-003
 1.5569063e-003
 1.6107967e-003
 1.6638682e-003
 1.7155040e-003
 1.7652669e-003
 1.8129965e-003
 1.8587461e-003
 1.9026954e-003
 1.9451511e-003
 1.9864466e-003
 2.0269146e-003
 2.0667934e-003
 2.1062065e-003
 2.1450345e-003
 2.1828008e-003
 2.2186933e-003
 2.2515685e-003
 2.2800195e-003
 2.3025209e-003
 2.3174889e-003
 2.3233562e-003
 2.3186973e-003
 2.3023621e-003
 2.2736620e-003
 2.2325665e-003
 2.1797316e-003
 2.1164394e-003
 2.0444873e-003
 1.9659090e-003
 1.8828588e-003
 1.7975715e-003
 1.7121547e-003
 1.6285628e-003
 1.5484376e-003
 1.4730780e-003
 1.4032829e-003
 1.3394568e-003
 1.2817549e-003
 1.2301076e-003
 1.1843622e-003
 1.1443587e-003
 1.1098790e-003
 1.0806888e-003
 1.0565049e-003
 1.0370032e-003
 1.0217786e-003
 1.0103718e-003
 1.0022895e-003
 9.9700410e-004
 9.9398138e-004
 9.9269196e-004
 9.9262351e-004
 9.9330733e-004
 9.9434517e-004
 9.9543587e-004
 9.9638558e-004
 9.9709665e-004
 9.9754240e-004
 9.9773938e-004
 9.9772436e-004
 9.9754217e-004
 9.9723809e-004
 9.9685474e-004
 9.9642877e-004
 9.9598849e-004
 9.9555322e-004
 9.9513342e-004
 9.9473412e-004
 9.9435612e-004
 9.9399849e-004
 9.9365949e-004
 9.9333702e-004
 9.9302793e-004
 9.9272875e-004
 9.9243456e-004
 9.9213910e-004
 9.9183526e-004
 9.9151512e-004
 9.9117029e-004
 9.9079253e-004
 9.9037413e-004
 9.8990882e-004
 9.8939298e-004
 9.8882755e-004
 9.8821858e-004
 9.8757853e-004
 9.8692614e-004
 9.8628423e-004
 9.8567840e-004
 9.8513532e-004
 9.8468235e-004
 9.8434556e-004
 9.8415033e-004
 9.8412100e-004
 9.8426850e-004
 9.8454999e-004
 9.8506070e-004
 9.8565198e-004
 9.8626921e-004
 9.8685792e-004
 9.8736386e-004
 9.8773243e-004
 9.8790915e-004
 9.8783965e-004
 9.8746945e-004
 9.8675012e-004
 9.8569260e-004
 9.8433939e-004
 9.8273298e-004
 9.8091585e-004
 9.7893167e-004
 9.7682269e-004
 9.7463198e-004
 9.7240170e-004
 9.7017561e-004
 9.6799614e-004
 9.6590607e-004
 9.6394774e-004
 9.6216478e-004
 9.6059585e-004
 9.5924491e-004
 9.5809728e-004
 9.5713773e-004
 9.5635187e-004
 9.5572474e-004
 9.5524115e-004
 9.5488643e-004
 9.5464574e-004
 9.5450395e-004
 9.5444632e-004
 9.5445791e-004
 9.5452380e-004
 9.5462915e-004
 9.5475902e-004
 9.5489866e-004
 9.5503294e-004
 9.5514703e-004
 9.5522759e-004
 9.5527421e-004
 9.5529336e-004
 9.5529162e-004
 9.5527555e-004
 9.5525157e-004
 9.5522631e-004
 9.5520628e-004
 9.5519802e-004
 9.5520820e-004
 9.5524307e-004
 9.5530949e-004
 9.5541379e-004
 9.5556263e-004
 9.5576240e-004
 9.5602003e-004
 9.5634139e-004
 9.5673359e-004
 9.5720286e-004
 9.5775613e-004
 9.5839944e-004
 9.5913955e-004
 9.5998181e-004
 9.6092193e-004
 9.6194964e-004
 9.6305553e-004
 9.6422958e-004
 9.6546218e-004
 9.6674380e-004
 9.6806418e-004
 9.6941378e-004
 9.7078289e-004
 9.7216194e-004
 9.7354065e-004
 9.7490952e-004
 9.7625871e-004
 9.7757892e-004
 9.7885972e-004
 9.8009151e-004
 9.8126463e-004
 9.8236941e-004
 9.8339608e-004
 9.8433462e-004
 9.8517549e-004
 9.8590879e-004
 9.8652486e-004
 9.8701380e-004
 9.8736607e-004
 9.8757294e-004
 9.8763662e-004
 9.8756445e-004
 9.8736398e-004
 9.8704232e-004
 9.8660716e-004
 9.8606537e-004
 9.8542508e-004
 9.8469318e-004
 9.8387711e-004
 9.8298420e-004
 9.8202215e-004
 9.8099816e-004
 9.7991957e-004
 9.7879360e-004
 9.7762805e-004
 9.7643025e-004
 9.7520737e-004
 9.7396661e-004
 9.7271585e-004
 9.7146234e-004
 9.7021332e-004
 9.6897624e-004
 9.6775824e-004
 9.6656720e-004
 9.6541026e-004
 9.6429489e-004
 9.6322806e-004
 9.6221775e-004
 9.6127117e-004
 9.6039480e-004
 9.5958856e-004
 9.5884997e-004
 9.5817581e-004
