s07_ASD Record=2289:  error bars to preceding                
 2.9187177e-003
 2.7198046e-003
 2.5121083e-003
 2.3158765e-003
 2.1493891e-003
 2.0231907e-003
 1.9383524e-003
 1.8887020e-003
 1.8643398e-003
 1.8548915e-003
 1.8517632e-003
 1.8489420e-003
 1.8429488e-003
 1.8325539e-003
 1.8186698e-003
 1.8038464e-003
 1.7911058e-003
 1.7826310e-003
 1.7788961e-003
 1.7784275e-003
 1.7783337e-003
 1.7756097e-003
 1.7686801e-003
 1.7583043e-003
 1.7474791e-003
 1.7405772e-003
 1.7415852e-003
 1.7519186e-003
 1.7697068e-003
 1.7912282e-003
 1.8127111e-003
 1.8315202e-003
 1.8462685e-003
 1.8563826e-003
 1.8619396e-003
 1.8633874e-003
 1.8609889e-003
 1.8546499e-003
 1.8442068e-003
 1.8299513e-003
 1.8131008e-003
 1.7958939e-003
 1.7810772e-003
 1.7708624e-003
 1.7659081e-003
 1.7650143e-003
 1.7658392e-003
 1.7661853e-003
 1.7649655e-003
 1.7623618e-003
 1.7597325e-003
 1.7605051e-003
 1.7725872e-003
 1.8105351e-003
 1.8939651e-003
 2.0399115e-003
 2.2476097e-003
 2.4863170e-003
 2.7058106e-003
 2.8338388e-003
 2.8165027e-003
 2.7006890e-003
 2.5271699e-003
 2.3283334e-003
 2.1513815e-003
 2.0239232e-003
 1.9408482e-003
 1.8878952e-003
 1.8520098e-003
 1.8223596e-003
 1.7912341e-003
 1.7545101e-003
 1.7119544e-003
 1.6669249e-003
 1.6250856e-003
 1.5922325e-003
 1.5720540e-003
 1.5648194e-003
 1.5675096e-003
 1.5749789e-003
 1.5814285e-003
 1.5817073e-003
 1.5724421e-003
 1.5531149e-003
 1.5268084e-003
 1.4999360e-003
 1.4806195e-003
 1.4765838e-003
 1.4944068e-003
 1.5410722e-003
 1.6259988e-003
 1.7593842e-003
 1.9441057e-003
 2.1647301e-003
 2.3824393e-003
 2.5434734e-003
 2.6018198e-003
 2.5449351e-003
 2.4025748e-003
 2.2292866e-003
 2.0758447e-003
 1.9693102e-003
 1.9112218e-003
 1.8879786e-003
 1.8827432e-003
 1.8834848e-003
 1.8847834e-003
 1.8851572e-003
 1.8842692e-003
 1.8818083e-003
 1.8775627e-003
 1.8716560e-003
 1.8643636e-003
 1.8557038e-003
 1.8455083e-003
 1.8343901e-003
 1.8247976e-003
 1.8205015e-003
 1.8240553e-003
 1.8342527e-003
 1.8462982e-003
 1.8548094e-003
 1.8567339e-003
 1.8516522e-003
 1.8401943e-003
 1.8231459e-003
 1.8019930e-003
 1.7792070e-003
 1.7573595e-003
 1.7387682e-003
 1.7266953e-003
 1.7254027e-003
 1.7362526e-003
 1.7527547e-003
 1.7612707e-003
 1.7493444e-003
 1.7155143e-003
 1.6725986e-003
 1.6417169e-003
 1.6406549e-003
 1.6736039e-003
 1.7289934e-003
 1.7871078e-003
 1.8317051e-003
 1.8570302e-003
 1.8667048e-003
 1.8681338e-003
 1.8674593e-003
 1.8669221e-003
 1.8645293e-003
 1.8562427e-003
 1.8402288e-003
 1.8202807e-003
 1.8048210e-003
 1.8013698e-003
 1.8109818e-003
 1.8275116e-003
 1.8418295e-003
 1.8470801e-003
 1.8418041e-003
 1.8303245e-003
 1.8205391e-003
 1.8194243e-003
 1.8284817e-003
 1.8426629e-003
 1.8539736e-003
 1.8569358e-003
 1.8515339e-003
 1.8413003e-003
 1.8282171e-003
 1.8097672e-003
 1.7828388e-003
 1.7517903e-003
 1.7303224e-003
 1.7313892e-003
 1.7544561e-003
 1.7850631e-003
 1.8077202e-003
 1.8178246e-003
 1.8211904e-003
 1.8248749e-003
 1.8306926e-003
 1.8367353e-003
 1.8420476e-003
 1.8476065e-003
 1.8536089e-003
 1.8576838e-003
 1.8554223e-003
 1.8415969e-003
 1.8130235e-003
 1.7740104e-003
 1.7387260e-003
 1.7234600e-003
 1.7329269e-003
 1.7543574e-003
 1.7670605e-003
 1.7596149e-003
 1.7386628e-003
 1.7212188e-003
 1.7188179e-003
 1.7292030e-003
 1.7417209e-003
 1.7485754e-003
 1.7505258e-003
 1.7533154e-003
 1.7605972e-003
 1.7711694e-003
 1.7818168e-003
 1.7905220e-003
 1.7957995e-003
 1.7944925e-003
 1.7840422e-003
 1.7690900e-003
 1.7621445e-003
 1.7721857e-003
 1.7938748e-003
 1.8134938e-003
 1.8243800e-003
 1.8306894e-003
 1.8369495e-003
 1.8405254e-003
 1.8360451e-003
 1.8235450e-003
 1.8101980e-003
 1.8047795e-003
 1.8108987e-003
 1.8249040e-003
 1.8396513e-003
 1.8503116e-003
 1.8568696e-003
 1.8614526e-003
 1.8646475e-003
 1.8656751e-003
 1.8648976e-003
 1.8638837e-003
 1.8634443e-003
 1.8633376e-003
 1.8627183e-003
 1.8587505e-003
 1.8472431e-003
 1.8290580e-003
 1.8139430e-003
 1.8118423e-003
 1.8205239e-003
 1.8272843e-003
 1.8235528e-003
 1.8138314e-003
 1.8091355e-003
 1.8135876e-003
 1.8201065e-003
 1.8210791e-003
 1.8170361e-003
 1.8098294e-003
 1.7945920e-003
 1.7676243e-003
 1.7400670e-003
 1.7320811e-003
 1.7506379e-003
 1.7802868e-003
 1.7964464e-003
 1.7827781e-003
 1.7447155e-003
 1.7121636e-003
 1.7115885e-003
 1.7336626e-003
 1.7488442e-003
 1.7449700e-003
 1.7311932e-003
 1.7232833e-003
 1.7343514e-003
 1.7619535e-003
 1.7861075e-003
 1.7915801e-003
 1.7833668e-003
 1.7747388e-003
 1.7693096e-003
 1.7601437e-003
 1.7439931e-003
 1.7281212e-003
 1.7151854e-003
 1.6954774e-003
 1.6714928e-003
 1.6721262e-003
 1.7130270e-003
 1.7668073e-003
 1.7994974e-003
 1.8045726e-003
 1.7877931e-003
 1.7482676e-003
 1.6894205e-003
 1.6269130e-003
 1.5740764e-003
 1.5365478e-003
 1.5267887e-003
 1.5613695e-003
 1.6337108e-003
 1.7099418e-003
 1.7625536e-003
 1.7916310e-003
 1.8079141e-003
 1.8148290e-003
 1.8142377e-003
 1.8130637e-003
 1.8152094e-003
 1.8168758e-003
 1.8154583e-003
 1.8151337e-003
 1.8197257e-003
 1.8266540e-003
 1.8312512e-003
 1.8326477e-003
 1.8333765e-003
 1.8359750e-003
 1.8406464e-003
 1.8434169e-003
 1.8363832e-003
 1.8147660e-003
 1.7851667e-003
 1.7638693e-003
 1.7636729e-003
 1.7815765e-003
 1.8037286e-003
 1.8190739e-003
 1.8245506e-003
 1.8219210e-003
 1.8144673e-003
 1.8057218e-003
 1.7989745e-003
 1.7968164e-003
 1.8003766e-003
 1.8081146e-003
 1.8153591e-003
 1.8165299e-003
 1.8096507e-003
 1.7991969e-003
 1.7934459e-003
 1.7977814e-003
 1.8101083e-003
 1.8229319e-003
 1.8299898e-003
 1.8310031e-003
 1.8305576e-003
 1.8332176e-003
 1.8398609e-003
 1.8477123e-003
 1.8526230e-003
 1.8513376e-003
 1.8435875e-003
 1.8342151e-003
 1.8314110e-003
 1.8344587e-003
 1.8162227e-003
 1.7305749e-003
 1.5897042e-003
 1.5186587e-003
 1.5925157e-003
 1.7328146e-003
 1.8190715e-003
 1.8301421e-003
 1.8185986e-003
 1.8173807e-003
 1.8240227e-003
 1.8296893e-003
 1.8314950e-003
 1.8299960e-003
 1.8283949e-003
 1.8315556e-003
 1.8402499e-003
 1.8486369e-003
 1.8516803e-003
 1.8514683e-003
 1.8522763e-003
 1.8541770e-003
 1.8554038e-003
 1.8563427e-003
 1.8573481e-003
 1.8565204e-003
 1.8536074e-003
 1.8528576e-003
 1.8580508e-003
 1.8672502e-003
 1.8751025e-003
 1.8776786e-003
 1.8738161e-003
 1.8653371e-003
 1.8583782e-003
 1.8606529e-003
 1.8722280e-003
 1.8825794e-003
 1.8829409e-003
 1.8771091e-003
 1.8750733e-003
 1.8811637e-003
 1.8917727e-003
 1.9002409e-003
 1.9024323e-003
 1.8992347e-003
 1.8934042e-003
 1.8868899e-003
 1.8806676e-003
 1.8760836e-003
 1.8753548e-003
 1.8785985e-003
 1.8828388e-003
 1.8852339e-003
 1.8854490e-003
 1.8852958e-003
 1.8868555e-003
 1.8907822e-003
 1.8961473e-003
 1.9012861e-003
 1.9039020e-003
 1.9013273e-003
 1.8923770e-003
 1.8804688e-003
 1.8732315e-003
 1.8769831e-003
 1.8902950e-003
 1.9043591e-003
 1.9106147e-003
 1.9080383e-003
 1.9032172e-003
 1.9034904e-003
 1.9102317e-003
 1.9191252e-003
 1.9254234e-003
 1.9270864e-003
 1.9251332e-003
 1.9222125e-003
 1.9203888e-003
 1.9182659e-003
 1.9150579e-003
 1.9098907e-003
 1.9035941e-003
 1.8976830e-003
 1.8936738e-003
 1.8928705e-003
 1.8951715e-003
 1.8999097e-003
 1.9064173e-003
 1.9139382e-003
 1.9211498e-003
 1.9264992e-003
 1.9284331e-003
 1.9258016e-003
 1.9201288e-003
 1.9140228e-003
 1.9100946e-003
 1.9105547e-003
 1.9149451e-003
 1.9229777e-003
 1.9305935e-003
 1.9372798e-003
 1.9423569e-003
 1.9459727e-003
 1.9483126e-003
 1.9495612e-003
 1.9499032e-003
 1.9495125e-003
 1.9485530e-003
 1.9471872e-003
 1.9455791e-003
 1.9439103e-003
 1.9427923e-003
 1.9432583e-003
 1.9463600e-003
 1.9531497e-003
 1.9645516e-003
 1.9787073e-003
 1.9910210e-003
 1.9967873e-003
 1.9912980e-003
 1.9698469e-003
 1.9311757e-003
 1.8874417e-003
 1.8540348e-003
 1.8463607e-003
 1.8798180e-003
 1.9697964e-003
 2.1250744e-003
 2.3288080e-003
 2.5580879e-003
 2.7899048e-003
 3.0013558e-003
 3.1694365e-003
 3.2712216e-003
 3.2912320e-003
 3.2424792e-003
 3.1447588e-003
 3.0178986e-003
 2.8816753e-003
 2.7559253e-003
 2.6604261e-003
 2.6150045e-003
 2.6328571e-003
 2.7023109e-003
 2.8058502e-003
 2.9259205e-003
 3.0450181e-003
 3.1455846e-003
 3.2101064e-003
 3.2210536e-003
 3.1665110e-003
 3.0554992e-003
 2.9019574e-003
 2.7197644e-003
 2.5228758e-003
 2.3251600e-003
 2.1405765e-003
 1.9829965e-003
 1.8630825e-003
 1.7793074e-003
 1.7273990e-003
 1.7030537e-003
 1.7019806e-003
 1.7198882e-003
 1.7524876e-003
 1.7954792e-003
 1.8445808e-003
 1.8954880e-003
 1.9439203e-003
 1.9855741e-003
 2.0171616e-003
 2.0389846e-003
 2.0521765e-003
 2.0578611e-003
 2.0571672e-003
 2.0512228e-003
 2.0411548e-003
 2.0280897e-003
 2.0131571e-003
 1.9974816e-003
 1.9821941e-003
 1.9684182e-003
 1.9570515e-003
 1.9481503e-003
 1.9415905e-003
 1.9372450e-003
 1.9349877e-003
 1.9346923e-003
 1.9362322e-003
 1.9394818e-003
 1.9443139e-003
 1.9506027e-003
 1.9582228e-003
 1.9669367e-003
 1.9761301e-003
 1.9850971e-003
 1.9931390e-003
 1.9995517e-003
 2.0036346e-003
 2.0046851e-003
 2.0020013e-003
 1.9948822e-003
 1.9826242e-003
 1.9648599e-003
 1.9423706e-003
 1.9161829e-003
 1.8873345e-003
 1.8568489e-003
 1.8257645e-003
 1.7951047e-003
 1.7659079e-003
 1.7391975e-003
 1.7160114e-003
 1.6971814e-003
 1.6828902e-003
 1.6731718e-003
 1.6680653e-003
 1.6676065e-003
 1.6718331e-003
 1.6807815e-003
 1.6944910e-003
 1.7129952e-003
 1.7363360e-003
 1.7641000e-003
 1.7943893e-003
 1.8249754e-003
 1.8536450e-003
 1.8781706e-003
 1.8963370e-003
 1.9059195e-003
 1.9046995e-003
 1.8904564e-003
 1.8623148e-003
 1.8238686e-003
 1.7796583e-003
 1.7342049e-003
 1.6920501e-003
 1.6577156e-003
 1.6357403e-003
 1.6306504e-003
 1.6450367e-003
 1.6750962e-003
 1.7157003e-003
 1.7617359e-003
 1.8080708e-003
 1.8495937e-003
 1.8811731e-003
 1.8976937e-003
 1.8960466e-003
 1.8796839e-003
 1.8533913e-003
 1.8219622e-003
 1.7901778e-003
 1.7628333e-003
 1.7447113e-003
 1.7406027e-003
 1.7533976e-003
 1.7798668e-003
 1.8155589e-003
 1.8532256e-003
 1.8925547e-003
 1.9269937e-003
 1.9533425e-003
 1.9705056e-003
 1.9791764e-003
 1.9812216e-003
 1.9790542e-003
 1.9751810e-003
 1.9717210e-003
 1.9697025e-003
 1.9686457e-003
 1.9669707e-003
 1.9626736e-003
 1.9538270e-003
 1.9390881e-003
 1.9182243e-003
 1.8922847e-003
 1.8632782e-003
 1.8336257e-003
 1.8056139e-003
 1.7807367e-003
 1.7590496e-003
 1.7389336e-003
 1.7174965e-003
 1.6913235e-003
 1.6574023e-003
 1.6142296e-003
 1.5628298e-003
 1.5070891e-003
 1.4531154e-003
 1.4080448e-003
 1.3786331e-003
 1.3697916e-003
 1.3834017e-003
 1.4179444e-003
 1.4691070e-003
 1.5309307e-003
 1.5969159e-003
 1.6608783e-003
 1.6561855e-003
 1.6808001e-003
 1.6984205e-003
 1.7080383e-003
 1.7095538e-003
 1.7037616e-003
 1.6922412e-003
 1.6771514e-003
 1.6609986e-003
 1.6462720e-003
 1.6350703e-003
 1.6287547e-003
 1.6277372e-003
 1.6314863e-003
 1.6388069e-003
 1.6482420e-003
 1.6584645e-003
 1.6685887e-003
 1.6783064e-003
 1.6878616e-003
 1.6978786e-003
 1.7091003e-003
 1.7221398e-003
 1.7372583e-003
 1.7542409e-003
 1.7723214e-003
 1.7901605e-003
 1.8059893e-003
 1.8178511e-003
 1.8240028e-003
 1.8233182e-003
 1.8155653e-003
 1.8015415e-003
 1.7830298e-003
 1.7625653e-003
 1.7430586e-003
 1.7273395e-003
 1.7176414e-003
 1.7151891e-003
 1.7199218e-003
 1.7304597e-003
 1.7443006e-003
 1.7582264e-003
 1.7688507e-003
 1.7731886e-003
 1.7691809e-003
 1.7560552e-003
 1.7344780e-003
 1.7064447e-003
 1.6749704e-003
 1.6435665e-003
 1.6156866e-003
 1.5941636e-003
 1.5807869e-003
 1.5761115e-003
 1.5794804e-003
 1.5892893e-003
 1.6033937e-003
 1.6195864e-003
 1.6360033e-003
 1.6514232e-003
 1.6653541e-003
 1.6779568e-003
 1.6898192e-003
 1.7016449e-003
 1.7139586e-003
 1.7268894e-003
 1.7400663e-003
 1.7526794e-003
 1.7636447e-003
 1.7718654e-003
 1.7764976e-003
 1.7771462e-003
 1.7739488e-003
 1.7675045e-003
 1.7586739e-003
 1.7482965e-003
 1.7369334e-003
 1.7246936e-003
 1.7112455e-003
 1.6959944e-003
 1.6783888e-003
 1.6582819e-003
 1.6361796e-003
 1.6133386e-003
 1.5916105e-003
 1.5730788e-003
 1.5596047e-003
 1.5523650e-003
 1.5515498e-003
 1.5562994e-003
 1.5648921e-003
 1.5751269e-003
 1.5847987e-003
 1.5921379e-003
 1.5960917e-003
 1.5964182e-003
 1.5935751e-003
 1.5884780e-003
 1.5822013e-003
 1.5757214e-003
 1.5697426e-003
 1.5646511e-003
 1.5605619e-003
 1.5574296e-003
 1.5551775e-003
 1.5537952e-003
 1.5533880e-003
 1.5541674e-003
 1.5563976e-003
 1.5603134e-003
 1.5660378e-003
 1.5735094e-003
 1.5824408e-003
 1.5923135e-003
 1.6023961e-003
 1.6118027e-003
 1.6195739e-003
 1.6247636e-003
 1.6265468e-003
 1.6243121e-003
 1.6177498e-003
 1.6069065e-003
 1.5922181e-003
 1.5744820e-003
 1.5548066e-003
 1.5345002e-003
 1.5149203e-003
 1.4973254e-003
 1.4826937e-003
 1.4715998e-003
 1.4641198e-003
 1.4598186e-003
 1.4578312e-003
 1.4570160e-003
 1.4561797e-003
 1.4543229e-003
 1.4508646e-003
 1.4457955e-003
 1.4397240e-003
 1.4337975e-003
 1.4295239e-003
 1.4285137e-003
 1.4322142e-003
 1.4416734e-003
 1.4573928e-003
 1.4792624e-003
 1.5066138e-003
 1.5383108e-003
 1.5728975e-003
 1.6087597e-003
 1.6442254e-003
 1.6777050e-003
 1.7077468e-003
 1.7331290e-003
 1.7529395e-003
 1.7666260e-003
 1.7740715e-003
 1.7756098e-003
 1.7720173e-003
 1.7644403e-003
 1.7542768e-003
 1.7430104e-003
 1.7320442e-003
 1.7225380e-003
 1.7152883e-003
 1.7106800e-003
 1.7086983e-003
 1.7090123e-003
 1.7111063e-003
 1.7144347e-003
 1.7185670e-003
 1.7232947e-003
 1.7286796e-003
 1.7350218e-003
 1.7427693e-003
 1.7523696e-003
 1.7641106e-003
 1.7779868e-003
 1.7936019e-003
 1.8101708e-003
 1.8265716e-003
 1.8414807e-003
 1.8535425e-003
 1.8615242e-003
 1.8644638e-003
 1.8617453e-003
 1.8531265e-003
 1.8386981e-003
 1.8188144e-003
 1.7940041e-003
 1.7648800e-003
 1.7321171e-003
 1.6964258e-003
 1.6586225e-003
 1.6196873e-003
 1.5808130e-003
 1.5434608e-003
 1.5092753e-003
 1.4799830e-003
 1.4571644e-003
 1.4419958e-003
 1.4350238e-003
 1.4359822e-003
 1.4437546e-003
 1.4564708e-003
 1.4717570e-003
 1.4870637e-003
 1.5000501e-003
 1.5089017e-003
 1.5125687e-003
 1.5108600e-003
 1.5043942e-003
 1.4944375e-003
 1.4826522e-003
 1.4708289e-003
 1.4606077e-003
 1.4532633e-003
 1.4495386e-003
 1.4495588e-003
 1.4528281e-003
 1.4583028e-003
 1.4645396e-003
 1.4699076e-003
 1.4728478e-003
 1.4721336e-003
 1.4671058e-003
 1.4578257e-003
 1.4451126e-003
 1.4304366e-003
 1.4156980e-003
 1.4028942e-003
 1.3937819e-003
 1.3895655e-003
 1.3907001e-003
 1.3968415e-003
 1.4069414e-003
 1.4194532e-003
 1.4325992e-003
 1.4446398e-003
 1.4540731e-003
 1.4597725e-003
 1.4610426e-003
 1.4576179e-003
 1.4496407e-003
 1.4376352e-003
 1.4224791e-003
 1.4053534e-003
 1.3876762e-003
 1.3709497e-003
 1.3565833e-003
 1.3456604e-003
 1.3387218e-003
 1.3356309e-003
 1.3355428e-003
 1.3370299e-003
 1.3383402e-003
 1.3377508e-003
 1.3339410e-003
 1.3263060e-003
 1.3151406e-003
 1.3016458e-003
 1.2877402e-003
 1.2757314e-003
 1.2678744e-003
 1.2659207e-003
 1.2707473e-003
 1.2821320e-003
 1.2987313e-003
 1.3182774e-003
 1.3379712e-003
 1.3549643e-003
 1.3668878e-003
 1.3722562e-003
 1.3707150e-003
 1.3630470e-003
 1.3509635e-003
 1.3367202e-003
 1.3226740e-003
 1.3108535e-003
 1.3026431e-003
 1.2986457e-003
 1.2987021e-003
 1.3020651e-003
 1.3076522e-003
 1.3143240e-003
 1.3211147e-003
 1.3273930e-003
 1.3329128e-003
 1.3377786e-003
 1.3423347e-003
 1.3470090e-003
 1.3521555e-003
 1.3579231e-003
 1.3641706e-003
 1.3704591e-003
 1.3761043e-003
 1.3802965e-003
 1.3822593e-003
 1.3814148e-003
 1.3775324e-003
 1.3708217e-003
 1.3619498e-003
 1.3519640e-003
 1.3421427e-003
 1.3337737e-003
 1.3279291e-003
 1.3252618e-003
 1.3258832e-003
 1.3293534e-003
 1.3347836e-003
 1.3410301e-003
 1.3469339e-003
 1.3515488e-003
 1.3542911e-003
 1.3549930e-003
 1.3538410e-003
 1.3512325e-003
 1.3475911e-003
 1.3432027e-003
 1.3381093e-003
 1.3320858e-003
 1.3247087e-003
 1.3154750e-003
 1.3039601e-003
 1.2899592e-003
 1.2735853e-003
 1.2553328e-003
 1.2360570e-003
 1.2169325e-003
 1.1993505e-003
 1.1847854e-003
 1.1746604e-003
 1.1701729e-003
 1.1721451e-003
 1.1808776e-003
 1.1960627e-003
 1.2167594e-003
 1.2414696e-003
 1.2683272e-003
 1.2953421e-003
 1.3207359e-003
 1.3432219e-003
 1.3622431e-003
 1.3780755e-003
 1.3917511e-003
 1.4048549e-003
 1.4191754e-003
 1.4363192e-003
 1.4573546e-003
 1.4825355e-003
 1.5112178e-003
 1.5419212e-003
 1.5725895e-003
 1.6009832e-003
 1.6250866e-003
 1.6435300e-003
 1.6558396e-003
 1.6625309e-003
 1.6649701e-003
 1.6650358e-003
 1.6646635e-003
 1.6653656e-003
 1.6678512e-003
 1.6718444e-003
 1.6761448e-003
 1.6789273e-003
 1.6782068e-003
 1.6723523e-003
 1.6605319e-003
 1.6429923e-003
 1.6211101e-003
 1.5972035e-003
 1.5741955e-003
 1.5551399e-003
 1.5427823e-003
 1.5391635e-003
 1.5453676e-003
 1.5614219e-003
 1.5863515e-003
 1.6183385e-003
 1.6549715e-003
 1.6935429e-003
 1.7312890e-003
 1.7656571e-003
 1.7944537e-003
 1.8159841e-003
 1.8291390e-003
 1.8334276e-003
 1.8290203e-003
 1.8167490e-003
 1.7980861e-003
 1.7750545e-003
 1.7500912e-003
 1.7258147e-003
 1.7047290e-003
 1.6889339e-003
 1.6798306e-003
 1.6779521e-003
 1.6829075e-003
 1.6934911e-003
 1.7079122e-003
 1.7241152e-003
 1.7400859e-003
 1.7541106e-003
 1.7649301e-003
 1.7717629e-003
 1.7742594e-003
 1.7724037e-003
 1.7664377e-003
 1.7568247e-003
 1.7442773e-003
 1.7297945e-003
 1.7146977e-003
 1.7005840e-003
 1.6891810e-003
 1.6821221e-003
 1.6806474e-003
 1.6853175e-003
 1.6958027e-003
 1.7108095e-003
 1.7281657e-003
 1.7450762e-003
 1.7585122e-003
 1.7656448e-003
 1.7642938e-003
 1.7532787e-003
 1.7326474e-003
 1.7037115e-003
 1.6689320e-003
 1.6315975e-003
 1.5954333e-003
 1.5641116e-003
 1.5407691e-003
 1.5276358e-003
 1.5257443e-003
 1.5348383e-003
 1.5534296e-003
 1.5790388e-003
 1.6085315e-003
 1.6385457e-003
 1.6659363e-003
 1.6881303e-003
 1.7034282e-003
 1.7111242e-003
 1.7115101e-003
 1.7057330e-003
 1.6955620e-003
 1.6831008e-003
 1.6705127e-003
 1.6597752e-003
 1.6524948e-003
 1.6498012e-003
 1.6522844e-003
 1.6599883e-003
 1.6724290e-003
 1.6886565e-003
 1.7073317e-003
 1.7268724e-003
 1.7456125e-003
 1.7620176e-003
 1.7749066e-003
 1.7836267e-003
 1.7881765e-003
 1.7892155e-003
 1.7879519e-003
 1.7859257e-003
 1.7847198e-003
 1.7856539e-003
 1.7895263e-003
 1.7964514e-003
 1.8058341e-003
 1.8164739e-003
 1.8267892e-003
 1.8351170e-003
 1.8400098e-003
 1.8404989e-003
 1.8362413e-003
 1.8275437e-003
 1.8152384e-003
 1.8004691e-003
 1.7844070e-003
 1.7680150e-003
 1.7518888e-003
 1.7362348e-003
 1.7210105e-003
 1.7061407e-003
 1.6917881e-003
 1.6785451e-003
 1.6674901e-003
 1.6600845e-003
 1.6579007e-003
 1.6622695e-003
 1.6739334e-003
 1.6928088e-003
 1.7179011e-003
 1.7474084e-003
 1.7789812e-003
 1.8100135e-003
 1.8379765e-003
 1.8606221e-003
 1.8761281e-003
 1.8831488e-003
 1.8808120e-003
 1.8687419e-003
 1.8471184e-003
 1.8167781e-003
 1.7792974e-003
 1.7370575e-003
 1.6931322e-003
 1.6510898e-003
 1.6146133e-003
 1.5870495e-003
 1.5710007e-003
 1.5679788e-003
 1.5781953e-003
 1.6005251e-003
 1.6326831e-003
 1.6715355e-003
 1.7135437e-003
 1.7552954e-003
 1.7938117e-003
 1.8267646e-003
 1.8524951e-003
 1.8699307e-003
 1.8785603e-003
 1.8784008e-003
 1.8699259e-003
 1.8539785e-003
 1.8317074e-003
 1.8044893e-003
 1.7739279e-003
 1.7418419e-003
 1.7102932e-003
 1.6815074e-003
 1.6576706e-003
 1.6407140e-003
 1.6320377e-003
 1.6323042e-003
 1.6412993e-003
 1.6579585e-003
 1.6804724e-003
 1.7064792e-003
 1.7334032e-003
 1.7588116e-003
 1.7807917e-003
 1.7981782e-003
 1.8106491e-003
 1.8186249e-003
 1.8229899e-003
 1.8247305e-003
 1.8245538e-003
 1.8226091e-003
 1.8183852e-003
 1.8108146e-003
 1.7985259e-003
 1.7801785e-003
 1.7547844e-003
 1.7219234e-003
 1.6819297e-003
 1.6360122e-003
 1.5862891e-003
 1.5356428e-003
 1.4874421e-003
 1.4452203e-003
 1.4122365e-003
 1.3910839e-003
 1.3833912e-003
 1.3895743e-003
 1.4087223e-003
 1.4385916e-003
 1.4757785e-003
 1.5161032e-003
 1.5551290e-003
 1.5886393e-003
 1.6131431e-003
 1.6262752e-003
 1.6270153e-003
 1.6157294e-003
 1.5941038e-003
 1.5649115e-003
 1.5315908e-003
 1.4977708e-003
 1.4667303e-003
 1.4409899e-003
 1.4220059e-003
 1.4100845e-003
 1.4045209e-003
 1.4038755e-003
 1.4063596e-003
 1.4102340e-003
 1.4141512e-003
 1.4173747e-003
 1.4198575e-003
 1.4221687e-003
 1.4252953e-003
 1.4303714e-003
 1.4383846e-003
 1.4499218e-003
 1.4650041e-003
 1.4830171e-003
 1.5027761e-003
 1.5226573e-003
 1.5408128e-003
 1.5554050e-003
 1.5648064e-003
 1.5677809e-003
 1.5635814e-003
 1.5520018e-003
 1.5333581e-003
 1.5084485e-003
 1.4784599e-003
 1.4448997e-003
 1.4094997e-003
 1.3741140e-003
 1.3406602e-003
 1.3110237e-003
 1.2869677e-003
 1.2700751e-003
 1.2616485e-003
 1.2626468e-003
 1.2735960e-003
 1.2945232e-003
 1.3248776e-003
 1.3635010e-003
 1.4085919e-003
 1.4577539e-003
 1.5081295e-003
 1.5565549e-003
 1.5998831e-003
 1.6352739e-003
 1.6605641e-003
 1.6745796e-003
 1.6773251e-003
 1.6700581e-003
 1.6551664e-003
 1.6358817e-003
 1.6158400e-003
 1.5985920e-003
 1.5871028e-003
 1.5833491e-003
 1.5880902e-003
 1.6008315e-003
 1.6199908e-003
 1.6432253e-003
 1.6678669e-003
 1.6913413e-003
 1.7115679e-003
 1.7271967e-003
 1.7377330e-003
 1.7435037e-003
 1.7454813e-003
 1.7450319e-003
 1.7436214e-003
 1.7425501e-003
 1.7427502e-003
 1.7446966e-003
 1.7484301e-003
 1.7536519e-003
 1.7598601e-003
 1.7664921e-003
 1.7730411e-003
 1.7791435e-003
 1.7846228e-003
 1.7895098e-003
 1.7940198e-003
 1.7984904e-003
 1.8032974e-003
 1.8087659e-003
 1.8150833e-003
 1.8222537e-003
 1.8300833e-003
 1.8382143e-003
 1.8461969e-003
 1.8535730e-003
 1.8599766e-003
 1.8652076e-003
 1.8692779e-003
 1.8724048e-003
 1.8749647e-003
 1.8774304e-003
 1.8802910e-003
 1.8839807e-003
 1.8888197e-003
 1.8949754e-003
 1.9024493e-003
 1.9110683e-003
 1.9205026e-003
 1.9302977e-003
 1.9399037e-003
 1.9487167e-003
 1.9561183e-003
 1.9615020e-003
 1.9643113e-003
 1.9640645e-003
 1.9603889e-003
 1.9530557e-003
 1.9420229e-003
 1.9274676e-003
 1.9098242e-003
 1.8897924e-003
 1.8683147e-003
 1.8465451e-003
 1.8257489e-003
 1.8072119e-003
 1.7921067e-003
 1.7813646e-003
 1.7755816e-003
 1.7749396e-003
 1.7791917e-003
 1.7876911e-003
 1.7994808e-003
 1.8134074e-003
 1.8282662e-003
 1.8429473e-003
 1.8565455e-003
 1.8684567e-003
 1.8784065e-003
 1.8864446e-003
 1.8928943e-003
 1.8982600e-003
 1.9031323e-003
 1.9080803e-003
 1.9135647e-003
 1.9198776e-003
 1.9271056e-003
 1.9351384e-003
 1.9436928e-003
 1.9523676e-003
 1.9607092e-003
 1.9682695e-003
 1.9746679e-003
 1.9796262e-003
 1.9829941e-003
 1.9847520e-003
 1.9849958e-003
 1.9839136e-003
 1.9817548e-003
 1.9787995e-003
 1.9753289e-003
 1.9716073e-003
 1.9678667e-003
 1.9642978e-003
 1.9610520e-003
 1.9582375e-003
 1.9559269e-003
 1.9541567e-003
 1.9529309e-003
 1.9522260e-003
 1.9519933e-003
 1.9521654e-003
 1.9526636e-003
 1.9534072e-003
 1.9543229e-003
 1.9553555e-003
 1.9564747e-003
 1.9576801e-003
 1.9590019e-003
 1.9604957e-003
 1.9622345e-003
 1.9642941e-003
 1.9667379e-003
 1.9696043e-003
 1.9728912e-003
 1.9765496e-003
 1.9804854e-003
 1.9845630e-003
 1.9886254e-003
 1.9925099e-003
 1.9960746e-003
 1.9992213e-003
 2.0019105e-003
 2.0041729e-003
 2.0061042e-003
 2.0078481e-003
 2.0095636e-003
 2.0113755e-003
 2.0133187e-003
 2.0152773e-003
 2.0169371e-003
 2.0177644e-003
 2.0170261e-003
 2.0138437e-003
 2.0072721e-003
 1.9963922e-003
 1.9803974e-003
 1.9586852e-003
 1.9309002e-003
 1.8969561e-003
 1.8570535e-003
 1.8117198e-003
 1.7618407e-003
 1.7086174e-003
 1.6534890e-003
 1.5980941e-003
 1.5441270e-003
 1.4932827e-003
 1.4471452e-003
 1.4071268e-003
 1.3744837e-003
 1.3384226e-003
 1.3228179e-003
 1.3175572e-003
 1.3231989e-003
 1.3399067e-003
 1.3672144e-003
 1.4038896e-003
 1.4480308e-003
 1.4972906e-003
 1.5490650e-003
 1.6007156e-003
 1.6496573e-003
 1.6935226e-003
 1.7303738e-003
 1.7588956e-003
 1.7785600e-003
 1.7896710e-003
 1.7932823e-003
 1.7910186e-003
 1.7848499e-003
 1.7769099e-003
 1.7693454e-003
 1.7641777e-003
 1.7631099e-003
 1.7672994e-003
 1.7771393e-003
 1.7921721e-003
 1.8111645e-003
 1.8323275e-003
 1.8535337e-003
 1.8725188e-003
 1.8870401e-003
 1.8950246e-003
 1.8948001e-003
 1.8853529e-003
 1.8665658e-003
 1.8392993e-003
 1.8053110e-003
 1.7670175e-003
 1.7272120e-003
 1.6888725e-003
 1.6549523e-003
 1.6282301e-003
 1.6110510e-003
 1.6050290e-003
 1.6107952e-003
 1.6278863e-003
 1.6548493e-003
 1.6894983e-003
 1.7292277e-003
 1.7712193e-003
 1.8126493e-003
 1.8508031e-003
 1.8832708e-003
 1.9081685e-003
 1.9242981e-003
 1.9312444e-003
 1.9292849e-003
 1.9192168e-003
 1.9021422e-003
 1.8793176e-003
 1.8520377e-003
 1.8215911e-003
 1.7892033e-003
 1.7559739e-003
 1.7228578e-003
 1.6906364e-003
 1.6599229e-003
 1.6312295e-003
 1.6049829e-003
 1.5815799e-003
 1.5613817e-003
 1.5446871e-003
 1.5316996e-003
 1.5224437e-003
 1.5167171e-003
 1.5140582e-003
 1.5137724e-003
 1.5149957e-003
 1.5167646e-003
 1.5180797e-003
 1.5179657e-003
 1.5155533e-003
 1.5102002e-003
 1.5016410e-003
 1.4901262e-003
 1.4764768e-003
 1.4620225e-003
 1.4484760e-003
 1.4377696e-003
 1.4319163e-003
 1.4328905e-003
 1.4424655e-003
 1.4619781e-003
 1.4920309e-003
 1.5322475e-003
 1.5811388e-003
 1.6362467e-003
 1.6943677e-003
 1.7518679e-003
 1.8049589e-003
 1.8498658e-003
 1.8831223e-003
 1.9018758e-003
 1.9043400e-003
 1.8901661e-003
 1.8605998e-003
 1.8183145e-003
 1.7670526e-003
 1.7111873e-003
 1.6553435e-003
 1.6041688e-003
 1.5620075e-003
 1.5325827e-003
 1.5185307e-003
 1.5210162e-003
 1.5395858e-003
 1.5723107e-003
 1.6161944e-003
 1.6675795e-003
 1.7225427e-003
 1.7771096e-003
 1.8275050e-003
 1.8704508e-003
 1.9034590e-003
 1.9251619e-003
 1.9354015e-003
 1.9351279e-003
 1.9261038e-003
 1.9105793e-003
 1.8910213e-003
 1.8699433e-003
 1.8497540e-003
 1.8325828e-003
 1.8201050e-003
 1.8133591e-003
 1.8126908e-003
 1.8178122e-003
 1.8279739e-003
 1.8421459e-003
 1.8591665e-003
 1.8778454e-003
 1.8970170e-003
 1.9156242e-003
 1.9327754e-003
 1.9478141e-003
 1.9603493e-003
 1.9702180e-003
 1.9774362e-003
 1.9821206e-003
 1.9844412e-003
 1.9845930e-003
 1.9827848e-003
 1.9792444e-003
 1.9742281e-003
 1.9680313e-003
 1.9609893e-003
 1.9534791e-003
 1.9459011e-003
 1.9386749e-003
 1.9322236e-003
 1.9269569e-003
 1.9232536e-003
 1.9214206e-003
 1.9216461e-003
 1.9239583e-003
 1.9282090e-003
 1.9340887e-003
 1.9411691e-003
 1.9489549e-003
 1.9569164e-003
 1.9645276e-003
 1.9712888e-003
 1.9767680e-003
 1.9806495e-003
 1.9827711e-003
 1.9831434e-003
 1.9819315e-003
 1.9794153e-003
 1.9759426e-003
 1.9718930e-003
 1.9676492e-003
 1.9635784e-003
 1.9600047e-003
 1.9571774e-003
 1.9552486e-003
 1.9542584e-003
 1.9541485e-003
 1.9547867e-003
 1.9559977e-003
 1.9575856e-003
 1.9593504e-003
 1.9611027e-003
 1.9626752e-003
 1.9639439e-003
 1.9648389e-003
 1.9653528e-003
 1.9655342e-003
 1.9654725e-003
 1.9652818e-003
 1.9650874e-003
 1.9650140e-003
 1.9651786e-003
 1.9656762e-003
 1.9665668e-003
 1.9678606e-003
 1.9695151e-003
 1.9714385e-003
 1.9735044e-003
 1.9755634e-003
 1.9774586e-003
 1.9790346e-003
 1.9801478e-003
 1.9806835e-003
 1.9805739e-003
 1.9798158e-003
 1.9784770e-003
 1.9766898e-003
 1.9746332e-003
 1.9725154e-003
 1.9705549e-003
 1.9689691e-003
 1.9679596e-003
 1.9676916e-003
 1.9682692e-003
 1.9697146e-003
 1.9719580e-003
 1.9748483e-003
 1.9781715e-003
 1.9816796e-003
 1.9851080e-003
 1.9881928e-003
 1.9906829e-003
 1.9923644e-003
 1.9930811e-003
 1.9927565e-003
 1.9914028e-003
 1.9891111e-003
 1.9860333e-003
 1.9823546e-003
 1.9782770e-003
 1.9740057e-003
 1.9697440e-003
 1.9656762e-003
 1.9619623e-003
 1.9587297e-003
 1.9560645e-003
 1.9540188e-003
 1.9526206e-003
 1.9518798e-003
 1.9517996e-003
 1.9523774e-003
 1.9536035e-003
 1.9554563e-003
 1.9578955e-003
 1.9608524e-003
 1.9642299e-003
 1.9679056e-003
 1.9717342e-003
 1.9755620e-003
 1.9792307e-003
 1.9825813e-003
 1.9854673e-003
 1.9877625e-003
 1.9893763e-003
 1.9902654e-003
 1.9904410e-003
 1.9899621e-003
 1.9889229e-003
 1.9874396e-003
 1.9856370e-003
 1.9836435e-003
 1.9815832e-003
 1.9795699e-003
 1.9777005e-003
 1.9760495e-003
 1.9746651e-003
 1.9735720e-003
 1.9727785e-003
 1.9722825e-003
 1.9720760e-003
 1.9721491e-003
 1.9724893e-003
 1.9730814e-003
 1.9739049e-003
 1.9749326e-003
 1.9761303e-003
 1.9774572e-003
 1.9788665e-003
 1.9803101e-003
 1.9817380e-003
 1.9830994e-003
 1.9843460e-003
 1.9854326e-003
 1.9863185e-003
 1.9869707e-003
 1.9873639e-003
 1.9874808e-003
 1.9873085e-003
 1.9868377e-003
 1.9860612e-003
 1.9849739e-003
 1.9835739e-003
 1.9818661e-003
 1.9798675e-003
 1.9776099e-003
 1.9751417e-003
 1.9725284e-003
 1.9698450e-003
 1.9671738e-003
 1.9645994e-003
 1.9622077e-003
 1.9600799e-003
 1.9582890e-003
 1.9568962e-003
 1.9559432e-003
 1.9554519e-003
 1.9554270e-003
 1.9558591e-003
 1.9567308e-003
 1.9580203e-003
 1.9597015e-003
 1.9617432e-003
 1.9641044e-003
 1.9667246e-003
 1.9695212e-003
 1.9723864e-003
 1.9751862e-003
 1.9777718e-003
 1.9799836e-003
 1.9816579e-003
 1.9826365e-003
 1.9827746e-003
 1.9819567e-003
 1.9801182e-003
 1.9772621e-003
 1.9734656e-003
 1.9688760e-003
 1.9636885e-003
 1.9581269e-003
 1.9524331e-003
 1.9468457e-003
 1.9415952e-003
 1.9368888e-003
 1.9328981e-003
 1.9297389e-003
 1.9274702e-003
 1.9260998e-003
 1.9255955e-003
 1.9259022e-003
 1.9269532e-003
 1.9286759e-003
 1.9309944e-003
 1.9338259e-003
 1.9370796e-003
 1.9406530e-003
 1.9444311e-003
 1.9482849e-003
 1.9520790e-003
 1.9556733e-003
 1.9589243e-003
 1.9616950e-003
 1.9638599e-003
 1.9653174e-003
 1.9660098e-003
 1.9659356e-003
 1.9651561e-003
 1.9637907e-003
 1.9619998e-003
 1.9599688e-003
 1.9578950e-003
 1.9559744e-003
 1.9543930e-003
 1.9533124e-003
 1.9528525e-003
 1.9530765e-003
 1.9539855e-003
 1.9555243e-003
 1.9575963e-003
 1.9600803e-003
 1.9628422e-003
 1.9657474e-003
 1.9686657e-003
 1.9714781e-003
 1.9740886e-003
 1.9764304e-003
 1.9784681e-003
 1.9801967e-003
 1.9816323e-003
 1.9828044e-003
 1.9837481e-003
 1.9845010e-003
 1.9851010e-003
 1.9855835e-003
 1.9859816e-003
 1.9863232e-003
 1.9866321e-003
 1.9869271e-003
 1.9872244e-003
 1.9875378e-003
 1.9878796e-003
 1.9882617e-003
 1.9886931e-003
 1.9891781e-003
 1.9897146e-003
 1.9902894e-003
 1.9908794e-003
 1.9914513e-003
 1.9919637e-003
 1.9923721e-003
 1.9926298e-003
 1.9926918e-003
 1.9925169e-003
 1.9920752e-003
 1.9913528e-003
 1.9903586e-003
 1.9891278e-003
 1.9877180e-003
 1.9862030e-003
 1.9846682e-003
 1.9832011e-003
 1.9818896e-003
 1.9808132e-003
 1.9800374e-003
 1.9796006e-003
 1.9795066e-003
 1.9797196e-003
 1.9801687e-003
 1.9807578e-003
 1.9813743e-003
 1.9819005e-003
 1.9822202e-003
 1.9822291e-003
 1.9818475e-003
 1.9810388e-003
 1.9798230e-003
 1.9782847e-003
 1.9765650e-003
 1.9748472e-003
 1.9733417e-003
 1.9722697e-003
 1.9718588e-003
 1.9723384e-003
 1.9739401e-003
 1.9768977e-003
 1.9814500e-003
 1.9878354e-003
 1.9962993e-003
 2.0070905e-003
 2.0204505e-003
 2.0366246e-003
 2.0558469e-003
 2.0783034e-003
 2.1041234e-003
 2.1333236e-003
 2.1657415e-003
 2.2010615e-003
 2.2388026e-003
 2.2783796e-003
 2.3191096e-003
 2.3603127e-003
 2.4013193e-003
 2.4414868e-003
 2.4803258e-003
 2.5175521e-003
 2.5531352e-003
 2.5873806e-003
 2.6208661e-003
 2.6543830e-003
 2.6888240e-003
 2.7251660e-003
 2.7644127e-003
 2.8075492e-003
 2.8555910e-003
 2.9095623e-003
 2.9704517e-003
 3.0392907e-003
 3.1171211e-003
 3.2049301e-003
 3.3037511e-003
 3.4145687e-003
 3.5382956e-003
 3.6754990e-003
 3.8263102e-003
 3.9900080e-003
 4.1645779e-003
 4.3468210e-003
 4.5323693e-003
 4.7158580e-003
 4.8915506e-003
 5.0534634e-003
 5.1957066e-003
 5.3126672e-003
 5.3996695e-003
 5.4534031e-003
 5.4724128e-003
 5.4573785e-003
 5.4108403e-003
 5.3367666e-003
 5.2399272e-003
 5.1254472e-003
 4.9985945e-003
 4.8643430e-003
 4.7271629e-003
 4.5905961e-003
 4.4570593e-003
 4.3275170e-003
 4.2017144e-003
 4.0785871e-003
 3.9564441e-003
 3.8333568e-003
 3.7074573e-003
 3.5769632e-003
 3.4405289e-003
 3.2974663e-003
 3.1481313e-003
 2.9938209e-003
 2.8367694e-003
 2.6800174e-003
 2.5268998e-003
 2.3809287e-003
 2.2457037e-003
 2.1244995e-003
 2.0201316e-003
 1.9345661e-003
 1.8686996e-003
 1.8221161e-003
 1.7932884e-003
 1.7798747e-003
 1.7790134e-003
 1.7876275e-003
 1.8025908e-003
 1.8208968e-003
 1.8398309e-003
 1.8571576e-003
 1.8713265e-003
 1.8815263e-003
 1.8876174e-003
 1.8899492e-003
 1.8891708e-003
 1.8860686e-003
 1.8814732e-003
 1.8761926e-003
 1.8709584e-003
 1.8663740e-003
 1.8628591e-003
 1.8606358e-003
 1.8597458e-003
 1.8600965e-003
 1.8615134e-003
 1.8637837e-003
 1.8666812e-003
 1.8699864e-003
 1.8735022e-003
 1.8770671e-003
 1.8805754e-003
 1.8839801e-003
 1.8872836e-003
 1.8905281e-003
 1.8937758e-003
 1.8970986e-003
 1.9005656e-003
 1.9042393e-003
 1.9081641e-003
 1.9123515e-003
 1.9167762e-003
 1.9213695e-003
 1.9260182e-003
 1.9305805e-003
 1.9348940e-003
 1.9387890e-003
 1.9420920e-003
 1.9446354e-003
 1.9462570e-003
 1.9468004e-003
 1.9461816e-003
 1.9445907e-003
 1.9414572e-003
 1.9375971e-003
 1.9332855e-003
 1.9287976e-003
 1.9244080e-003
 1.9203945e-003
 1.9170312e-003
 1.9145937e-003
 1.9133576e-003
 1.9135568e-003
 1.9150370e-003
 1.9174321e-003
 1.9203738e-003
 1.9234945e-003
 1.9264247e-003
 1.9287968e-003
 1.9302426e-003
 1.9303939e-003
 1.9288822e-003
 1.9253393e-003
 1.9193975e-003
 1.9106858e-003
 1.8988403e-003
 1.8835389e-003
 1.8648988e-003
 1.8432727e-003
 1.8190085e-003
 1.7924728e-003
 1.7640144e-003
 1.7339875e-003
 1.7027395e-003
 1.6706395e-003
 1.6380348e-003
 1.6052799e-003
 1.5727214e-003
 1.5407294e-003
 1.5096508e-003
 1.4798398e-003
 1.4516512e-003
 1.4254331e-003
 1.4015528e-003
 1.3803266e-003
 1.3617962e-003
 1.3458522e-003
 1.3323952e-003
 1.3213140e-003
 1.3125018e-003
 1.3058500e-003
 1.3012546e-003
 1.2986069e-003
 1.2978000e-003
 1.2987263e-003
 1.3012801e-003
 1.3053529e-003
 1.3108382e-003
 1.3176289e-003
 1.3256199e-003
 1.3347000e-003
 1.3447650e-003
 1.3557066e-003
 1.3674215e-003
 1.3797965e-003
 1.3927276e-003
 1.4061097e-003
 1.4198583e-003
 1.4338876e-003
 1.4481223e-003
 1.4624832e-003
 1.4768916e-003
 1.4912717e-003
 1.5055378e-003
 1.5196147e-003
 1.5334230e-003
 1.5468872e-003
 1.5599221e-003
 1.5724517e-003
 1.5843970e-003
 1.5956821e-003
 1.6062222e-003
 1.6159415e-003
 1.6247613e-003
 1.6326020e-003
 1.6393864e-003
 1.6450327e-003
 1.6494632e-003
 1.6525992e-003
 1.6543621e-003
 1.6546721e-003
 1.6534505e-003
 1.6506334e-003
 1.6462734e-003
 1.6404861e-003
 1.6333840e-003
 1.6250808e-003
 1.6156897e-003
 1.6053220e-003
 1.5940960e-003
 1.5821229e-003
 1.5695160e-003
 1.5563861e-003
 1.5428527e-003
 1.5290262e-003
 1.5150203e-003
 1.5009453e-003
 1.4869213e-003
 1.4730584e-003
 1.4594700e-003
 1.4462670e-003
 1.4335688e-003
 1.4214860e-003
 1.4101319e-003
 1.3996202e-003
 1.3900623e-003
 1.3815759e-003
 1.3742727e-003
 1.3682661e-003
 1.3636686e-003
 1.3605958e-003
 1.3591599e-003
 1.3594589e-003
 1.3614640e-003
 1.3650851e-003
 1.3702333e-003
