s07_ASD Record=9764:  error bars to preceding                
 7.3405943e-004
 7.0345809e-004
 6.6780183e-004
 6.3241756e-004
 6.0252217e-004
 5.8170222e-004
 5.7113619e-004
 5.6987727e-004
 5.7575025e-004
 5.8642303e-004
 6.0025277e-004
 6.1655225e-004
 6.3544384e-004
 6.5747113e-004
 6.8291329e-004
 7.1096182e-004
 7.3931745e-004
 7.6458463e-004
 7.8309712e-004
 7.9185987e-004
 7.8939728e-004
 7.7625108e-004
 7.5491337e-004
 7.2925311e-004
 7.0379279e-004
 6.8305014e-004
 6.7052623e-004
 6.6753995e-004
 6.7307084e-004
 6.8506162e-004
 7.0177548e-004
 7.2243094e-004
 7.4693147e-004
 7.7521725e-004
 8.0606004e-004
 8.3599315e-004
 8.5988338e-004
 8.7260077e-004
 8.7105116e-004
 8.5553777e-004
 8.2944194e-004
 7.9754787e-004
 7.6417322e-004
 7.3213270e-004
 7.0289272e-004
 6.7737629e-004
 6.5658061e-004
 6.4142677e-004
 6.3198584e-004
 6.2676118e-004
 6.2281213e-004
 6.1692530e-004
 6.0726941e-004
 5.9453654e-004
 5.8182300e-004
 5.7357334e-004
 5.7407038e-004
 5.8554532e-004
 6.0801103e-004
 6.4029213e-004
 6.7737111e-004
 7.1411335e-004
 7.4885663e-004
 7.8022864e-004
 8.0614386e-004
 8.2360831e-004
 8.2876929e-004
 8.1859814e-004
 7.9197565e-004
 7.5123541e-004
 7.0205110e-004
 6.5146649e-004
 6.0550746e-004
 5.6804612e-004
 5.4076588e-004
 5.2349514e-004
 5.1462441e-004
 5.1156135e-004
 5.1135512e-004
 5.1142444e-004
 5.1017670e-004
 5.0727319e-004
 5.0346303e-004
 5.0011079e-004
 4.9862399e-004
 4.9995451e-004
 5.0427200e-004
 5.1089237e-004
 5.1852799e-004
 5.2584813e-004
 5.3215120e-004
 5.3780398e-004
 5.4413005e-004
 5.5278296e-004
 5.6502881e-004
 5.8142963e-004
 6.0206203e-004
 6.2696851e-004
 6.5621297e-004
 6.8925845e-004
 7.2417344e-004
 7.5757230e-004
 7.8565883e-004
 8.0580998e-004
 8.1794709e-004
 8.2464830e-004
 8.2913740e-004
 8.3259225e-004
 8.3297252e-004
 8.2652393e-004
 8.1110955e-004
 7.8871957e-004
 7.6478563e-004
 7.4446294e-004
 7.2901184e-004
 7.1603415e-004
 7.0401747e-004
 6.9691066e-004
 7.0321583e-004
 7.2874711e-004
 7.6897978e-004
 8.0864358e-004
 8.3014957e-004
 8.2427257e-004
 7.9464162e-004
 7.5367739e-004
 7.1469962e-004
 6.8611791e-004
 6.6987239e-004
 6.6315924e-004
 6.6172885e-004
 6.6298147e-004
 6.6692743e-004
 6.7434413e-004
 6.8410940e-004
 6.9277867e-004
 6.9707958e-004
 6.9676893e-004
 6.9530023e-004
 6.9841224e-004
 7.1150670e-004
 7.3553919e-004
 7.6319225e-004
 7.8115083e-004
 7.8095391e-004
 7.6934806e-004
 7.6498144e-004
 7.8139431e-004
 8.1259001e-004
 8.3623710e-004
 8.3160849e-004
 7.9518009e-004
 7.4100256e-004
 6.8916386e-004
 6.5536809e-004
 6.4861547e-004
 6.7214796e-004
 7.2061451e-004
 7.7644363e-004
 8.1555889e-004
 8.2309445e-004
 8.0387574e-004
 7.7468302e-004
 7.4750307e-004
 7.2366867e-004
 7.0177612e-004
 6.8441237e-004
 6.7584612e-004
 6.7800737e-004
 6.9067883e-004
 7.1263488e-004
 7.4137631e-004
 7.7362475e-004
 8.0564298e-004
 8.3069998e-004
 8.3829719e-004
 8.2146225e-004
 7.8612322e-004
 7.4948819e-004
 7.2743063e-004
 7.2564348e-004
 7.4345159e-004
 7.8121177e-004
 8.3748478e-004
 8.9816243e-004
 9.3608315e-004
 9.2993234e-004
 8.8315719e-004
 8.1914943e-004
 7.6026825e-004
 7.1782497e-004
 6.9812848e-004
 7.0551189e-004
 7.3522254e-004
 7.7038090e-004
 7.9189904e-004
 7.9145911e-004
 7.7477866e-004
 7.5509178e-004
 7.4552011e-004
 7.5492729e-004
 7.8357541e-004
 8.1762945e-004
 8.3253783e-004
 8.1118033e-004
 7.6046883e-004
 7.0532633e-004
 6.6680944e-004
 6.5029587e-004
 6.5131416e-004
 6.6357630e-004
 6.7970739e-004
 6.9186947e-004
 6.9865066e-004
 7.1048248e-004
 7.4068905e-004
 7.8565889e-004
 8.1985048e-004
 8.2076434e-004
 7.9593540e-004
 7.7404815e-004
 7.7173405e-004
 7.8024267e-004
 7.8161992e-004
 7.6559535e-004
 7.3175743e-004
 6.8691582e-004
 6.4253103e-004
 6.0744566e-004
 5.8178144e-004
 5.6269113e-004
 5.5361475e-004
 5.5984332e-004
 5.7577936e-004
 5.8723020e-004
 5.9408974e-004
 6.2672514e-004
 7.2245271e-004
 8.7038684e-004
 9.9384645e-004
 1.0182862e-003
 9.5391885e-004
 8.8231085e-004
 8.6360343e-004
 8.8376994e-004
 8.9546095e-004
 8.8906998e-004
 9.0194202e-004
 9.5100817e-004
 9.8545337e-004
 9.5039373e-004
 8.6972356e-004
 8.1655924e-004
 8.2477217e-004
 8.6360093e-004
 8.8805868e-004
 8.8267651e-004
 8.5557910e-004
 8.1665046e-004
 7.7338266e-004
 7.3738437e-004
 7.1871525e-004
 7.1342831e-004
 7.0984883e-004
 7.0614548e-004
 7.0650491e-004
 7.0412579e-004
 6.8686710e-004
 6.5878138e-004
 6.4073171e-004
 6.5231608e-004
 7.0529996e-004
 7.9490809e-004
 8.7598269e-004
 8.8660582e-004
 8.2416926e-004
 7.5260294e-004
 7.1912201e-004
 7.0966256e-004
 6.9256959e-004
 6.6919817e-004
 6.7322218e-004
 7.2796096e-004
 8.0639642e-004
 8.4943621e-004
 8.3096762e-004
 7.8998774e-004
 7.9158496e-004
 8.5480564e-004
 9.2536944e-004
 9.3963085e-004
 9.1442588e-004
 9.2407671e-004
 9.7785157e-004
 9.9499361e-004
 9.2675339e-004
 8.2354789e-004
 7.5015752e-004
 7.0537103e-004
 6.5582577e-004
 5.9573859e-004
 5.4568227e-004
 5.2136858e-004
 5.2195077e-004
 5.3756806e-004
 5.5816973e-004
 5.7696726e-004
 5.9043989e-004
 5.9817551e-004
 6.0255383e-004
 6.0573721e-004
 6.0578116e-004
 5.9891195e-004
 5.8864022e-004
 5.9162709e-004
 6.2966964e-004
 7.0779811e-004
 7.9973578e-004
 8.5952732e-004
 8.5745653e-004
 8.0814835e-004
 7.5087993e-004
 7.0977851e-004
 6.8394147e-004
 6.6501845e-004
 6.5194775e-004
 6.5259024e-004
 6.7824934e-004
 7.3746894e-004
 8.2910492e-004
 9.3291455e-004
 1.0062410e-003
 1.0014023e-003
 9.0106617e-004
 7.4121001e-004
 5.9231068e-004
 5.1035447e-004
 5.0192414e-004
 5.3247361e-004
 5.6226394e-004
 5.7343818e-004
 5.7095307e-004
 5.6855765e-004
 5.7762791e-004
 6.0444418e-004
 6.5155228e-004
 7.1823236e-004
 7.9791818e-004
 8.7315548e-004
 9.1490656e-004
 8.9568435e-004
 8.1408216e-004
 7.0795510e-004
 6.3051842e-004
 5.9396360e-004
 5.7400740e-004
 5.5083551e-004
 5.2558957e-004
 5.1419309e-004
 5.2356377e-004
 5.4088671e-004
 5.5486342e-004
 5.7274016e-004
 6.0130679e-004
 6.2764355e-004
 6.3546188e-004
 6.2706927e-004
 6.1691517e-004
 6.1329629e-004
 6.1296421e-004
 6.1105465e-004
 6.1684556e-004
 6.4986356e-004
 7.0582936e-004
 7.4442086e-004
 7.3664234e-004
 7.0317456e-004
 6.8230979e-004
 6.8958651e-004
 7.2968879e-004
 8.0629217e-004
 8.8525150e-004
 8.9747889e-004
 8.3805848e-004
 8.0612383e-004
 8.6884346e-004
 9.5298438e-004
 9.4919256e-004
 8.5558411e-004
 7.6234818e-004
 7.4466580e-004
 7.9144101e-004
 8.2585280e-004
 8.0470135e-004
 7.6752465e-004
 7.5472571e-004
 7.3401671e-004
 6.6733413e-004
 5.6860584e-004
 5.0803024e-004
 5.2409130e-004
 5.6765188e-004
 5.8945065e-004
 5.8552937e-004
 5.6665402e-004
 5.4421427e-004
 5.2947016e-004
 5.3114590e-004
 5.4948841e-004
 5.7634147e-004
 6.0329313e-004
 6.2905124e-004
 6.5907481e-004
 6.9703779e-004
 7.3504017e-004
 7.5473590e-004
 7.4411661e-004
 7.1899290e-004
 7.2034099e-004
 7.8001485e-004
 8.8169315e-004
 9.6203893e-004
 9.6048322e-004
 8.7476603e-004
 7.5649313e-004
 6.6052604e-004
 6.1538798e-004
 6.2079943e-004
 6.6058082e-004
 7.0624001e-004
 7.5606414e-004
 7.8295823e-004
 7.7237375e-004
 7.3397218e-004
 6.8713404e-004
 6.5126346e-004
 6.4274628e-004
 6.5805943e-004
 6.8566436e-004
 7.1400375e-004
 7.3319313e-004
 7.4444822e-004
 7.5346674e-004
 7.6596084e-004
 7.8616379e-004
 8.0856902e-004
 8.2371448e-004
 8.2212564e-004
 7.9637871e-004
 7.5264811e-004
 6.9451076e-004
 6.5197650e-004
 6.2825490e-004
 6.2645331e-004
 6.4142223e-004
 6.6765666e-004
 6.9964252e-004
 7.3195738e-004
 7.6104561e-004
 7.8519282e-004
 8.0277631e-004
 8.1216381e-004
 8.1179879e-004
 8.0168166e-004
 7.8334828e-004
 7.5840624e-004
 7.2845293e-004
 6.9519394e-004
 6.6243153e-004
 6.3605304e-004
 6.2201946e-004
 6.2630058e-004
 6.5485941e-004
 7.1071408e-004
 7.8539090e-004
 8.6766423e-004
 9.4627263e-004
 1.0099912e-003
 1.0475633e-003
 1.0509472e-003
 1.0243813e-003
 9.7505323e-004
 9.1016869e-004
 8.3690661e-004
 7.6247816e-004
 6.9406762e-004
 6.3804549e-004
 5.9768860e-004
 5.7551003e-004
 5.7403714e-004
 5.9579225e-004
 6.4329209e-004
 7.1907061e-004
 8.2563213e-004
 9.6322986e-004
 1.1234116e-003
 1.2957564e-003
 1.4697654e-003
 1.6350215e-003
 1.7810279e-003
 1.8973484e-003
 1.9735331e-003
 2.0025305e-003
 1.9900787e-003
 1.9448864e-003
 1.8756496e-003
 1.7910902e-003
 1.6998949e-003
 1.6107910e-003
 1.5324639e-003
 1.4717486e-003
 1.4284818e-003
 1.4009192e-003
 1.3873008e-003
 1.3858727e-003
 1.3948814e-003
 1.4125740e-003
 1.4371922e-003
 1.4669873e-003
 1.5001979e-003
 1.5350773e-003
 1.5698631e-003
 1.6029438e-003
 1.6331802e-003
 1.6595599e-003
 1.6810562e-003
 1.6966540e-003
 1.7053299e-003
 1.7060656e-003
 1.6978401e-003
 1.6796348e-003
 1.6504255e-003
 1.6091990e-003
 1.5549255e-003
 1.4874366e-003
 1.4095303e-003
 1.3247057e-003
 1.2364240e-003
 1.1481869e-003
 1.0634548e-003
 9.8572834e-004
 9.1847067e-004
 8.6517842e-004
 8.2932325e-004
 8.1438501e-004
 8.2235510e-004
 8.4997580e-004
 8.9282938e-004
 9.4651431e-004
 1.0066064e-003
 1.0687086e-003
 1.1283946e-003
 1.1812672e-003
 1.2229023e-003
 1.2488985e-003
 1.2561474e-003
 1.2460889e-003
 1.2211372e-003
 1.1837165e-003
 1.1362362e-003
 1.0811262e-003
 1.0207915e-003
 9.5766474e-004
 8.9414965e-004
 8.3267939e-004
 7.7550678e-004
 7.2439713e-004
 6.8097946e-004
 6.4690533e-004
 6.2380813e-004
 6.1333453e-004
 6.1712210e-004
 6.3681527e-004
 6.7405048e-004
 7.3047786e-004
 8.0614741e-004
 8.9581899e-004
 9.9309348e-004
 1.0916152e-003
 1.1849829e-003
 1.2668399e-003
 1.3307888e-003
 1.3704664e-003
 1.3794856e-003
 1.3543720e-003
 1.3012853e-003
 1.2284131e-003
 1.1439141e-003
 1.0559828e-003
 9.7277499e-004
 9.0248487e-004
 8.5327122e-004
 8.3078316e-004
 8.3229039e-004
 8.5334852e-004
 8.8951772e-004
 9.3634502e-004
 9.8939694e-004
 1.0442164e-003
 1.0963663e-003
 1.1425514e-003
 1.1831877e-003
 1.2194705e-003
 1.2525769e-003
 1.2837002e-003
 1.3140187e-003
 1.3447253e-003
 1.3769977e-003
 1.4114899e-003
 1.4470988e-003
 1.4823884e-003
 1.5132128e-003
 1.5425911e-003
 1.5672712e-003
 1.5860032e-003
 1.5980735e-003
 1.6030651e-003
 1.6007649e-003
 1.5910605e-003
 1.5739122e-003
 1.5494742e-003
 1.5183693e-003
 1.4818477e-003
 1.4415829e-003
 1.3994008e-003
 1.3570804e-003
 1.3161630e-003
 1.2777193e-003
 1.2422967e-003
 1.2100509e-003
 1.1809435e-003
 1.1548911e-003
 1.1318343e-003
 1.1117907e-003
 1.0948646e-003
 1.0812255e-003
 1.0710302e-003
 1.0642838e-003
 1.0606025e-003
 1.0589721e-003
 1.0576728e-003
 1.0544491e-003
 1.0468652e-003
 1.0328018e-003
 1.0110618e-003
 9.8190806e-004
 9.4721944e-004
 9.1018848e-004
 8.7471225e-004
 8.4473414e-004
 8.2363246e-004
 8.8297384e-004
 8.8680349e-004
 8.9689059e-004
 9.1252418e-004
 9.3241077e-004
 9.5477403e-004
 9.7754668e-004
 9.9861145e-004
 1.0160765e-003
 1.0286464e-003
 1.0359364e-003
 1.0387006e-003
 1.0388455e-003
 1.0391386e-003
 1.0426505e-003
 1.0521376e-003
 1.0694917e-003
 1.0953904e-003
 1.1291764e-003
 1.1690040e-003
 1.2122183e-003
 1.2557443e-003
 1.2965275e-003
 1.3318137e-003
 1.3593161e-003
 1.3773055e-003
 1.3846859e-003
 1.3810232e-003
 1.3665104e-003
 1.3419860e-003
 1.3088817e-003
 1.2692098e-003
 1.2255240e-003
 1.1808712e-003
 1.1385910e-003
 1.1019958e-003
 1.0739897e-003
 1.0565866e-003
 1.0505620e-003
 1.0552322e-003
 1.0685078e-003
 1.0871895e-003
 1.1074678e-003
 1.1255345e-003
 1.1381536e-003
 1.1431365e-003
 1.1395874e-003
 1.1279299e-003
 1.1096956e-003
 1.0871692e-003
 1.0629273e-003
 1.0394296e-003
 1.0186821e-003
 1.0020585e-003
 9.9031371e-004
 9.8371017e-004
 9.8224729e-004
 9.8586734e-004
 9.9458266e-004
 1.0084545e-003
 1.0274411e-003
 1.0511364e-003
 1.0785217e-003
 1.1078381e-003
 1.1366175e-003
 1.1619662e-003
 1.1810268e-003
 1.1914858e-003
 1.1920545e-003
 1.1827283e-003
 1.1647935e-003
 1.1405367e-003
 1.1127822e-003
 1.0843151e-003
 1.0574154e-003
 1.0335381e-003
 1.0132309e-003
 9.9629664e-004
 9.8206487e-004
 9.6974539e-004
 9.5870881e-004
 9.4865588e-004
 9.3966181e-004
 9.3208486e-004
 9.2642562e-004
 9.2316425e-004
 9.2264044e-004
 9.2500221e-004
 9.3021657e-004
 9.3813468e-004
 9.4856444e-004
 9.6133695e-004
 9.7631192e-004
 9.9333492e-004
 1.0121485e-003
 1.0322528e-003
 1.0528128e-003
 1.0725856e-003
 1.0899664e-003
 1.1031429e-003
 1.1103322e-003
 1.1101057e-003
 1.1016914e-003
 1.0852189e-003
 1.0618077e-003
 1.0335078e-003
 1.0030253e-003
 9.7335706e-004
 9.4732287e-004
 9.2711934e-004
 9.1400108e-004
 9.0808695e-004
 9.0839132e-004
 9.1302441e-004
 9.1955665e-004
 9.2545920e-004
 9.2855439e-004
 9.2738657e-004
 9.2144450e-004
 9.1119861e-004
 8.9795660e-004
 8.8356494e-004
 8.7002170e-004
 8.5910945e-004
 8.5208029e-004
 8.4949331e-004
 8.5118314e-004
 8.5636706e-004
 8.6383231e-004
 8.7216275e-004
 8.7994203e-004
 8.8592613e-004
 8.8916876e-004
 8.8910491e-004
 8.8561716e-004
 8.7907666e-004
 8.7035319e-004
 8.6076028e-004
 8.5192901e-004
 8.4557908e-004
 8.4321894e-004
 8.4582949e-004
 8.5359748e-004
 8.6578279e-004
 8.8077667e-004
 8.9637080e-004
 9.1016450e-004
 9.2006335e-004
 9.2470070e-004
 9.2371978e-004
 9.1781997e-004
 9.0857939e-004
 8.9809770e-004
 8.8857696e-004
 8.8192587e-004
 8.7948679e-004
 8.8192784e-004
 8.8927639e-004
 9.0104871e-004
 9.1640762e-004
 9.3430059e-004
 9.5352292e-004
 9.7276561e-004
 9.9062140e-004
 1.0056455e-003
 1.0164741e-003
 1.0219852e-003
 1.0215059e-003
 1.0149826e-003
 1.0030721e-003
 9.8710530e-004
 9.6893136e-004
 9.5064897e-004
 9.3428115e-004
 9.2148880e-004
 9.1333088e-004
 9.1016706e-004
 9.1166899e-004
 9.1695326e-004
 9.2478364e-004
 9.3380769e-004
 9.4276574e-004
 9.5065491e-004
 9.5681997e-004
 9.6095726e-004
 9.6306601e-004
 9.6334791e-004
 9.6210040e-004
 9.5962133e-004
 9.5615117e-004
 9.5185859e-004
 9.4686169e-004
 9.4127766e-004
 9.3526318e-004
 9.2904409e-004
 9.2290505e-004
 9.1714616e-004
 9.1202627e-004
 9.0769335e-004
 9.0414466e-004
 9.0121338e-004
 8.9859427e-004
 8.9590333e-004
 8.9274620e-004
 8.8878797e-004
 8.8380033e-004
 8.7767921e-004
 8.7044289e-004
 8.6220104e-004
 8.5312879e-004
 8.4343588e-004
 8.3334366e-004
 8.2308176e-004
 8.1288023e-004
 8.0296036e-004
 7.9353503e-004
 7.8478683e-004
 7.7686540e-004
 7.6987798e-004
 7.6389336e-004
 7.5896259e-004
 7.5513334e-004
 7.5246842e-004
 7.5104181e-004
 7.5091561e-004
 7.5209863e-004
 7.5449760e-004
 7.5787934e-004
 7.6186593e-004
 7.6597603e-004
 7.6970557e-004
 7.7264401e-004
 7.7458355e-004
 7.7560090e-004
 7.7607686e-004
 7.7664404e-004
 7.7807455e-004
 7.8113220e-004
 7.8642840e-004
 7.9432200e-004
 8.0487493e-004
 8.1787742e-004
 8.3292549e-004
 8.4949861e-004
 8.6704869e-004
 8.8502897e-004
 9.0290682e-004
 9.2015823e-004
 9.3624619e-004
 9.5065765e-004
 9.6294598e-004
 9.7281812e-004
 9.8021212e-004
 9.8532357e-004
 9.8857749e-004
 9.9051313e-004
 9.9162094e-004
 9.9216809e-004
 9.9207019e-004
 9.9085877e-004
 9.8776503e-004
 9.8190631e-004
 9.7252522e-004
 9.5922302e-004
 9.4211294e-004
 9.2184474e-004
 8.9952577e-004
 8.7651075e-004
 8.5418741e-004
 8.3375926e-004
 8.1610359e-004
 8.0175104e-004
 7.9092197e-004
 7.8364817e-004
 7.7988440e-004
 7.7959494e-004
 7.8278314e-004
 7.8945857e-004
 7.9955888e-004
 8.1285968e-004
 8.2891114e-004
 8.4699952e-004
 8.6618983e-004
 8.8539085e-004
 9.0347586e-004
 9.1941602e-004
 9.3238236e-004
 9.4184396e-004
 9.4759592e-004
 9.4975490e-004
 9.4870117e-004
 9.4498741e-004
 9.3923369e-004
 9.3202107e-004
 9.2381402e-004
 9.1490673e-004
 9.0542401e-004
 8.9535350e-004
 8.8460854e-004
 8.7311934e-004
 8.6090388e-004
 8.4813603e-004
 8.3516375e-004
 8.2248030e-004
 8.1066514e-004
 8.0026977e-004
 7.9171313e-004
 7.8517653e-004
 7.8054407e-004
 7.7740877e-004
 7.7513390e-004
 7.7297533e-004
 7.7022857e-004
 7.6637120e-004
 7.6117169e-004
 7.5473514e-004
 7.4747921e-004
 7.4005715e-004
 7.3322991e-004
 7.2773942e-004
 7.2418741e-004
 7.2295341e-004
 7.2416052e-004
 7.2768278e-004
 7.3318899e-004
 7.4020820e-004
 7.4820663e-004
 7.5665110e-004
 7.6507259e-004
 7.7310024e-004
 7.8049011e-004
 7.8714039e-004
 7.9309003e-004
 7.9852436e-004
 8.0376276e-004
 8.0924632e-004
 8.1551028e-004
 8.2313188e-004
 8.3266053e-004
 8.4453152e-004
 8.5895823e-004
 8.7585428e-004
 8.9476554e-004
 9.1487047e-004
 9.3505229e-004
 9.5401186e-004
 9.7046565e-004
 9.8332984e-004
 9.9191163e-004
 9.9604263e-004
 9.9612866e-004
 9.9312607e-004
 9.8843686e-004
 9.8375184e-004
 9.8086067e-004
 9.8146405e-004
 9.8699401e-004
 9.9845894e-004
 1.0163138e-003
 1.0403782e-003
 1.0697730e-003
 1.1029609e-003
 1.1378219e-003
 1.1718571e-003
 1.2024818e-003
 1.2273405e-003
 1.2446656e-003
 1.2535562e-003
 1.2541090e-003
 1.2473861e-003
 1.2351861e-003
 1.2196734e-003
 1.2029333e-003
 1.1865855e-003
 1.1715092e-003
 1.1577943e-003
 1.1448873e-003
 1.1319111e-003
 1.1180846e-003
 1.1031013e-003
 1.0874122e-003
 1.0723061e-003
 1.0597736e-003
 1.0521959e-003
 1.0518797e-003
 1.0605712e-003
 1.0790128e-003
 1.1066716e-003
 1.1416622e-003
 1.1809294e-003
 1.2206691e-003
 1.2568575e-003
 1.2859008e-003
 1.3051596e-003
 1.3133551e-003
 1.3107160e-003
 1.2988637e-003
 1.2804632e-003
 1.2587236e-003
 1.2368263e-003
 1.2173906e-003
 1.2021011e-003
 1.1914951e-003
 1.1850013e-003
 1.1811585e-003
 1.1779882e-003
 1.1734414e-003
 1.1658146e-003
 1.1540734e-003
 1.1380113e-003
 1.1182184e-003
 1.0959109e-003
 1.0726219e-003
 1.0498957e-003
 1.0290032e-003
 1.0107585e-003
 9.9548523e-004
 9.8307547e-004
 9.7313325e-004
 9.6515735e-004
 9.5868326e-004
 9.5338654e-004
 9.4910909e-004
 9.4583107e-004
 9.4361353e-004
 9.4252883e-004
 9.4261474e-004
 9.4385509e-004
 9.4619556e-004
 9.4958028e-004
 9.5399929e-004
 9.5952360e-004
 9.6631987e-004
 9.7463746e-004
 9.8475465e-004
 9.9691516e-004
 1.0112366e-003
 1.0276368e-003
 1.0457861e-003
 1.0650770e-003
 1.0846549e-003
 1.1034912e-003
 1.1204650e-003
 1.1344965e-003
 1.1446490e-003
 1.1502379e-003
 1.1509088e-003
 1.1466783e-003
 1.1379473e-003
 1.1254821e-003
 1.1103642e-003
 1.0939038e-003
 1.0775470e-003
 1.0627349e-003
 1.0507761e-003
 1.0426999e-003
 1.0391341e-003
 1.0402292e-003
 1.0456340e-003
 1.0545447e-003
 1.0658230e-003
 1.0781758e-003
 1.0903492e-003
 1.1013262e-003
 1.1104825e-003
 1.1176595e-003
 1.1231690e-003
 1.1277028e-003
 1.1321856e-003
 1.1375913e-003
 1.1447525e-003
 1.1542107e-003
 1.1661159e-003
 1.1802054e-003
 1.1958629e-003
 1.2122202e-003
 1.2283198e-003
 1.2432529e-003
 1.2562849e-003
 1.2669268e-003
 1.2749293e-003
 1.2802439e-003
 1.2829354e-003
 1.2831084e-003
 1.2808552e-003
 1.2762516e-003
 1.2693965e-003
 1.2604848e-003
 1.2498781e-003
 1.2381455e-003
 1.2260667e-003
 1.2145701e-003
 1.2046245e-003
 1.1971197e-003
 1.1927336e-003
 1.1918407e-003
 1.1944539e-003
 1.2002187e-003
 1.2084454e-003
 1.2181796e-003
 1.2282829e-003
 1.2375365e-003
 1.2447550e-003
 1.2488961e-003
 1.2491888e-003
 1.2452418e-003
 1.2371376e-003
 1.2254695e-003
 1.2113254e-003
 1.1961728e-003
 1.1816882e-003
 1.1695214e-003
 1.1610518e-003
 1.1571890e-003
 1.1582365e-003
 1.1638399e-003
 1.1730287e-003
 1.1843600e-003
 1.1961168e-003
 1.2065575e-003
 1.2141468e-003
 1.2176734e-003
 1.2163086e-003
 1.2095945e-003
 1.1973747e-003
 1.1797873e-003
 1.1572796e-003
 1.1305617e-003
 1.1005917e-003
 1.0685235e-003
 1.0356179e-003
 1.0031859e-003
 9.7246224e-004
 9.4453699e-004
 9.2025119e-004
 9.0014213e-004
 8.8451197e-004
 8.7349059e-004
 8.6714205e-004
 8.6552993e-004
 8.6876680e-004
 8.7701343e-004
 8.9040573e-004
 9.0896914e-004
 9.3249627e-004
 9.6046133e-004
 9.9193293e-004
 1.0255694e-003
 1.0596891e-003
 1.0923641e-003
 1.1216217e-003
 1.1456085e-003
 1.1628055e-003
 1.1721934e-003
 1.1732908e-003
 1.1661575e-003
 1.1513387e-003
 1.1297791e-003
 1.1026890e-003
 1.0714711e-003
 1.0376298e-003
 1.0026806e-003
 9.6802012e-004
 9.3480624e-004
 9.0389943e-004
 8.7580923e-004
 8.5071061e-004
 8.2855078e-004
 8.0915936e-004
 7.9242414e-004
 7.7842240e-004
 7.6748518e-004
 7.6019164e-004
 7.5724558e-004
 7.5929973e-004
 7.6674717e-004
 7.7955093e-004
 7.9712906e-004
 8.1834773e-004
 8.4154552e-004
 8.6467556e-004
 8.8553893e-004
 9.0203778e-004
 9.1246935e-004
 9.1574551e-004
 9.1155677e-004
 9.0039714e-004
 8.8348362e-004
 8.6258270e-004
 8.3976827e-004
 8.1718998e-004
 7.9682621e-004
 7.8032725e-004
 7.6889410e-004
 7.6323142e-004
 7.6356804e-004
 7.6970592e-004
 7.8110048e-004
 7.9694530e-004
 8.1626564e-004
 8.3798199e-004
 8.6099602e-004
 8.8423135e-004
 9.0669136e-004
 9.2750893e-004
 9.4596168e-004
 9.6151634e-004
 9.7382767e-004
 9.8275405e-004
 9.8835700e-004
 9.9088531e-004
 9.9076203e-004
 9.8855409e-004
 9.8493416e-004
 9.8062563e-004
 9.7633991e-004
 9.7270356e-004
 9.7018358e-004
 9.6902909e-004
 9.6923055e-004
 9.7051502e-004
 9.7237888e-004
 9.7415992e-004
 9.7513694e-004
 9.7464671e-004
 9.7219477e-004
 9.6754561e-004
 9.6077041e-004
 9.5225393e-004
 9.4264420e-004
 9.3277619e-004
 9.2356349e-004
 9.1588584e-004
 9.1050233e-004
 9.0798031e-004
 9.0867362e-004
 9.1272907e-004
 9.2013070e-004
 9.3075470e-004
 9.4442966e-004
 9.6098933e-004
 9.8028127e-004
 1.0021720e-003
 1.0264900e-003
 1.0529670e-003
 1.0811752e-003
 1.1104422e-003
 1.1398456e-003
 1.1681980e-003
 1.1941220e-003
 1.2161812e-003
 1.2330260e-003
 1.2436048e-003
 1.2473256e-003
 1.2442005e-003
 1.2349013e-003
 1.2206790e-003
 1.2031889e-003
 1.1842859e-003
 1.1657871e-003
 1.1492502e-003
 1.1358244e-003
 1.1261500e-003
 1.1203119e-003
 1.1178302e-003
 1.1177356e-003
 1.1187101e-003
 1.1192701e-003
 1.1179697e-003
 1.1135958e-003
 1.1053170e-003
 1.0927797e-003
 1.0761463e-003
 1.0560794e-003
 1.0337200e-003
 1.0106133e-003
 9.8865130e-004
 9.6994534e-004
 9.5668592e-004
 9.5099927e-004
 9.5475372e-004
 9.6937409e-004
 9.9565671e-004
 1.0336521e-003
 1.0825909e-003
 1.1409231e-003
 1.2063361e-003
 1.2759328e-003
 1.3464964e-003
 1.4147178e-003
 1.4775030e-003
 1.5322444e-003
 1.5769588e-003
 1.6104389e-003
 1.6322092e-003
 1.6424659e-003
 1.6419379e-003
 1.6317166e-003
 1.6130940e-003
 1.5874290e-003
 1.5560446e-003
 1.5201544e-003
 1.4808715e-003
 1.4391900e-003
 1.3960557e-003
 1.3524046e-003
 1.3091993e-003
 1.2675069e-003
 1.2284798e-003
 1.1933817e-003
 1.1635282e-003
 1.1402012e-003
 1.1245648e-003
 1.1175257e-003
 1.1196107e-003
 1.1308650e-003
 1.1507903e-003
 1.1783334e-003
 1.2119453e-003
 1.2497205e-003
 1.2895413e-003
 1.3293114e-003
 1.3671233e-003
 1.4014441e-003
 1.4312456e-003
 1.4560305e-003
 1.4758427e-003
 1.4911642e-003
 1.5028008e-003
 1.5117328e-003
 1.5189555e-003
 1.5253581e-003
 1.5316225e-003
 1.5381742e-003
 1.5451771e-003
 1.5525569e-003
 1.5600644e-003
 1.5673392e-003
 1.5739843e-003
 1.5796310e-003
 1.5839810e-003
 1.5868378e-003
 1.5881184e-003
 1.5878454e-003
 1.5861350e-003
 1.5831762e-003
 1.5792105e-003
 1.5745113e-003
 1.5693699e-003
 1.5640772e-003
 1.5589135e-003
 1.5541320e-003
 1.5499409e-003
 1.5464897e-003
 1.5438484e-003
 1.5419971e-003
 1.5408169e-003
 1.5400931e-003
 1.5395293e-003
 1.5387724e-003
 1.5374471e-003
 1.5351967e-003
 1.5317217e-003
 1.5268171e-003
 1.5203992e-003
 1.5125164e-003
 1.5033560e-003
 1.4932283e-003
 1.4825570e-003
 1.4718582e-003
 1.4617144e-003
 1.4527610e-003
 1.4456548e-003
 1.4410516e-003
 1.4395564e-003
 1.4416616e-003
 1.4476670e-003
 1.4575886e-003
 1.4710599e-003
 1.4872550e-003
 1.5048630e-003
 1.5221380e-003
 1.5370520e-003
 1.5474547e-003
 1.5512814e-003
 1.5467500e-003
 1.5325324e-003
 1.5078735e-003
 1.4726184e-003
 1.4272559e-003
 1.3729911e-003
 1.3117583e-003
 1.2461041e-003
 1.1789792e-003
 1.1135410e-003
 1.0527943e-003
 9.9932938e-004
 9.5502386e-004
 9.2089939e-004
 8.9714117e-004
 8.7305630e-004
 8.6966000e-004
 8.7354920e-004
 8.8303955e-004
 8.9651777e-004
 9.1253890e-004
 9.2988258e-004
 9.4755914e-004
 9.6475508e-004
 9.8075019e-004
 9.9489035e-004
 1.0065697e-003
 1.0152754e-003
 1.0206649e-003
 1.0226520e-003
 1.0214737e-003
 1.0177116e-003
 1.0122665e-003
 1.0062756e-003
 1.0010225e-003
 9.9785265e-004
 9.9809514e-004
 1.0029709e-003
 1.0134539e-003
 1.0300929e-003
 1.0528425e-003
 1.0810053e-003
 1.1132779e-003
 1.1479363e-003
 1.1829907e-003
 1.2163471e-003
 1.2459405e-003
 1.2698420e-003
 1.2864693e-003
 1.2947870e-003
 1.2945145e-003
 1.2861980e-003
 1.2711328e-003
 1.2511692e-003
 1.2284778e-003
 1.2053807e-003
 1.1841864e-003
 1.1670610e-003
 1.1558218e-003
 1.1516968e-003
 1.1551213e-003
 1.1656474e-003
 1.1820295e-003
 1.2024326e-003
 1.2246809e-003
 1.2464378e-003
 1.2653727e-003
 1.2792889e-003
 1.2863210e-003
 1.2851607e-003
 1.2752519e-003
 1.2568695e-003
 1.2310453e-003
 1.1993689e-003
 1.1637484e-003
 1.1262562e-003
 1.0889639e-003
 1.0538554e-003
 1.0226674e-003
 9.9671027e-004
 9.7674038e-004
 9.6288556e-004
 9.5470360e-004
 9.5134083e-004
 9.5169269e-004
 9.5454254e-004
 9.5865462e-004
 9.6285628e-004
 9.6612703e-004
 9.6771005e-004
 9.6720346e-004
 9.6460094e-004
 9.6025155e-004
 9.5476845e-004
 9.4891858e-004
 9.4354065e-004
 9.3947991e-004
 9.3752955e-004
 9.3836279e-004
 9.4244734e-004
 9.4997167e-004
 9.6081372e-004
 9.7457616e-004
 9.9065260e-004
 1.0083127e-003
 1.0267766e-003
 1.0452467e-003
 1.0629635e-003
 1.0792352e-003
 1.0934973e-003
 1.1053621e-003
 1.1146264e-003
 1.1212638e-003
 1.1253720e-003
 1.1271258e-003
 1.1267386e-003
 1.1244395e-003
 1.1204641e-003
 1.1150554e-003
 1.1084655e-003
 1.1009554e-003
 1.0928023e-003
 1.0842904e-003
 1.0757156e-003
 1.0673782e-003
 1.0595761e-003
 1.0526065e-003
 1.0467501e-003
 1.0422624e-003
 1.0393526e-003
 1.0381662e-003
 1.0387813e-003
 1.0412124e-003
 1.0454291e-003
 1.0513721e-003
 1.0589696e-003
 1.0681410e-003
 1.0787980e-003
 1.0908466e-003
 1.1041714e-003
 1.1186413e-003
 1.1340972e-003
 1.1503575e-003
 1.1672314e-003
 1.1845105e-003
 1.2019924e-003
 1.2194724e-003
 1.2367606e-003
 1.2537040e-003
 1.2701924e-003
 1.2861933e-003
 1.3017451e-003
 1.3169562e-003
 1.3319911e-003
 1.3470371e-003
 1.3622892e-003
 1.3779281e-003
 1.3940661e-003
 1.4106958e-003
 1.4275905e-003
 1.4442349e-003
 1.4597996e-003
 1.4731591e-003
 1.4829825e-003
 1.4878131e-003
 1.4861575e-003
 1.4765733e-003
 1.4578026e-003
 1.4289661e-003
 1.3898347e-003
 1.3410574e-003
 1.2842321e-003
 1.2218545e-003
 1.1570334e-003
 1.0932800e-003
 1.0342617e-003
 9.8359818e-004
 9.4469893e-004
 9.2045078e-004
 9.1286562e-004
 9.2278456e-004
 9.4974565e-004
 9.9210592e-004
 1.0473472e-003
 1.1124529e-003
 1.1841385e-003
 1.2590975e-003
 1.3340879e-003
 1.4061101e-003
 1.4726071e-003
 1.5315561e-003
 1.5815912e-003
 1.6218921e-003
 1.6520614e-003
 1.6719676e-003
 1.6816026e-003
 1.6810514e-003
 1.6705025e-003
 1.6503388e-003
 1.6212452e-003
 1.5843370e-003
 1.5411773e-003
 1.4937598e-003
 1.4443877e-003
 1.3955260e-003
 1.3497268e-003
 1.3095080e-003
 1.2772130e-003
 1.2548545e-003
 1.2438507e-003
 1.2448387e-003
 1.2575759e-003
 1.2810351e-003
 1.3135982e-003
 1.3533115e-003
 1.3980392e-003
 1.4456242e-003
 1.4939010e-003
 1.5408415e-003
 1.5845967e-003
 1.6235327e-003
 1.6563203e-003
 1.6818655e-003
 1.6992602e-003
 1.7076997e-003
 1.7064679e-003
 1.6949251e-003
 1.6726092e-003
 1.6393808e-003
 1.5956347e-003
 1.5425376e-003
 1.4820425e-003
 1.4168500e-003
 1.3501864e-003
 1.2856435e-003
 1.2268876e-003
 1.1775346e-003
 1.1409572e-003
 1.1198875e-003
 1.1160612e-003
 1.1298440e-003
 1.1600783e-003
 1.2042507e-003
 1.2588036e-003
 1.3196106e-003
 1.3822719e-003
 1.4423862e-003
 1.4957312e-003
 1.5386501e-003
 1.5683585e-003
 1.5832507e-003
 1.5830708e-003
 1.5687480e-003
 1.5421065e-003
 1.5054907e-003
 1.4614972e-003
 1.4127814e-003
 1.3619837e-003
 1.3115453e-003
 1.2636213e-003
 1.2200117e-003
 1.1820502e-003
 1.1506849e-003
 1.1265974e-003
 1.1102686e-003
 1.1020884e-003
 1.1023748e-003
 1.1113223e-003
 1.1289100e-003
 1.1547655e-003
 1.1880116e-003
 1.2272522e-003
 1.2706117e-003
 1.3158267e-003
 1.3604563e-003
 1.4019803e-003
 1.4378898e-003
 1.4659000e-003
 1.4841334e-003
 1.4914133e-003
 1.4875088e-003
 1.4732475e-003
 1.4503978e-003
 1.4214446e-003
 1.3892719e-003
 1.3569404e-003
 1.3275350e-003
 1.3039375e-003
 1.2886237e-003
 1.2833719e-003
 1.2890161e-003
 1.3053357e-003
 1.3311728e-003
 1.3646518e-003
 1.4034990e-003
 1.4452565e-003
 1.4874079e-003
 1.5275769e-003
 1.5636565e-003
 1.5939747e-003
 1.6175125e-003
 1.6339360e-003
 1.6435388e-003
 1.6470712e-003
 1.6455669e-003
 1.6401847e-003
 1.6321208e-003
 1.6225330e-003
 1.6124728e-003
 1.6028205e-003
 1.5942033e-003
 1.5869804e-003
 1.5812650e-003
 1.5769936e-003
 1.5739901e-003
 1.5720278e-003
 1.5708650e-003
 1.5702638e-003
 1.5700097e-003
 1.5699300e-003
 1.5699079e-003
 1.5698894e-003
 1.5698767e-003
 1.5699135e-003
 1.5700688e-003
 1.5704227e-003
 1.5710581e-003
 1.5720536e-003
 1.5734772e-003
 1.5753758e-003
 1.5777710e-003
 1.5806558e-003
 1.5839940e-003
 1.5877321e-003
 1.5918039e-003
 1.5961375e-003
 1.6006536e-003
 1.6052689e-003
 1.6098878e-003
 1.6143912e-003
 1.6186358e-003
 1.6224480e-003
 1.6256234e-003
 1.6279409e-003
 1.6291665e-003
 1.6290615e-003
 1.6273907e-003
 1.6239312e-003
 1.6184847e-003
 1.6109020e-003
 1.6010901e-003
 1.5890208e-003
 1.5747354e-003
 1.5583111e-003
 1.5398512e-003
 1.5194900e-003
 1.4973675e-003
 1.4736623e-003
 1.4486150e-003
 1.4225960e-003
 1.3961104e-003
 1.3698307e-003
 1.3446000e-003
 1.3213533e-003
 1.3010920e-003
 1.2848525e-003
 1.2736308e-003
 1.2683368e-003
 1.2696905e-003
 1.2780847e-003
 1.2934769e-003
 1.3153463e-003
 1.3427181e-003
 1.3743107e-003
 1.4086552e-003
 1.4441740e-003
 1.4793111e-003
 1.5125854e-003
 1.5426679e-003
 1.5685508e-003
 1.5896222e-003
 1.6057194e-003
 1.6170724e-003
 1.6242204e-003
 1.6278770e-003
 1.6288362e-003
 1.6279152e-003
 1.6259027e-003
 1.6235152e-003
 1.6213395e-003
 1.6197888e-003
 1.6190847e-003
 1.6192734e-003
 1.6202733e-003
 1.6219263e-003
 1.6240366e-003
 1.6263984e-003
 1.6288126e-003
 1.6310993e-003
 1.6331169e-003
 1.6347738e-003
 1.6360334e-003
 1.6369103e-003
 1.6374554e-003
 1.6377424e-003
 1.6378546e-003
 1.6378775e-003
 1.6378923e-003
 1.6379680e-003
 1.6381535e-003
 1.6384701e-003
 1.6389085e-003
 1.6394323e-003
 1.6399843e-003
 1.6404958e-003
 1.6408924e-003
 1.6411002e-003
 1.6410503e-003
 1.6406870e-003
 1.6399752e-003
 1.6389082e-003
 1.6375119e-003
 1.6358402e-003
 1.6339675e-003
 1.6319825e-003
 1.6299781e-003
 1.6280478e-003
 1.6262808e-003
 1.6247575e-003
 1.6235398e-003
 1.6226668e-003
 1.6221527e-003
 1.6219878e-003
 1.6221455e-003
 1.6225892e-003
 1.6232771e-003
 1.6241659e-003
 1.6252128e-003
 1.6263762e-003
 1.6276180e-003
 1.6289046e-003
 1.6302064e-003
 1.6314988e-003
 1.6327606e-003
 1.6339713e-003
 1.6351130e-003
 1.6361680e-003
 1.6371199e-003
 1.6379555e-003
 1.6386667e-003
 1.6392511e-003
 1.6397135e-003
 1.6400655e-003
 1.6403229e-003
 1.6405045e-003
 1.6406301e-003
 1.6407190e-003
 1.6407880e-003
 1.6408485e-003
 1.6409028e-003
 1.6409412e-003
 1.6409401e-003
 1.6408637e-003
 1.6406676e-003
 1.6403020e-003
 1.6397169e-003
 1.6388664e-003
 1.6377198e-003
 1.6362763e-003
 1.6345840e-003
 1.6327607e-003
 1.6309978e-003
 1.6295548e-003
 1.6287410e-003
 1.6288961e-003
 1.6303726e-003
 1.6335262e-003
 1.6387025e-003
 1.6462296e-003
 1.6564054e-003
 1.6694755e-003
 1.6856428e-003
 1.7050641e-003
 1.7278690e-003
 1.7541511e-003
 1.7840108e-003
 1.8175528e-003
 1.8548660e-003
 1.8960825e-003
 1.9413717e-003
 1.9909153e-003
 2.0449781e-003
 2.1038745e-003
 2.1679085e-003
 2.2374422e-003
 2.3128185e-003
 2.3943589e-003
 2.4822094e-003
 2.5763370e-003
 2.6763205e-003
 2.7811325e-003
 2.8892250e-003
 2.9985174e-003
 3.1064583e-003
 3.2103439e-003
 3.3073495e-003
 3.3946908e-003
 3.4696730e-003
 3.5300041e-003
 3.5739443e-003
 3.6004940e-003
 3.6095381e-003
 3.6017140e-003
 3.5782349e-003
 3.5406493e-003
 3.4906550e-003
 3.4300380e-003
 3.3605294e-003
 3.2837931e-003
 3.2013350e-003
 3.1145308e-003
 3.0244878e-003
 2.9321210e-003
 2.8382717e-003
 2.7436321e-003
 2.6488507e-003
 2.5546271e-003
 2.4615864e-003
 2.3703713e-003
 2.2815978e-003
 2.1959362e-003
 2.1139851e-003
 2.0363384e-003
 1.9636399e-003
 1.8964703e-003
 1.8354059e-003
 1.7810401e-003
 1.7338592e-003
 1.6942362e-003
 1.6623250e-003
 1.6380134e-003
 1.6208467e-003
 1.6100885e-003
 1.6047970e-003
 1.6038956e-003
 1.6062561e-003
 1.6107449e-003
 1.6162768e-003
 1.6218787e-003
 1.6267606e-003
 1.6303915e-003
 1.6325212e-003
 1.6331543e-003
 1.6324820e-003
 1.6308078e-003
 1.6284861e-003
 1.6258856e-003
 1.6233571e-003
 1.6212050e-003
 1.6196569e-003
 1.6188315e-003
 1.6187297e-003
 1.6192447e-003
 1.6201891e-003
 1.6213277e-003
 1.6224043e-003
 1.6231623e-003
 1.6233679e-003
 1.6228397e-003
 1.6214872e-003
 1.6193427e-003
 1.6165745e-003
 1.6134713e-003
 1.6104029e-003
 1.6077843e-003
 1.6060418e-003
 1.6055834e-003
 1.6067538e-003
 1.6097805e-003
 1.6146997e-003
 1.6213007e-003
 1.6290965e-003
 1.6373352e-003
 1.6450700e-003
 1.6512299e-003
 1.6546906e-003
 1.6543213e-003
 1.6490151e-003
 1.6376977e-003
 1.6193509e-003
 1.5941930e-003
 1.5670991e-003
 1.5244669e-003
 1.4768125e-003
 1.4258235e-003
 1.3731964e-003
 1.3206158e-003
 1.2698038e-003
 1.2224443e-003
 1.1802346e-003
 1.1448710e-003
 1.1178727e-003
 1.0991676e-003
 1.0877847e-003
 1.0827520e-003
 1.0830982e-003
 1.0878504e-003
 1.0960364e-003
 1.1066837e-003
 1.1188234e-003
 1.1314773e-003
 1.1436760e-003
 1.1544473e-003
 1.1628208e-003
 1.1678204e-003
 1.1685685e-003
 1.1650329e-003
 1.1576350e-003
 1.1467979e-003
 1.1329530e-003
 1.1165240e-003
 1.0979366e-003
 1.0776124e-003
 1.0559864e-003
 1.0334804e-003
 1.0105202e-003
 9.8752626e-004
 9.6493581e-004
 9.4316923e-004
 9.2265249e-004
 9.0381154e-004
 8.8706863e-004
 8.7285775e-004
 8.6155889e-004
 8.5318286e-004
 8.4754388e-004
 8.4445858e-004
 8.4373879e-004
 8.4519840e-004
 8.4865186e-004
 8.5391151e-004
 8.6079130e-004
 8.6910534e-004
 8.7866694e-004
 8.8929263e-004
 9.0079103e-004
 9.1297814e-004
 9.2566770e-004
 9.3867659e-004
 9.5181225e-004
 9.6489128e-004
 9.7772758e-004
 9.9013781e-004
 1.0019294e-003
 1.0129194e-003
 1.0229372e-003
 1.0319528e-003
 1.0400000e-003
 1.0471197e-003
 1.0533505e-003
 1.0587311e-003
 1.0633010e-003
 1.0670969e-003
 1.0701586e-003
 1.0725246e-003
 1.0742338e-003
 1.0753244e-003
 1.0758353e-003
 1.0758052e-003
 1.0752727e-003
 1.0742763e-003
 1.0728549e-003
 1.0710473e-003
 1.0688918e-003
 1.0664266e-003
 1.0636916e-003
 1.0607247e-003
 1.0575646e-003
 1.0542494e-003
 1.0508191e-003
 1.0473116e-003
 1.0437622e-003
 1.0401794e-003
 1.0365611e-003
 1.0329022e-003
 1.0291988e-003
 1.0254469e-003
 1.0216415e-003
 1.0177806e-003
 1.0138594e-003
 1.0098735e-003
 1.0058181e-003
 1.0016913e-003
 9.9748804e-004
 9.9320442e-004
 9.8883512e-004
 9.8437862e-004
 9.7982958e-004
 9.7518408e-004
 9.7043708e-004
 9.6558686e-004
 9.6062815e-004
 9.5555698e-004
 9.5036952e-004
 9.4506034e-004
 9.3962811e-004
 9.3406742e-004
 9.2837436e-004
 9.2254364e-004
 9.1657380e-004
 9.1045967e-004
 9.0420147e-004
 8.9783105e-004
 8.9140085e-004
 8.8495878e-004
