s07_ASD Record=7586:  error bars to preceding                
 2.0477781e-003
 1.9053689e-003
 1.7754716e-003
 1.6715642e-003
 1.6001496e-003
 1.5582610e-003
 1.5366259e-003
 1.5252538e-003
 1.5173801e-003
 1.5101759e-003
 1.5029380e-003
 1.4948387e-003
 1.4836658e-003
 1.4657030e-003
 1.4372098e-003
 1.3975425e-003
 1.3517059e-003
 1.3097082e-003
 1.2832327e-003
 1.2811599e-003
 1.3056983e-003
 1.3512044e-003
 1.4068203e-003
 1.4613648e-003
 1.5074806e-003
 1.5435956e-003
 1.5733856e-003
 1.6017728e-003
 1.6301412e-003
 1.6550949e-003
 1.6706670e-003
 1.6713791e-003
 1.6537920e-003
 1.6166448e-003
 1.5623069e-003
 1.4974297e-003
 1.4304505e-003
 1.3689894e-003
 1.3182649e-003
 1.2810131e-003
 1.2589885e-003
 1.2544593e-003
 1.2698353e-003
 1.3054042e-003
 1.3571854e-003
 1.4170652e-003
 1.4752644e-003
 1.5231870e-003
 1.5547654e-003
 1.5665747e-003
 1.5581716e-003
 1.5330961e-003
 1.4988737e-003
 1.4641762e-003
 1.4342163e-003
 1.4081931e-003
 1.3811942e-003
 1.3499624e-003
 1.3158676e-003
 1.2844241e-003
 1.2607774e-003
 1.2418479e-003
 1.2246356e-003
 1.2065273e-003
 1.1835711e-003
 1.1522074e-003
 1.1111933e-003
 1.0639043e-003
 1.0201632e-003
 9.9632260e-004
 1.0094793e-003
 1.0675791e-003
 1.1638050e-003
 1.2787844e-003
 1.3885553e-003
 1.4741477e-003
 1.5283664e-003
 1.5565821e-003
 1.5713742e-003
 1.5841984e-003
 1.5983807e-003
 1.6069805e-003
 1.5967861e-003
 1.5567131e-003
 1.4864304e-003
 1.4003332e-003
 1.3238459e-003
 1.2830073e-003
 1.2924992e-003
 1.3484436e-003
 1.4297374e-003
 1.5069210e-003
 1.5537912e-003
 1.5564244e-003
 1.5167871e-003
 1.4514314e-003
 1.3866120e-003
 1.3498780e-003
 1.3598294e-003
 1.4189000e-003
 1.5128279e-003
 1.6175206e-003
 1.7095146e-003
 1.7741101e-003
 1.8088305e-003
 1.8214565e-003
 1.8228940e-003
 1.8200399e-003
 1.8125435e-003
 1.7945589e-003
 1.7605955e-003
 1.7117389e-003
 1.6570784e-003
 1.6082727e-003
 1.5719484e-003
 1.5481061e-003
 1.5363802e-003
 1.5418816e-003
 1.5718911e-003
 1.6262589e-003
 1.6931620e-003
 1.7557656e-003
 1.8026034e-003
 1.8317353e-003
 1.8472011e-003
 1.8535438e-003
 1.8532271e-003
 1.8469987e-003
 1.8348689e-003
 1.8157522e-003
 1.7854908e-003
 1.7358145e-003
 1.6589379e-003
 1.5586202e-003
 1.4585085e-003
 1.3942479e-003
 1.3898590e-003
 1.4393469e-003
 1.5135378e-003
 1.5848591e-003
 1.6433453e-003
 1.6905001e-003
 1.7237117e-003
 1.7292433e-003
 1.6883308e-003
 1.5908212e-003
 1.4493146e-003
 1.3039926e-003
 1.2077792e-003
 1.1945567e-003
 1.2544288e-003
 1.3417117e-003
 1.4111084e-003
 1.4455850e-003
 1.4509347e-003
 1.4359594e-003
 1.4090840e-003
 1.3852657e-003
 1.3779043e-003
 1.3843990e-003
 1.3951221e-003
 1.4170557e-003
 1.4720050e-003
 1.5657516e-003
 1.6700076e-003
 1.7402743e-003
 1.7472245e-003
 1.6947067e-003
 1.6195916e-003
 1.5733010e-003
 1.5862092e-003
 1.6382231e-003
 1.6704699e-003
 1.6378866e-003
 1.5528222e-003
 1.4709817e-003
 1.4331946e-003
 1.4309236e-003
 1.4336299e-003
 1.4317407e-003
 1.4334980e-003
 1.4358978e-003
 1.4312939e-003
 1.4386527e-003
 1.4944010e-003
 1.6042236e-003
 1.7269893e-003
 1.8149934e-003
 1.8544251e-003
 1.8603044e-003
 1.8449965e-003
 1.8015547e-003
 1.7139335e-003
 1.5778519e-003
 1.4142826e-003
 1.2687626e-003
 1.1940901e-003
 1.2169761e-003
 1.3089774e-003
 1.4014621e-003
 1.4473049e-003
 1.4591973e-003
 1.4677385e-003
 1.4598045e-003
 1.3968995e-003
 1.2895222e-003
 1.2104304e-003
 1.2180293e-003
 1.2866263e-003
 1.3275960e-003
 1.2780013e-003
 1.1655029e-003
 1.0872651e-003
 1.1262844e-003
 1.2825360e-003
 1.4720147e-003
 1.5862519e-003
 1.5655754e-003
 1.4352595e-003
 1.2789372e-003
 1.1703992e-003
 1.1263489e-003
 1.1245662e-003
 1.1553885e-003
 1.2353050e-003
 1.3672031e-003
 1.5048963e-003
 1.5797343e-003
 1.5739028e-003
 1.5517266e-003
 1.5926537e-003
 1.7019244e-003
 1.8144553e-003
 1.8725699e-003
 1.8639071e-003
 1.7944025e-003
 1.6697710e-003
 1.5165670e-003
 1.3963419e-003
 1.3744227e-003
 1.4653059e-003
 1.6140507e-003
 1.7428959e-003
 1.8143684e-003
 1.8407183e-003
 1.8466350e-003
 1.8457412e-003
 1.8458304e-003
 1.8509730e-003
 1.8548670e-003
 1.8484078e-003
 1.8336888e-003
 1.8157031e-003
 1.7803882e-003
 1.7002682e-003
 1.5805402e-003
 1.4818781e-003
 1.4683137e-003
 1.5423428e-003
 1.6507723e-003
 1.7315254e-003
 1.7348757e-003
 1.6414491e-003
 1.5078114e-003
 1.4487387e-003
 1.4999488e-003
 1.5459736e-003
 1.4729137e-003
 1.3458343e-003
 1.3307182e-003
 1.4673924e-003
 1.6385870e-003
 1.7480600e-003
 1.7944919e-003
 1.7836142e-003
 1.7058761e-003
 1.6076446e-003
 1.5688444e-003
 1.5902645e-003
 1.6059807e-003
 1.5981309e-003
 1.5889694e-003
 1.5620085e-003
 1.5097481e-003
 1.4846056e-003
 1.4948443e-003
 1.4575067e-003
 1.3247383e-003
 1.1648904e-003
 1.0653849e-003
 1.0347900e-003
 1.0386471e-003
 1.0698168e-003
 1.1468431e-003
 1.2713743e-003
 1.4089588e-003
 1.5068625e-003
 1.5288295e-003
 1.4802332e-003
 1.4054461e-003
 1.3569788e-003
 1.3599626e-003
 1.4077636e-003
 1.4876639e-003
 1.5924547e-003
 1.7047577e-003
 1.7943154e-003
 1.8430304e-003
 1.8582074e-003
 1.8552182e-003
 1.8426491e-003
 1.8288026e-003
 1.8260586e-003
 1.8397486e-003
 1.8615166e-003
 1.8798260e-003
 1.8925146e-003
 1.9047835e-003
 1.9160555e-003
 1.9057889e-003
 1.8365004e-003
 1.6867620e-003
 1.4855689e-003
 1.3022579e-003
 1.2028203e-003
 1.2181180e-003
 1.3368805e-003
 1.5086770e-003
 1.6522958e-003
 1.6853820e-003
 1.5754063e-003
 1.3722002e-003
 1.1815049e-003
 1.0959905e-003
 1.1443339e-003
 1.2945553e-003
 1.4898452e-003
 1.6773948e-003
 1.8197442e-003
 1.8993601e-003
 1.9207137e-003
 1.9044627e-003
 1.8758684e-003
 1.8556698e-003
 1.8554216e-003
 1.8737226e-003
 1.8956263e-003
 1.9031070e-003
 1.8932985e-003
 1.8841611e-003
 1.8869715e-003
 1.8602434e-003
 1.7158127e-003
 1.4707231e-003
 1.3557988e-003
 1.4895223e-003
 1.6887953e-003
 1.7400272e-003
 1.6908835e-003
 1.7068635e-003
 1.8050435e-003
 1.8653235e-003
 1.7992938e-003
 1.6569750e-003
 1.5886755e-003
 1.6754909e-003
 1.8312332e-003
 1.9279863e-003
 1.9449125e-003
 1.9368705e-003
 1.9375962e-003
 1.9451294e-003
 1.9524718e-003
 1.9557690e-003
 1.9499470e-003
 1.9353522e-003
 1.9225647e-003
 1.9205902e-003
 1.9262107e-003
 1.9319796e-003
 1.9375389e-003
 1.9468674e-003
 1.9589376e-003
 1.9646019e-003
 1.9542940e-003
 1.9327641e-003
 1.9206872e-003
 1.9317468e-003
 1.9553725e-003
 1.9714285e-003
 1.9724381e-003
 1.9653947e-003
 1.9605421e-003
 1.9625863e-003
 1.9690022e-003
 1.9743652e-003
 1.9766570e-003
 1.9779548e-003
 1.9800540e-003
 1.9730821e-003
 1.9133267e-003
 1.7421264e-003
 1.4923789e-003
 1.3137248e-003
 1.3323934e-003
 1.5353576e-003
 1.7908089e-003
 1.9575208e-003
 1.9927595e-003
 1.9582221e-003
 1.9329326e-003
 1.9473140e-003
 1.9814488e-003
 2.0047403e-003
 2.0046465e-003
 1.9883839e-003
 1.9688283e-003
 1.9555788e-003
 1.9538000e-003
 1.9646506e-003
 1.9826586e-003
 1.9964718e-003
 1.9972736e-003
 1.9895600e-003
 1.9883881e-003
 2.0028029e-003
 2.0219674e-003
 2.0116491e-003
 1.9265419e-003
 1.7872377e-003
 1.6091525e-003
 1.4991042e-003
 1.5233068e-003
 1.6554062e-003
 1.8318864e-003
 1.9891469e-003
 2.0725622e-003
 2.0868599e-003
 2.0606490e-003
 2.0226010e-003
 1.9981314e-003
 1.9910897e-003
 1.9966143e-003
 2.0098214e-003
 2.0258562e-003
 2.0400998e-003
 2.0480258e-003
 2.0451066e-003
 2.0279612e-003
 2.0007985e-003
 1.9661798e-003
 1.9423495e-003
 1.9314205e-003
 1.9348857e-003
 1.9486651e-003
 1.9684401e-003
 1.9898855e-003
 2.0087818e-003
 2.0231633e-003
 2.0332942e-003
 2.0395415e-003
 2.0422679e-003
 2.0418877e-003
 2.0399403e-003
 2.0390719e-003
 2.0419769e-003
 2.0513504e-003
 2.0696081e-003
 2.0930388e-003
 2.1119108e-003
 2.1162485e-003
 2.0960725e-003
 2.0414069e-003
 1.9470220e-003
 1.8261992e-003
 1.6966511e-003
 1.5761479e-003
 1.4824020e-003
 1.4331752e-003
 1.4409486e-003
 1.4980191e-003
 1.5918398e-003
 1.7098304e-003
 1.8394581e-003
 1.9681344e-003
 2.0833171e-003
 2.1751113e-003
 2.2437049e-003
 2.2917320e-003
 2.3217995e-003
 2.3365333e-003
 2.3385468e-003
 2.3304599e-003
 2.3148921e-003
 2.2942268e-003
 2.2699845e-003
 2.2434692e-003
 2.2159973e-003
 2.1888728e-003
 2.1634116e-003
 2.1409204e-003
 2.1227070e-003
 2.1095928e-003
 2.1005527e-003
 2.0941391e-003
 2.0888995e-003
 2.0833861e-003
 2.0761464e-003
 2.0657326e-003
 2.0506917e-003
 2.0300269e-003
 2.0043903e-003
 1.9748276e-003
 1.9423751e-003
 1.9080674e-003
 1.8729519e-003
 1.8380597e-003
 1.8044382e-003
 1.7731190e-003
 1.7451484e-003
 1.7215593e-003
 1.7033964e-003
 1.6913798e-003
 1.6850937e-003
 1.6838590e-003
 1.6869988e-003
 1.6938359e-003
 1.7036917e-003
 1.7158887e-003
 1.7297521e-003
 1.7446006e-003
 1.7597601e-003
 1.7745499e-003
 1.7882958e-003
 1.8005009e-003
 1.8113303e-003
 1.8210900e-003
 1.8300908e-003
 1.8386389e-003
 1.8470447e-003
 1.8556148e-003
 1.8646598e-003
 1.8744860e-003
 1.8854027e-003
 1.8977198e-003
 1.9114815e-003
 1.9258196e-003
 1.9396569e-003
 1.9519237e-003
 1.9615437e-003
 1.9674459e-003
 1.9685556e-003
 1.9637996e-003
 1.9521056e-003
 1.9323978e-003
 1.9042711e-003
 1.8696139e-003
 1.8308097e-003
 1.7902560e-003
 1.7503320e-003
 1.7134355e-003
 1.6819465e-003
 1.6582612e-003
 1.6447622e-003
 1.6438417e-003
 1.6568154e-003
 1.6813327e-003
 1.7142678e-003
 1.7524824e-003
 1.7928544e-003
 1.8322435e-003
 1.8675239e-003
 1.8955683e-003
 1.9132394e-003
 1.9174102e-003
 1.9058955e-003
 1.8797020e-003
 1.8405169e-003
 1.7900125e-003
 1.7298819e-003
 1.6617919e-003
 1.5874406e-003
 1.5084916e-003
 1.4266444e-003
 1.3437384e-003
 1.2621669e-003
 1.1844694e-003
 1.1131470e-003
 1.0507356e-003
 9.9974079e-004
 9.6269359e-004
 9.4210508e-004
 9.3942147e-004
 9.5253118e-004
 9.7859022e-004
 1.0147633e-003
 1.0582006e-003
 1.1060712e-003
 1.1555224e-003
 1.2037192e-003
 1.2482265e-003
 1.2878989e-003
 1.3218770e-003
 1.3492838e-003
 1.3692570e-003
 1.3809226e-003
 1.3834148e-003
 1.3758643e-003
 1.3587980e-003
 1.3372524e-003
 1.3171628e-003
 1.3068314e-003
 1.3107166e-003
 1.3343897e-003
 1.3807367e-003
 1.4475523e-003
 1.5278750e-003
 1.6114770e-003
 1.6865729e-003
 1.7412209e-003
 1.7654357e-003
 1.7546127e-003
 1.7116839e-003
 1.6449738e-003
 1.5649284e-003
 1.4819984e-003
 1.4050803e-003
 1.3400140e-003
 1.2891656e-003
 1.2522993e-003
 1.2278858e-003
 1.2139846e-003
 1.2086179e-003
 1.2099198e-003
 1.2161712e-003
 1.2257713e-003
 1.2371863e-003
 1.2489069e-003
 1.2594282e-003
 1.2672435e-003
 1.2708462e-003
 1.2687716e-003
 1.2597445e-003
 1.2430614e-003
 1.2192205e-003
 1.1905410e-003
 1.1613284e-003
 1.1374038e-003
 1.1250493e-003
 1.1295023e-003
 1.1531821e-003
 1.2230027e-003
 1.2344541e-003
 1.2433507e-003
 1.2472461e-003
 1.2442227e-003
 1.2332876e-003
 1.2146349e-003
 1.1897208e-003
 1.1612418e-003
 1.1328366e-003
 1.1086354e-003
 1.0926635e-003
 1.0882292e-003
 1.0974124e-003
 1.1208785e-003
 1.1579447e-003
 1.2067506e-003
 1.2645599e-003
 1.3280137e-003
 1.3934338e-003
 1.4571302e-003
 1.5155765e-003
 1.5656732e-003
 1.6048717e-003
 1.6312707e-003
 1.6437543e-003
 1.6421862e-003
 1.6275271e-003
 1.6018224e-003
 1.5680533e-003
 1.5296964e-003
 1.4902436e-003
 1.4527069e-003
 1.4192829e-003
 1.3911329e-003
 1.3683492e-003
 1.3501226e-003
 1.3350251e-003
 1.3214168e-003
 1.3078416e-003
 1.2933546e-003
 1.2777343e-003
 1.2615280e-003
 1.2459464e-003
 1.2326626e-003
 1.2235122e-003
 1.2201952e-003
 1.2239787e-003
 1.2354710e-003
 1.2544704e-003
 1.2799288e-003
 1.3099958e-003
 1.3421773e-003
 1.3735874e-003
 1.4012184e-003
 1.4222916e-003
 1.4345499e-003
 1.4365386e-003
 1.4277872e-003
 1.4088850e-003
 1.3814237e-003
 1.3478372e-003
 1.3111198e-003
 1.2744584e-003
 1.2408791e-003
 1.2128700e-003
 1.1920766e-003
 1.1791327e-003
 1.1735872e-003
 1.1740103e-003
 1.1782228e-003
 1.1836514e-003
 1.1877489e-003
 1.1884329e-003
 1.1844641e-003
 1.1757101e-003
 1.1632282e-003
 1.1491531e-003
 1.1363607e-003
 1.1279839e-003
 1.1268192e-003
 1.1347557e-003
 1.1523340e-003
 1.1785502e-003
 1.2109348e-003
 1.2459432e-003
 1.2795801e-003
 1.3080783e-003
 1.3285624e-003
 1.3395044e-003
 1.3408768e-003
 1.3340327e-003
 1.3213314e-003
 1.3056415e-003
 1.2898300e-003
 1.2763737e-003
 1.2671055e-003
 1.2631450e-003
 1.2649294e-003
 1.2723076e-003
 1.2846254e-003
 1.3007881e-003
 1.3192821e-003
 1.3382162e-003
 1.3554187e-003
 1.3685924e-003
 1.3755852e-003
 1.3746874e-003
 1.3649500e-003
 1.3464178e-003
 1.3202534e-003
 1.2886690e-003
 1.2547272e-003
 1.2219733e-003
 1.1939745e-003
 1.1738802e-003
 1.1639924e-003
 1.1654671e-003
 1.1781765e-003
 1.2007408e-003
 1.2307180e-003
 1.2649329e-003
 1.2999012e-003
 1.3322255e-003
 1.3590072e-003
 1.3781047e-003
 1.3883098e-003
 1.3893740e-003
 1.3819090e-003
 1.3672030e-003
 1.3469878e-003
 1.3231928e-003
 1.2977141e-003
 1.2722674e-003
 1.2482626e-003
 1.2267814e-003
 1.2085685e-003
 1.1940480e-003
 1.1833591e-003
 1.1763599e-003
 1.1726349e-003
 1.1715228e-003
 1.1721789e-003
 1.1737056e-003
 1.1753446e-003
 1.1767049e-003
 1.1779632e-003
 1.1799659e-003
 1.1841600e-003
 1.1923258e-003
 1.2061408e-003
 1.2266461e-003
 1.2537861e-003
 1.2861120e-003
 1.3208053e-003
 1.3540451e-003
 1.3816034e-003
 1.3996247e-003
 1.4052987e-003
 1.3973471e-003
 1.3761597e-003
 1.3436188e-003
 1.3026538e-003
 1.2567469e-003
 1.2094707e-003
 1.1641791e-003
 1.1239406e-003
 1.0915392e-003
 1.0694973e-003
 1.0600282e-003
 1.0647884e-003
 1.0845294e-003
 1.1187067e-003
 1.1652508e-003
 1.2205575e-003
 1.2798883e-003
 1.3379873e-003
 1.3899222e-003
 1.4318858e-003
 1.4616983e-003
 1.4790146e-003
 1.4850565e-003
 1.4820689e-003
 1.4725990e-003
 1.4588335e-003
 1.4421443e-003
 1.4229639e-003
 1.4009646e-003
 1.3754568e-003
 1.3459037e-003
 1.3123511e-003
 1.2756668e-003
 1.2375764e-003
 1.2003892e-003
 1.1666071e-003
 1.1384061e-003
 1.1171680e-003
 1.1031989e-003
 1.0956399e-003
 1.0926733e-003
 1.0919303e-003
 1.0910365e-003
 1.0881517e-003
 1.0823677e-003
 1.0738639e-003
 1.0637776e-003
 1.0538202e-003
 1.0457658e-003
 1.0409255e-003
 1.0397848e-003
 1.0418718e-003
 1.0459047e-003
 1.0501519e-003
 1.0529093e-003
 1.0529547e-003
 1.0498626e-003
 1.0441091e-003
 1.0369563e-003
 1.0301558e-003
 1.0255513e-003
 1.0246896e-003
 1.0285061e-003
 1.0371584e-003
 1.0500205e-003
 1.0658379e-003
 1.0829757e-003
 1.0997402e-003
 1.1146616e-003
 1.1267242e-003
 1.1354857e-003
 1.1410603e-003
 1.1440115e-003
 1.1451596e-003
 1.1453739e-003
 1.1453867e-003
 1.1456709e-003
 1.1463964e-003
 1.1474608e-003
 1.1485715e-003
 1.1493489e-003
 1.1494195e-003
 1.1484792e-003
 1.1463207e-003
 1.1428314e-003
 1.1379761e-003
 1.1317916e-003
 1.1244031e-003
 1.1160694e-003
 1.1072670e-003
 1.0987690e-003
 1.0917196e-003
 1.0876420e-003
 1.0883621e-003
 1.0958274e-003
 1.1118250e-003
 1.1376239e-003
 1.1736123e-003
 1.2190259e-003
 1.2717753e-003
 1.3285527e-003
 1.3850776e-003
 1.4365953e-003
 1.4784907e-003
 1.5068555e-003
 1.5190212e-003
 1.5138749e-003
 1.4919324e-003
 1.4551743e-003
 1.4067007e-003
 1.3502517e-003
 1.2896726e-003
 1.2285114e-003
 1.1696405e-003
 1.1151457e-003
 1.0663123e-003
 1.0237532e-003
 9.8767120e-004
 9.5805008e-004
 9.3485881e-004
 9.1810228e-004
 9.0776972e-004
 9.0370647e-004
 9.0543012e-004
 9.1199862e-004
 9.2196936e-004
 9.3350373e-004
 9.4458571e-004
 9.5334387e-004
 9.5836818e-004
 9.5897721e-004
 9.5535466e-004
 9.4853353e-004
 9.4023865e-004
 9.3261589e-004
 9.2792261e-004
 9.2820899e-004
 9.3505677e-004
 9.4937807e-004
 9.7130676e-004
 1.0001441e-003
 1.0344149e-003
 1.0719602e-003
 1.1101429e-003
 1.1461438e-003
 1.1772773e-003
 1.2014005e-003
 1.2172284e-003
 1.2245836e-003
 1.2244540e-003
 1.2188306e-003
 1.2103423e-003
 1.2017462e-003
 1.1953714e-003
 1.1926470e-003
 1.1938337e-003
 1.1980081e-003
 1.2033202e-003
 1.2074417e-003
 1.2081098e-003
 1.2036229e-003
 1.1931908e-003
 1.1770560e-003
 1.1564016e-003
 1.1330483e-003
 1.1090804e-003
 1.0864415e-003
 1.0666143e-003
 1.0504760e-003
 1.0382894e-003
 1.0298844e-003
 1.0249196e-003
 1.0231730e-003
 1.0247726e-003
 1.0302820e-003
 1.0406139e-003
 1.0567784e-003
 1.0795409e-003
 1.1090583e-003
 1.1446339e-003
 1.1846789e-003
 1.2268508e-003
 1.2684540e-003
 1.3068737e-003
 1.3400437e-003
 1.3667733e-003
 1.3868255e-003
 1.4008214e-003
 1.4099267e-003
 1.4154897e-003
 1.4187050e-003
 1.4204007e-003
 1.4210016e-003
 1.4206443e-003
 1.4193921e-003
 1.4174635e-003
 1.4153988e-003
 1.4141061e-003
 1.4147813e-003
 1.4187179e-003
 1.4270653e-003
 1.4405883e-003
 1.4595010e-003
 1.4833886e-003
 1.5112563e-003
 1.5416978e-003
 1.5731044e-003
 1.6039348e-003
 1.6329599e-003
 1.6594023e-003
 1.6830206e-003
 1.7040275e-003
 1.7229327e-003
 1.7403077e-003
 1.7565088e-003
 1.7714656e-003
 1.7845305e-003
 1.7944766e-003
 1.7996404e-003
 1.7981880e-003
 1.7884891e-003
 1.7695150e-003
 1.7411913e-003
 1.7045963e-003
 1.6620033e-003
 1.6166352e-003
 1.5722779e-003
 1.5327019e-003
 1.5010523e-003
 1.4793671e-003
 1.4682445e-003
 1.4667915e-003
 1.4728535e-003
 1.4834550e-003
 1.4953644e-003
 1.5056650e-003
 1.5122176e-003
 1.5139109e-003
 1.5106897e-003
 1.5033473e-003
 1.4931561e-003
 1.4814107e-003
 1.4690127e-003
 1.4561593e-003
 1.4422501e-003
 1.4260066e-003
 1.4057927e-003
 1.3800912e-003
 1.3479699e-003
 1.3094961e-003
 1.2659318e-003
 1.2196649e-003
 1.1739479e-003
 1.1323672e-003
 1.0983085e-003
 1.0743981e-003
 1.0621026e-003
 1.0615666e-003
 1.0716566e-003
 1.0902423e-003
 1.1146039e-003
 1.1419209e-003
 1.1696867e-003
 1.1960298e-003
 1.2198620e-003
 1.2408058e-003
 1.2590067e-003
 1.2748034e-003
 1.2884144e-003
 1.2996889e-003
 1.3079873e-003
 1.3122464e-003
 1.3111799e-003
 1.3035843e-003
 1.2886457e-003
 1.2661945e-003
 1.2368156e-003
 1.2018539e-003
 1.1632823e-003
 1.1234957e-003
 1.0851366e-003
 1.0509050e-003
 1.0234080e-003
 1.0050641e-003
 9.9794078e-004
 1.0035958e-003
 1.0228477e-003
 1.0555732e-003
 1.1005328e-003
 1.1553855e-003
 1.2168264e-003
 1.2809657e-003
 1.3438618e-003
 1.4020094e-003
 1.4528488e-003
 1.4949644e-003
 1.5280946e-003
 1.5528753e-003
 1.5703837e-003
 1.5816964e-003
 1.5875070e-003
 1.5879687e-003
 1.5827648e-003
 1.5713817e-003
 1.5534945e-003
 1.5293264e-003
 1.4999087e-003
 1.4671003e-003
 1.4334333e-003
 1.4017428e-003
 1.3746958e-003
 1.3543619e-003
 1.3418432e-003
 1.3371385e-003
 1.3392083e-003
 1.3462753e-003
 1.3562760e-003
 1.3673772e-003
 1.3784148e-003
 1.3891640e-003
 1.4003598e-003
 1.4134403e-003
 1.4301048e-003
 1.4517590e-003
 1.4790228e-003
 1.5114305e-003
 1.5473557e-003
 1.5842631e-003
 1.6191123e-003
 1.6489023e-003
 1.6711816e-003
 1.6843912e-003
 1.6880471e-003
 1.6827083e-003
 1.6697965e-003
 1.6513318e-003
 1.6296705e-003
 1.6072666e-003
 1.5864776e-003
 1.5694377e-003
 1.5579133e-003
 1.5531948e-003
 1.5559689e-003
 1.5662296e-003
 1.5832410e-003
 1.6056033e-003
 1.6313986e-003
 1.6584442e-003
 1.6846012e-003
 1.7080400e-003
 1.7274818e-003
 1.7422773e-003
 1.7523817e-003
 1.7582081e-003
 1.7604001e-003
 1.7595976e-003
 1.7562323e-003
 1.7503862e-003
 1.7417243e-003
 1.7295292e-003
 1.7128369e-003
 1.6905934e-003
 1.6618368e-003
 1.6258296e-003
 1.5822001e-003
 1.5309757e-003
 1.4727174e-003
 1.4087149e-003
 1.3410208e-003
 1.2725253e-003
 1.2068287e-003
 1.1479536e-003
 1.1000022e-003
 1.0665965e-003
 1.0503633e-003
 1.0523562e-003
 1.0717700e-003
 1.1061130e-003
 1.1515869e-003
 1.2035690e-003
 1.2571774e-003
 1.3077919e-003
 1.3513824e-003
 1.3848586e-003
 1.4063239e-003
 1.4151629e-003
 1.4120353e-003
 1.3986998e-003
 1.3777346e-003
 1.3521402e-003
 1.3249256e-003
 1.2986599e-003
 1.2751430e-003
 1.2551682e-003
 1.2384851e-003
 1.2240020e-003
 1.2100735e-003
 1.1948639e-003
 1.1766768e-003
 1.1541946e-003
 1.1266578e-003
 1.0939880e-003
 1.0568545e-003
 1.0166063e-003
 9.7510073e-004
 9.3450944e-004
 8.9704682e-004
 8.6473010e-004
 8.3924341e-004
 8.2181505e-004
 8.1321300e-004
 8.1375072e-004
 8.2331523e-004
 8.4146886e-004
 8.6755201e-004
 9.0073334e-004
 9.4005908e-004
 9.8449981e-004
 1.0329316e-003
 1.0841778e-003
 1.1369331e-003
 1.1897478e-003
 1.2410185e-003
 1.2889263e-003
 1.3314909e-003
 1.3665814e-003
 1.3920595e-003
 1.4059682e-003
 1.4067572e-003
 1.3935822e-003
 1.3665746e-003
 1.3270742e-003
 1.2777003e-003
 1.2222985e-003
 1.1656496e-003
 1.1129619e-003
 1.0692813e-003
 1.0387463e-003
 1.0239849e-003
 1.0256278e-003
 1.0421380e-003
 1.0699671e-003
 1.1040703e-003
 1.1386514e-003
 1.1680785e-003
 1.1877856e-003
 1.1949639e-003
 1.1889891e-003
 1.1714494e-003
 1.1458137e-003
 1.1167725e-003
 1.0894331e-003
 1.0684378e-003
 1.0572524e-003
 1.0576538e-003
 1.0695448e-003
 1.0910732e-003
 1.1190076e-003
 1.1493047e-003
 1.1777002e-003
 1.2003112e-003
 1.2140729e-003
 1.2170525e-003
 1.2085774e-003
 1.1892179e-003
 1.1606463e-003
 1.1254381e-003
 1.0868091e-003
 1.0483072e-003
 1.0135352e-003
 9.8579610e-004
 9.6780411e-004
 9.6137682e-004
 9.6720771e-004
 9.8474219e-004
 1.0121943e-003
 1.0467062e-003
 1.0846754e-003
 1.1222186e-003
 1.1556497e-003
 1.1819823e-003
 1.1993254e-003
 1.2070888e-003
 1.2060172e-003
 1.1979995e-003
 1.1857318e-003
 1.1722726e-003
 1.1605984e-003
 1.1531992e-003
 1.1518170e-003
 1.1573044e-003
 1.1696419e-003
 1.1880755e-003
 1.2113606e-003
 1.2380140e-003
 1.2665659e-003
 1.2957562e-003
 1.3246101e-003
 1.3524577e-003
 1.3788322e-003
 1.4033713e-003
 1.4257148e-003
 1.4453945e-003
 1.4617873e-003
 1.4740872e-003
 1.4813531e-003
 1.4825956e-003
 1.4769048e-003
 1.4636162e-003
 1.4424679e-003
 1.4137570e-003
 1.3783906e-003
 1.3379047e-003
 1.2943768e-003
 1.2502590e-003
 1.2082241e-003
 1.1709232e-003
 1.1408165e-003
 1.1199812e-003
 1.1100252e-003
 1.1120487e-003
 1.1265972e-003
 1.1536297e-003
 1.1924857e-003
 1.2418943e-003
 1.2999722e-003
 1.3643157e-003
 1.4320392e-003
 1.4999646e-003
 1.5648769e-003
 1.6237380e-003
 1.6739807e-003
 1.7137573e-003
 1.7420680e-003
 1.7588651e-003
 1.7649719e-003
 1.7619508e-003
 1.7518770e-003
 1.7370876e-003
 1.7199187e-003
 1.7024969e-003
 1.6865738e-003
 1.6734292e-003
 1.6638599e-003
 1.6582026e-003
 1.6564160e-003
 1.6581685e-003
 1.6629366e-003
 1.6700856e-003
 1.6789379e-003
 1.6888146e-003
 1.6990636e-003
 1.7090795e-003
 1.7183033e-003
 1.7262291e-003
 1.7324098e-003
 1.7364547e-003
 1.7380423e-003
 1.7369270e-003
 1.7329585e-003
 1.7261021e-003
 1.7164731e-003
 1.7043651e-003
 1.6902913e-003
 1.6750074e-003
 1.6595096e-003
 1.6450230e-003
 1.6329254e-003
 1.6246592e-003
 1.6215912e-003
 1.6248606e-003
 1.6352260e-003
 1.6529401e-003
 1.6776581e-003
 1.7084169e-003
 1.7436979e-003
 1.7815148e-003
 1.8196100e-003
 1.8556148e-003
 1.8872573e-003
 1.9125417e-003
 1.9298539e-003
 1.9380572e-003
 1.9365221e-003
 1.9251156e-003
 1.9041685e-003
 1.8744413e-003
 1.8370816e-003
 1.7935660e-003
 1.7456864e-003
 1.6954519e-003
 1.6450475e-003
 1.5967108e-003
 1.5525841e-003
 1.5146085e-003
 1.4843376e-003
 1.4628478e-003
 1.4506384e-003
 1.4476045e-003
 1.4530767e-003
 1.4659073e-003
 1.4845992e-003
 1.5074573e-003
 1.5327535e-003
 1.5588439e-003
 1.5842810e-003
 1.6078915e-003
 1.6287878e-003
 1.6463953e-003
 1.6604234e-003
 1.6708578e-003
 1.6779430e-003
 1.6821553e-003
 1.6841833e-003
 1.6848942e-003
 1.6852902e-003
 1.6864371e-003
 1.6893713e-003
 1.6949954e-003
 1.7039656e-003
 1.7165948e-003
 1.7327846e-003
 1.7520059e-003
 1.7733804e-003
 1.7957530e-003
 1.8178003e-003
 1.8381432e-003
 1.8554223e-003
 1.8683893e-003
 1.8759113e-003
 1.8769855e-003
 1.8707929e-003
 1.8567286e-003
 1.8344255e-003
 1.8037605e-003
 1.7648948e-003
 1.7182722e-003
 1.6646964e-003
 1.6053503e-003
 1.5417670e-003
 1.4758571e-003
 1.4060535e-003
 1.3393704e-003
 1.2774863e-003
 1.2227260e-003
 1.1769889e-003
 1.1413873e-003
 1.1161001e-003
 1.1004482e-003
 1.0931449e-003
 1.0925888e-003
 1.0970653e-003
 1.1048837e-003
 1.1144915e-003
 1.1246208e-003
 1.1344368e-003
 1.1436541e-003
 1.1525699e-003
 1.1619973e-003
 1.1731420e-003
 1.1874419e-003
 1.2064322e-003
 1.2316318e-003
 1.2643731e-003
 1.3056076e-003
 1.3556009e-003
 1.4136776e-003
 1.4781374e-003
 1.5463117e-003
 1.6148750e-003
 1.6800787e-003
 1.7380223e-003
 1.7848889e-003
 1.8171637e-003
 1.8320554e-003
 1.8279356e-003
 1.8047682e-003
 1.7642553e-003
 1.7096881e-003
 1.6455292e-003
 1.5769104e-003
 1.5092938e-003
 1.4481046e-003
 1.3984754e-003
 1.3648052e-003
 1.3502523e-003
 1.3563129e-003
 1.3826266e-003
 1.4271569e-003
 1.4866249e-003
 1.5570383e-003
 1.6340350e-003
 1.7132181e-003
 1.7903058e-003
 1.8613935e-003
 1.9232439e-003
 1.9734623e-003
 2.0106470e-003
 2.0342504e-003
 2.0443769e-003
 2.0415231e-003
 2.0263803e-003
 1.9997305e-003
 1.9624331e-003
 1.9154535e-003
 1.8599008e-003
 1.7971158e-003
 1.7286809e-003
 1.6563685e-003
 1.5821417e-003
 1.5080224e-003
 1.4360930e-003
 1.3684155e-003
 1.3069381e-003
 1.2534474e-003
 1.2093810e-003
 1.1757595e-003
 1.1531140e-003
 1.1415310e-003
 1.1407821e-003
 1.1504377e-003
 1.1699592e-003
 1.1987190e-003
 1.2359743e-003
 1.2807311e-003
 1.3316290e-003
 1.3867692e-003
 1.4436721e-003
 1.4993565e-003
 1.5504383e-003
 1.5933185e-003
 1.6243509e-003
 1.6399876e-003
 1.6370779e-003
 1.6132791e-003
 1.5676166e-003
 1.5009417e-003
 1.4161711e-003
 1.3180282e-003
 1.2126216e-003
 1.1068633e-003
 1.0079599e-003
 9.2311227e-004
 8.5899822e-004
 8.2125678e-004
 8.1371615e-004
 8.3776057e-004
 8.9206651e-004
 9.7288575e-004
 1.0746523e-003
 1.1907180e-003
 1.3139915e-003
 1.4372533e-003
 1.5536242e-003
 1.6568796e-003
 1.7419908e-003
 1.8055770e-003
 1.8460157e-003
 1.8633133e-003
 1.8586743e-003
 1.8340207e-003
 1.7916269e-003
 1.7339380e-003
 1.6635045e-003
 1.5829692e-003
 1.4951900e-003
 1.4032255e-003
 1.3104309e-003
 1.2204007e-003
 1.1368701e-003
 1.0637075e-003
 1.0047413e-003
 9.6367643e-004
 9.4379007e-004
 9.4748643e-004
 9.7573164e-004
 1.0275437e-003
 1.0997670e-003
 1.1872819e-003
 1.2835620e-003
 1.3812024e-003
 1.4724487e-003
 1.5496450e-003
 1.6056306e-003
 1.6344624e-003
 1.6321692e-003
 1.5975018e-003
 1.5321934e-003
 1.4407074e-003
 1.3294636e-003
 1.2060996e-003
 1.0787899e-003
 9.5571874e-004
 8.4475329e-004
 7.5280480e-004
 6.8529882e-004
 6.4557523e-004
 6.3466420e-004
 6.5153267e-004
 6.9361844e-004
 7.5743464e-004
 8.3903794e-004
 9.3435432e-004
 1.0392722e-003
 1.1497610e-003
 1.2619946e-003
 1.3723220e-003
 1.4773977e-003
 1.5740654e-003
 1.6593430e-003
 1.7303925e-003
 1.7844359e-003
 1.8188906e-003
 1.8315205e-003
 1.8208385e-003
 1.7865769e-003
 1.7301377e-003
 1.6547383e-003
 1.5652748e-003
 1.4678692e-003
 1.3693247e-003
 1.2767800e-003
 1.1972523e-003
 1.1372874e-003
 1.1023056e-003
 1.0958451e-003
 1.1189139e-003
 1.1697123e-003
 1.2438946e-003
 1.3352347e-003
 1.4364311e-003
 1.5396642e-003
 1.6371054e-003
 1.7214210e-003
 1.7862992e-003
 1.8272580e-003
 1.8422301e-003
 1.8318610e-003
 1.7992307e-003
 1.7492257e-003
 1.6877824e-003
 1.6213401e-003
 1.5563484e-003
 1.4989659e-003
 1.4544785e-003
 1.4267856e-003
 1.4179046e-003
 1.4277269e-003
 1.4542524e-003
 1.4940922e-003
 1.5429921e-003
 1.5963454e-003
 1.6494878e-003
 1.6979218e-003
 1.7377052e-003
 1.7657652e-003
 1.7802033e-003
 1.7804635e-003
 1.7671753e-003
 1.7418404e-003
 1.7065083e-003
 1.6634637e-003
 1.6150631e-003
 1.5636695e-003
 1.5114938e-003
 1.4605364e-003
 1.4125481e-003
 1.3689250e-003
 1.3307807e-003
 1.2990433e-003
 1.2744825e-003
 1.2578028e-003
 1.2496453e-003
 1.2505535e-003
 1.2608708e-003
 1.2806314e-003
 1.3094231e-003
 1.3463703e-003
 1.3901737e-003
 1.4391850e-003
 1.4915993e-003
 1.5455210e-003
 1.5990692e-003
 1.6504121e-003
 1.6979567e-003
 1.7404440e-003
 1.7770428e-003
 1.8074596e-003
 1.8318532e-003
 1.8507034e-003
 1.8647101e-003
 1.8746643e-003
 1.8813770e-003
 1.8856461e-003
 1.8882026e-003
 1.8896656e-003
 1.8905007e-003
 1.8910051e-003
 1.8913231e-003
 1.8914858e-003
 1.8914572e-003
 1.8911693e-003
 1.8905457e-003
 1.8895171e-003
 1.8880368e-003
 1.8860972e-003
 1.8837455e-003
 1.8810870e-003
 1.8782801e-003
 1.8755251e-003
 1.8730430e-003
 1.8710643e-003
 1.8698170e-003
 1.8695085e-003
 1.8703048e-003
 1.8723020e-003
 1.8754997e-003
 1.8797928e-003
 1.8849822e-003
 1.8907946e-003
 1.8969190e-003
 1.9030268e-003
 1.9087861e-003
 1.9138904e-003
 1.9180796e-003
 1.9211702e-003
 1.9230895e-003
 1.9238835e-003
 1.9237052e-003
 1.9227881e-003
 1.9214121e-003
 1.9198775e-003
 1.9184860e-003
 1.9175187e-003
 1.9172122e-003
 1.9177266e-003
 1.9191187e-003
 1.9213303e-003
 1.9242013e-003
 1.9274923e-003
 1.9309213e-003
 1.9341864e-003
 1.9369830e-003
 1.9390266e-003
 1.9400745e-003
 1.9399541e-003
 1.9385907e-003
 1.9360150e-003
 1.9323564e-003
 1.9278141e-003
 1.9226297e-003
 1.9170638e-003
 1.9113855e-003
 1.9058530e-003
 1.9007063e-003
 1.8961569e-003
 1.8923691e-003
 1.8894596e-003
 1.8875032e-003
 1.8865408e-003
 1.8865936e-003
 1.8876716e-003
 1.8897731e-003
 1.8928774e-003
 1.8969285e-003
 1.9018066e-003
 1.9073124e-003
 1.9131568e-003
 1.9189640e-003
 1.9243024e-003
 1.9287061e-003
 1.9316956e-003
 1.9328127e-003
 1.9316564e-003
 1.9279486e-003
 1.9216210e-003
 1.9128837e-003
 1.9022551e-003
 1.8905422e-003
 1.8787499e-003
 1.8680033e-003
 1.8594774e-003
 1.8543076e-003
 1.8534993e-003
 1.8577751e-003
 1.8673778e-003
 1.8819068e-003
 1.9002513e-003
 1.9206412e-003
 1.9408450e-003
 1.9583527e-003
 1.9705326e-003
 1.9748062e-003
 1.9688115e-003
 1.9506782e-003
 1.9193493e-003
 1.8748755e-003
 1.8185185e-003
 1.7526899e-003
 1.6805768e-003
 1.6058437e-003
 1.5324177e-003
 1.4641717e-003
 1.4047696e-003
 1.3574273e-003
 1.3244887e-003
 1.3071893e-003
 1.3055229e-003
 1.3183585e-003
 1.3437350e-003
 1.3792083e-003
 1.4220781e-003
 1.4696203e-003
 1.5192063e-003
 1.5684146e-003
 1.6152740e-003
 1.6583760e-003
 1.6969069e-003
 1.7306500e-003
 1.7597944e-003
 1.7847843e-003
 1.8061660e-003
 1.8245426e-003
 1.8405026e-003
 1.8545709e-003
 1.8671906e-003
 1.8786760e-003
 1.8891921e-003
 1.8987847e-003
 1.9074022e-003
 1.9149393e-003
 1.9212590e-003
 1.9262261e-003
 1.9297168e-003
 1.9316380e-003
 1.9319557e-003
 1.9307111e-003
 1.9280312e-003
 1.9241191e-003
 1.9192338e-003
 1.9136673e-003
 1.9077295e-003
 1.9017272e-003
 1.8959532e-003
 1.8906732e-003
 1.8860947e-003
 1.8823534e-003
 1.8795077e-003
 1.8775398e-003
 1.8763799e-003
 1.8759265e-003
 1.8760622e-003
 1.8766662e-003
 1.8776217e-003
 1.8788232e-003
 1.8801854e-003
 1.8816517e-003
 1.8831942e-003
 1.8848139e-003
 1.8865324e-003
 1.8883819e-003
 1.8904009e-003
 1.8926280e-003
 1.8950974e-003
 1.8978299e-003
 1.9008291e-003
 1.9040727e-003
 1.9075070e-003
 1.9110542e-003
 1.9146182e-003
 1.9180882e-003
 1.9213519e-003
 1.9242981e-003
 1.9268218e-003
 1.9288377e-003
 1.9302906e-003
 1.9311664e-003
 1.9314957e-003
 1.9313511e-003
 1.9308350e-003
 1.9300681e-003
 1.9291791e-003
 1.9282971e-003
 1.9275469e-003
 1.9270394e-003
 1.9268631e-003
 1.9270766e-003
 1.9277047e-003
 1.9287420e-003
 1.9301611e-003
 1.9319199e-003
 1.9339700e-003
 1.9362587e-003
 1.9387256e-003
 1.9413015e-003
 1.9439004e-003
 1.9464112e-003
 1.9486995e-003
 1.9506068e-003
 1.9519589e-003
 1.9525711e-003
 1.9522606e-003
 1.9508582e-003
 1.9482353e-003
 1.9443464e-003
 1.9392824e-003
 1.9333260e-003
 1.9269637e-003
 1.9208704e-003
 1.9158582e-003
 1.9128255e-003
 1.9127047e-003
 1.9164394e-003
 1.9249554e-003
 1.9391408e-003
 1.9598207e-003
 1.9877125e-003
 2.0234445e-003
 2.0675596e-003
 2.1204988e-003
 2.1826867e-003
 2.2544982e-003
 2.3362590e-003
 2.4280765e-003
 2.5297983e-003
 2.6407575e-003
 2.7594941e-003
 2.8838383e-003
 3.0109137e-003
 3.1372288e-003
 3.2590770e-003
 3.3726010e-003
 3.4740071e-003
 3.5596681e-003
 3.6265554e-003
 3.6724992e-003
 3.6964889e-003
 3.6988663e-003
 3.6811428e-003
 3.6457216e-003
 3.5955179e-003
 3.5336739e-003
 3.4634226e-003
 3.3878407e-003
 3.3097304e-003
 3.2313834e-003
 3.1544771e-003
 3.0798910e-003
 3.0078350e-003
 2.9380776e-003
 2.8700402e-003
 2.8030097e-003
 2.7362918e-003
 2.6692017e-003
 2.6012205e-003
 2.5320675e-003
 2.4618593e-003
 2.3910487e-003
 2.3204363e-003
 2.2511296e-003
 2.1843354e-003
 2.1213253e-003
 2.0634069e-003
 2.0117527e-003
 1.9673496e-003
 1.9308408e-003
 1.9024388e-003
 1.8818234e-003
 1.8682253e-003
 1.8605470e-003
 1.8574803e-003
 1.8576311e-003
 1.8595947e-003
 1.8620277e-003
 1.8637363e-003
 1.8637780e-003
 1.8615560e-003
 1.8568535e-003
 1.8497953e-003
 1.8407644e-003
 1.8302891e-003
 1.8189680e-003
 1.8074273e-003
 1.7962712e-003
 1.7860582e-003
 1.7772743e-003
 1.7702898e-003
 1.7653583e-003
 1.7626249e-003
 1.7621557e-003
 1.7639638e-003
 1.7680359e-003
 1.7743299e-003
 1.7827633e-003
 1.7931723e-003
 1.8052461e-003
 1.8184916e-003
 1.8322092e-003
 1.8455117e-003
 1.8574005e-003
 1.8668099e-003
 1.8726648e-003
 1.8739307e-003
 1.8696998e-003
 1.8592913e-003
 1.8423971e-003
 1.8191840e-003
 1.7903493e-003
 1.7571130e-003
 1.7210634e-003
 1.6840348e-003
 1.6479599e-003
 1.6148123e-003
 1.5865064e-003
 1.5649025e-003
 1.5518013e-003
 1.5486768e-003
 1.5557300e-003
 1.5740576e-003
 1.5987343e-003
 1.6273932e-003
 1.6576649e-003
 1.6871857e-003
 1.7135718e-003
 1.7344601e-003
 1.7474806e-003
 1.7502636e-003
 1.7406887e-003
 1.7190141e-003
 1.6867850e-003
 1.6455608e-003
 1.5968881e-003
 1.5423496e-003
 1.4834937e-003
 1.4218794e-003
 1.3590512e-003
 1.2965983e-003
 1.2360651e-003
 1.1790106e-003
 1.1269824e-003
 1.0815647e-003
 1.0441587e-003
 1.0148515e-003
 9.9301944e-004
 9.7802863e-004
 9.6925552e-004
 9.6606521e-004
 9.6782646e-004
 9.7391102e-004
 9.8368479e-004
 9.9651795e-004
 1.0117798e-003
 1.0288439e-003
 1.0470713e-003
 1.0658350e-003
 1.0845043e-003
 1.1024486e-003
 1.1190405e-003
 1.1336416e-003
 1.1456810e-003
 1.1550779e-003
 1.1620127e-003
 1.1666631e-003
 1.1692124e-003
 1.1698413e-003
 1.1687308e-003
 1.1660624e-003
 1.1620170e-003
 1.1567759e-003
 1.1505202e-003
 1.1434292e-003
 1.1356871e-003
 1.1274739e-003
 1.1189702e-003
 1.1103555e-003
 1.1018147e-003
 1.0935270e-003
 1.0856733e-003
 1.0784335e-003
 1.0719916e-003
 1.0665274e-003
 1.0622048e-003
 1.0590428e-003
 1.0569884e-003
 1.0559858e-003
 1.0559799e-003
 1.0569160e-003
 1.0587391e-003
 1.0613940e-003
 1.0648255e-003
 1.0689788e-003
 1.0738001e-003
 1.0792323e-003
 1.0852214e-003
 1.0917119e-003
 1.0986513e-003
 1.1059808e-003
 1.1136472e-003
 1.1215955e-003
 1.1297708e-003
 1.1381197e-003
 1.1465836e-003
 1.1551095e-003
 1.1636423e-003
 1.1721287e-003
 1.1805103e-003
 1.1887337e-003
 1.1967468e-003
 1.2045223e-003
 1.2120389e-003
 1.2192810e-003
 1.2262308e-003
 1.2328707e-003
 1.2391848e-003
 1.2451521e-003
 1.2507569e-003
 1.2559815e-003
 1.2608095e-003
 1.2652208e-003
 1.2691992e-003
 1.2727269e-003
 1.2757872e-003
 1.2783608e-003
 1.2804313e-003
 1.2819807e-003
 1.2829916e-003
 1.2834462e-003
 1.2833269e-003
 1.2826163e-003
 1.2812968e-003
 1.2793504e-003
 1.2767601e-003
 1.2735081e-003
 1.2695767e-003
 1.2649474e-003
 1.2596044e-003
 1.2535293e-003
 1.2467124e-003
 1.2392021e-003
 1.2310818e-003
 1.2224293e-003
