s07_ASD Record=4827:  error bars to preceding                
 1.7083009e-003
 1.7034098e-003
 1.6986098e-003
 1.6938810e-003
 1.6888138e-003
 1.6824496e-003
 1.6733010e-003
 1.6596939e-003
 1.6404081e-003
 1.6153426e-003
 1.5856925e-003
 1.5536041e-003
 1.5215215e-003
 1.4915199e-003
 1.4644857e-003
 1.4396647e-003
 1.4154894e-003
 1.3913411e-003
 1.3689757e-003
 1.3526878e-003
 1.3478450e-003
 1.3582148e-003
 1.3836479e-003
 1.4197244e-003
 1.4593614e-003
 1.4953470e-003
 1.5234647e-003
 1.5444736e-003
 1.5625240e-003
 1.5815150e-003
 1.6028625e-003
 1.6255485e-003
 1.6473589e-003
 1.6657443e-003
 1.6785449e-003
 1.6848530e-003
 1.6846985e-003
 1.6781247e-003
 1.6646751e-003
 1.6435683e-003
 1.6145366e-003
 1.5789189e-003
 1.5403499e-003
 1.5044759e-003
 1.4776392e-003
 1.4649315e-003
 1.4683345e-003
 1.4855787e-003
 1.5102206e-003
 1.5331653e-003
 1.5453716e-003
 1.5407901e-003
 1.5182496e-003
 1.4812816e-003
 1.4359398e-003
 1.3883872e-003
 1.3438097e-003
 1.3064581e-003
 1.2804146e-003
 1.2724069e-003
 1.2872765e-003
 1.3187341e-003
 1.3624192e-003
 1.4158337e-003
 1.4741236e-003
 1.5283504e-003
 1.5685179e-003
 1.5864638e-003
 1.5777594e-003
 1.5454226e-003
 1.5012956e-003
 1.4620352e-003
 1.4415426e-003
 1.4452061e-003
 1.4685680e-003
 1.5004018e-003
 1.5285582e-003
 1.5453980e-003
 1.5501017e-003
 1.5473954e-003
 1.5442128e-003
 1.5463775e-003
 1.5566956e-003
 1.5747162e-003
 1.5976110e-003
 1.6214058e-003
 1.6420032e-003
 1.6557637e-003
 1.6596810e-003
 1.6514452e-003
 1.6297990e-003
 1.5954834e-003
 1.5525806e-003
 1.5093029e-003
 1.4770874e-003
 1.4674478e-003
 1.4870706e-003
 1.5337055e-003
 1.5963580e-003
 1.6604759e-003
 1.7142498e-003
 1.7521363e-003
 1.7742367e-003
 1.7833713e-003
 1.7822667e-003
 1.7718431e-003
 1.7508378e-003
 1.7166041e-003
 1.6670193e-003
 1.6034272e-003
 1.5331350e-003
 1.4688633e-003
 1.4238744e-003
 1.4054850e-003
 1.4121159e-003
 1.4366077e-003
 1.4725274e-003
 1.5172565e-003
 1.5694067e-003
 1.6246891e-003
 1.6756494e-003
 1.7153953e-003
 1.7404797e-003
 1.7499760e-003
 1.7430406e-003
 1.7186761e-003
 1.6779740e-003
 1.6261797e-003
 1.5727546e-003
 1.5297709e-003
 1.5090909e-003
 1.5181008e-003
 1.5552848e-003
 1.6092267e-003
 1.6632017e-003
 1.7023507e-003
 1.7180444e-003
 1.7082625e-003
 1.6772973e-003
 1.6364484e-003
 1.6025204e-003
 1.5911587e-003
 1.6079487e-003
 1.6443119e-003
 1.6817719e-003
 1.7010181e-003
 1.6894980e-003
 1.6449530e-003
 1.5759822e-003
 1.4999524e-003
 1.4372832e-003
 1.4035511e-003
 1.4040018e-003
 1.4333201e-003
 1.4789903e-003
 1.5251244e-003
 1.5560881e-003
 1.5610703e-003
 1.5385171e-003
 1.4968449e-003
 1.4505391e-003
 1.4158528e-003
 1.4088299e-003
 1.4414694e-003
 1.5129689e-003
 1.6038178e-003
 1.6826272e-003
 1.7215803e-003
 1.7071238e-003
 1.6422588e-003
 1.5468884e-003
 1.4561353e-003
 1.4085323e-003
 1.4254196e-003
 1.4976208e-003
 1.5923158e-003
 1.6748954e-003
 1.7277389e-003
 1.7531469e-003
 1.7632925e-003
 1.7694331e-003
 1.7775160e-003
 1.7878672e-003
 1.7950098e-003
 1.7891056e-003
 1.7629383e-003
 1.7217356e-003
 1.6848816e-003
 1.6733191e-003
 1.6928618e-003
 1.7301547e-003
 1.7639969e-003
 1.7797409e-003
 1.7757714e-003
 1.7594119e-003
 1.7343112e-003
 1.6900268e-003
 1.6124293e-003
 1.5136690e-003
 1.4431869e-003
 1.4505571e-003
 1.5359679e-003
 1.6494180e-003
 1.7361946e-003
 1.7707272e-003
 1.7525365e-003
 1.6922482e-003
 1.6117722e-003
 1.5470776e-003
 1.5341352e-003
 1.5829705e-003
 1.6664149e-003
 1.7391321e-003
 1.7680307e-003
 1.7434610e-003
 1.6702816e-003
 1.5627863e-003
 1.4516595e-003
 1.3836189e-003
 1.3967153e-003
 1.4859620e-003
 1.5997136e-003
 1.6827066e-003
 1.7204341e-003
 1.7320309e-003
 1.7324674e-003
 1.7241732e-003
 1.7175010e-003
 1.7311471e-003
 1.7685086e-003
 1.8115465e-003
 1.8413782e-003
 1.8536964e-003
 1.8539190e-003
 1.8479732e-003
 1.8405892e-003
 1.8358506e-003
 1.8346311e-003
 1.8326163e-003
 1.8241396e-003
 1.8086914e-003
 1.7887313e-003
 1.7567633e-003
 1.6928604e-003
 1.5888902e-003
 1.4722918e-003
 1.3904895e-003
 1.3713024e-003
 1.4075178e-003
 1.4757894e-003
 1.5580509e-003
 1.6422080e-003
 1.7130820e-003
 1.7495394e-003
 1.7319125e-003
 1.6575966e-003
 1.5586287e-003
 1.4987844e-003
 1.5224488e-003
 1.5983295e-003
 1.6468900e-003
 1.6304897e-003
 1.5874736e-003
 1.5761629e-003
 1.6067257e-003
 1.6366361e-003
 1.6335896e-003
 1.6240354e-003
 1.6508219e-003
 1.7045061e-003
 1.7380140e-003
 1.7291963e-003
 1.6988833e-003
 1.6847360e-003
 1.7069317e-003
 1.7500333e-003
 1.7839491e-003
 1.7950756e-003
 1.7778181e-003
 1.7159188e-003
 1.6070214e-003
 1.4996249e-003
 1.4651811e-003
 1.5096884e-003
 1.5570737e-003
 1.5473298e-003
 1.5047550e-003
 1.4958633e-003
 1.5510297e-003
 1.6405764e-003
 1.7097770e-003
 1.7273846e-003
 1.7047469e-003
 1.6770667e-003
 1.6740172e-003
 1.7035411e-003
 1.7506331e-003
 1.7880016e-003
 1.7975956e-003
 1.7881725e-003
 1.7838135e-003
 1.7910586e-003
 1.7897709e-003
 1.7586844e-003
 1.6925951e-003
 1.5958598e-003
 1.4883359e-003
 1.4217016e-003
 1.4474445e-003
 1.5475333e-003
 1.6338353e-003
 1.6373621e-003
 1.5666945e-003
 1.4740146e-003
 1.4084348e-003
 1.4082235e-003
 1.4882489e-003
 1.6135606e-003
 1.7081087e-003
 1.7145782e-003
 1.6502035e-003
 1.5813684e-003
 1.5577298e-003
 1.5879234e-003
 1.6557270e-003
 1.7369459e-003
 1.8080751e-003
 1.8531865e-003
 1.8685225e-003
 1.8607770e-003
 1.8413155e-003
 1.8215101e-003
 1.8100162e-003
 1.8102927e-003
 1.8193010e-003
 1.8300615e-003
 1.8371516e-003
 1.8402289e-003
 1.8417833e-003
 1.8408168e-003
 1.8290831e-003
 1.7956931e-003
 1.7381608e-003
 1.6696960e-003
 1.6139772e-003
 1.5906257e-003
 1.6043277e-003
 1.6460286e-003
 1.7009632e-003
 1.7546985e-003
 1.7954388e-003
 1.8157596e-003
 1.8167176e-003
 1.8151912e-003
 1.8259693e-003
 1.8116403e-003
 1.7020893e-003
 1.5128239e-003
 1.3928509e-003
 1.4516744e-003
 1.6169153e-003
 1.7496003e-003
 1.8076262e-003
 1.8279790e-003
 1.8393002e-003
 1.8513221e-003
 1.8631271e-003
 1.8246699e-003
 1.6523940e-003
 1.3666932e-003
 1.1428649e-003
 1.1157217e-003
 1.2170175e-003
 1.3040457e-003
 1.3423186e-003
 1.3807028e-003
 1.4399197e-003
 1.4881704e-003
 1.4852353e-003
 1.4262423e-003
 1.3462025e-003
 1.2803972e-003
 1.2435724e-003
 1.2646746e-003
 1.3832310e-003
 1.5530846e-003
 1.6282530e-003
 1.5472205e-003
 1.4454231e-003
 1.4736422e-003
 1.6064635e-003
 1.7226364e-003
 1.7688655e-003
 1.7697001e-003
 1.7592983e-003
 1.7592856e-003
 1.7817954e-003
 1.8215827e-003
 1.8538466e-003
 1.8441324e-003
 1.7988618e-003
 1.7779561e-003
 1.8112144e-003
 1.8646633e-003
 1.8976589e-003
 1.8998651e-003
 1.8866993e-003
 1.8734169e-003
 1.8483317e-003
 1.7738524e-003
 1.6245195e-003
 1.4342780e-003
 1.2920204e-003
 1.2718741e-003
 1.3524306e-003
 1.4212020e-003
 1.3779359e-003
 1.2446069e-003
 1.1590113e-003
 1.2432053e-003
 1.4685302e-003
 1.6581165e-003
 1.6455003e-003
 1.4508098e-003
 1.2603808e-003
 1.2470781e-003
 1.4519956e-003
 1.7676771e-003
 2.0066542e-003
 2.0499225e-003
 1.9743231e-003
 1.8602357e-003
 1.7879327e-003
 1.7658813e-003
 1.7737249e-003
 1.7910311e-003
 1.7997952e-003
 1.7980051e-003
 1.7900910e-003
 1.7805010e-003
 1.7734857e-003
 1.7719733e-003
 1.7783601e-003
 1.7950438e-003
 1.8234061e-003
 1.8581648e-003
 1.8913298e-003
 1.9149056e-003
 1.9218799e-003
 1.9118284e-003
 1.8815774e-003
 1.8423251e-003
 1.7931733e-003
 1.7362064e-003
 1.6733730e-003
 1.6065867e-003
 1.5377918e-003
 1.4690937e-003
 1.4068036e-003
 1.3614260e-003
 1.3436205e-003
 1.3640604e-003
 1.4325432e-003
 1.5391473e-003
 1.6545635e-003
 1.7486099e-003
 1.7911501e-003
 1.7533945e-003
 1.6370608e-003
 1.4738099e-003
 1.2964951e-003
 1.1380455e-003
 1.0313238e-003
 1.0002815e-003
 1.0342144e-003
 1.1140096e-003
 1.2205305e-003
 1.3346815e-003
 1.4373178e-003
 1.5136284e-003
 1.5652515e-003
 1.5978217e-003
 1.6169527e-003
 1.6282721e-003
 1.6373987e-003
 1.6499552e-003
 1.6703058e-003
 1.6980040e-003
 1.7314701e-003
 1.7691104e-003
 1.8093480e-003
 1.8505873e-003
 1.8912521e-003
 1.9297473e-003
 1.9647561e-003
 1.9959274e-003
 2.0231572e-003
 2.0463273e-003
 2.0653317e-003
 2.0800545e-003
 2.0903861e-003
 2.0962164e-003
 2.0975752e-003
 2.0950309e-003
 2.0892762e-003
 2.0810023e-003
 2.0709035e-003
 2.0596697e-003
 2.0479965e-003
 2.0365727e-003
 2.0259726e-003
 2.0163178e-003
 2.0076318e-003
 1.9999342e-003
 1.9932452e-003
 1.9875879e-003
 1.9829820e-003
 1.9794493e-003
 1.9770104e-003
 1.9756870e-003
 1.9754998e-003
 1.9764698e-003
 1.9785888e-003
 1.9817392e-003
 1.9857804e-003
 1.9905705e-003
 1.9959686e-003
 2.0018334e-003
 2.0080227e-003
 2.0143972e-003
 2.0208133e-003
 2.0271316e-003
 2.0332092e-003
 2.0389063e-003
 2.0440144e-003
 2.0480920e-003
 2.0506443e-003
 2.0511767e-003
 2.0491944e-003
 2.0442032e-003
 2.0357086e-003
 2.0232145e-003
 2.0062292e-003
 1.9842573e-003
 1.9567998e-003
 1.9236546e-003
 1.8856073e-003
 1.8436804e-003
 1.7988775e-003
 1.7522229e-003
 1.7047192e-003
 1.6573910e-003
 1.6112409e-003
 1.5672935e-003
 1.5265520e-003
 1.4899002e-003
 1.4577253e-003
 1.4303112e-003
 1.4079529e-003
 1.3909318e-003
 1.3795400e-003
 1.3740618e-003
 1.3747866e-003
 1.3820019e-003
 1.3959939e-003
 1.4168480e-003
 1.4439435e-003
 1.4765202e-003
 1.5138048e-003
 1.5550399e-003
 1.5994499e-003
 1.6462737e-003
 1.6947510e-003
 1.7441044e-003
 1.7935800e-003
 1.8422342e-003
 1.8885897e-003
 1.9310291e-003
 1.9679558e-003
 1.9977549e-003
 2.0188268e-003
 2.0295598e-003
 2.0283505e-003
 2.0135927e-003
 1.9845956e-003
 1.9437090e-003
 1.8939330e-003
 1.8382455e-003
 1.7796495e-003
 1.7211213e-003
 1.6656641e-003
 1.6162553e-003
 1.5750290e-003
 1.5412419e-003
 1.5135811e-003
 1.4907187e-003
 1.4713390e-003
 1.4541164e-003
 1.4377338e-003
 1.4208683e-003
 1.4029022e-003
 1.3855223e-003
 1.3708753e-003
 1.3611151e-003
 1.3583903e-003
 1.3648518e-003
 1.3826522e-003
 1.4139368e-003
 1.4597897e-003
 1.5178102e-003
 1.5849255e-003
 1.6532608e-003
 1.7283870e-003
 1.8028425e-003
 1.8734930e-003
 1.9373953e-003
 1.9913716e-003
 2.0320311e-003
 2.0558848e-003
 2.0596359e-003
 2.0411448e-003
 2.0012080e-003
 1.9446244e-003
 1.8789954e-003
 1.8129331e-003
 1.7545954e-003
 1.7099218e-003
 1.6806255e-003
 1.6635702e-003
 1.6519966e-003
 1.6375739e-003
 1.6124645e-003
 1.5716978e-003
 1.5155615e-003
 1.4504504e-003
 1.3874663e-003
 1.3397830e-003
 1.3197751e-003
 1.3358681e-003
 1.3897564e-003
 1.4755069e-003
 1.5811711e-003
 1.6917374e-003
 1.7922419e-003
 1.8706076e-003
 1.9197549e-003
 1.9382847e-003
 1.9294816e-003
 1.8994877e-003
 1.8556284e-003
 1.8052880e-003
 1.7778663e-003
 1.7634809e-003
 1.7517580e-003
 1.7442115e-003
 1.7413455e-003
 1.7426295e-003
 1.7466251e-003
 1.7512522e-003
 1.7541597e-003
 1.7532388e-003
 1.7471664e-003
 1.7358615e-003
 1.7206986e-003
 1.7043499e-003
 1.6902166e-003
 1.6817036e-003
 1.6815364e-003
 1.6912405e-003
 1.7109087e-003
 1.7392546e-003
 1.7739589e-003
 1.8120818e-003
 1.8505329e-003
 1.8864061e-003
 1.9172024e-003
 1.9409455e-003
 1.9562554e-003
 1.9623772e-003
 1.9591078e-003
 1.9467628e-003
 1.9260845e-003
 1.8982044e-003
 1.8646433e-003
 1.8273479e-003
 1.7886490e-003
 1.7511412e-003
 1.7175113e-003
 1.6902274e-003
 1.6712643e-003
 1.6618219e-003
 1.6621588e-003
 1.6715727e-003
 1.6885044e-003
 1.7107828e-003
 1.7359185e-003
 1.7614511e-003
 1.7852165e-003
 1.8055552e-003
 1.8214004e-003
 1.8322221e-003
 1.8379047e-003
 1.8385499e-003
 1.8343052e-003
 1.8252475e-003
 1.8113744e-003
 1.7926868e-003
 1.7693616e-003
 1.7419249e-003
 1.7113582e-003
 1.6791272e-003
 1.6470228e-003
 1.6169366e-003
 1.5905398e-003
 1.5689847e-003
 1.5527315e-003
 1.5414918e-003
 1.5343361e-003
 1.5299285e-003
 1.5267987e-003
 1.5236017e-003
 1.5192955e-003
 1.5132145e-003
 1.5050594e-003
 1.4948252e-003
 1.4827371e-003
 1.4692072e-003
 1.4548287e-003
 1.4404082e-003
 1.4269609e-003
 1.4156789e-003
 1.4078087e-003
 1.4044661e-003
 1.4064215e-003
 1.4138974e-003
 1.4264366e-003
 1.4428817e-003
 1.4614840e-003
 1.4800967e-003
 1.4964473e-003
 1.5084220e-003
 1.5142995e-003
 1.5129475e-003
 1.5039321e-003
 1.4875788e-003
 1.4649655e-003
 1.4378949e-003
 1.4087824e-003
 1.3805242e-003
 1.3562561e-003
 1.3390371e-003
 1.3315023e-003
 1.3354707e-003
 1.3516333e-003
 1.3793510e-003
 1.4166621e-003
 1.4604566e-003
 1.5068953e-003
 1.5518836e-003
 1.5916292e-003
 1.6231313e-003
 1.6444824e-003
 1.6550408e-003
 1.6553650e-003
 1.6470227e-003
 1.6322782e-003
 1.6137569e-003
 1.5941175e-003
 1.5757710e-003
 1.5606950e-003
 1.5502902e-003
 1.5453326e-003
 1.5459637e-003
 1.5517368e-003
 1.5617036e-003
 1.5745407e-003
 1.5886970e-003
 1.6025673e-003
 1.6146753e-003
 1.6238244e-003
 1.6292342e-003
 1.6306045e-003
 1.6281236e-003
 1.6223955e-003
 1.6143061e-003
 1.6048352e-003
 1.5948613e-003
 1.5849815e-003
 1.5753884e-003
 1.5658481e-003
 1.5557697e-003
 1.5443640e-003
 1.5308721e-003
 1.5147758e-003
 1.4959782e-003
 1.4748716e-003
 1.4522803e-003
 1.4293229e-003
 1.4071687e-003
 1.3868271e-003
 1.3689639e-003
 1.3538226e-003
 1.3412867e-003
 1.3310196e-003
 1.3226975e-003
 1.3162347e-003
 1.3119633e-003
 1.3107221e-003
 1.3138124e-003
 1.3228366e-003
 1.3394300e-003
 1.3649497e-003
 1.4001402e-003
 1.4448985e-003
 1.4980993e-003
 1.5575951e-003
 1.6203825e-003
 1.6828281e-003
 1.7410419e-003
 1.7912844e-003
 1.8302816e-003
 1.8555679e-003
 1.8656584e-003
 1.8601842e-003
 1.8399082e-003
 1.8066823e-003
 1.7633084e-003
 1.7133650e-003
 1.6609209e-003
 1.6101513e-003
 1.5649468e-003
 1.5284074e-003
 1.5024587e-003
 1.4875337e-003
 1.4824815e-003
 1.4847416e-003
 1.4907552e-003
 1.4965787e-003
 1.4985743e-003
 1.4940426e-003
 1.4816592e-003
 1.4616391e-003
 1.4355795e-003
 1.4060771e-003
 1.3761454e-003
 1.3486500e-003
 1.3257987e-003
 1.3088156e-003
 1.2978559e-003
 1.2920984e-003
 1.2900252e-003
 1.2897775e-003
 1.2895394e-003
 1.2878723e-003
 1.2839533e-003
 1.2776909e-003
 1.2697097e-003
 1.2612069e-003
 1.2537249e-003
 1.2488497e-003
 1.2479135e-003
 1.2517233e-003
 1.2603847e-003
 1.2732433e-003
 1.2889701e-003
 1.3057890e-003
 1.3217797e-003
 1.3352428e-003
 1.3449935e-003
 1.3505613e-003
 1.3522212e-003
 1.3508530e-003
 1.3476763e-003
 1.3439317e-003
 1.3405996e-003
 1.3382364e-003
 1.3369743e-003
 1.3366680e-003
 1.3371358e-003
 1.3384024e-003
 1.3408577e-003
 1.3452644e-003
 1.3526088e-003
 1.3638216e-003
 1.3794560e-003
 1.3994181e-003
 1.4228005e-003
 1.4479195e-003
 1.4724875e-003
 1.4939421e-003
 1.5098401e-003
 1.5182113e-003
 1.5178560e-003
 1.5084947e-003
 1.4907726e-003
 1.4661157e-003
 1.4365051e-003
 1.4041900e-003
 1.3714001e-003
 1.3401622e-003
 1.3121499e-003
 1.2886822e-003
 1.2707501e-003
 1.2590754e-003
 1.2541590e-003
 1.2562446e-003
 1.2652284e-003
 1.2805155e-003
 1.3009012e-003
 1.3245081e-003
 1.3488849e-003
 1.3712225e-003
 1.3887280e-003
 1.3990595e-003
 1.4007171e-003
 1.3933377e-003
 1.3777846e-003
 1.3560383e-003
 1.3308707e-003
 1.3054223e-003
 1.2827103e-003
 1.2651847e-003
 1.2544271e-003
 1.2509819e-003
 1.2543858e-003
 1.2633328e-003
 1.2759625e-003
 1.2901876e-003
 1.3040339e-003
 1.3159009e-003
 1.3247459e-003
 1.3301482e-003
 1.3322544e-003
 1.3316445e-003
 1.3291329e-003
 1.3255612e-003
 1.3216150e-003
 1.3177065e-003
 1.3139347e-003
 1.3101349e-003
 1.3059960e-003
 1.3012140e-003
 1.2956487e-003
 1.2894294e-003
 1.2829775e-003
 1.2769437e-003
 1.2720471e-003
 1.2688789e-003
 1.2677066e-003
 1.2683473e-003
 1.2701534e-003
 1.2721275e-003
 1.2731396e-003
 1.2722036e-003
 1.2687311e-003
 1.2627003e-003
 1.2546855e-003
 1.2457490e-003
 1.2372095e-003
 1.2303493e-003
 1.2261418e-003
 1.2250412e-003
 1.2268990e-003
 1.2310019e-003
 1.2362277e-003
 1.2412698e-003
 1.2448950e-003
 1.2461812e-003
 1.2446946e-003
 1.2405886e-003
 1.2346075e-003
 1.2279950e-003
 1.2223144e-003
 1.2192129e-003
 1.2201390e-003
 1.2260685e-003
 1.2372675e-003
 1.2531551e-003
 1.2722756e-003
 1.2924505e-003
 1.3110490e-003
 1.3254024e-003
 1.3332712e-003
 1.3332701e-003
 1.3251996e-003
 1.3101823e-003
 1.2905881e-003
 1.2697342e-003
 1.2514534e-003
 1.2395650e-003
 1.2373698e-003
 1.2472566e-003
 1.2704545e-003
 1.3069551e-003
 1.3555965e-003
 1.4142953e-003
 1.4802869e-003
 1.5504921e-003
 1.6217653e-003
 1.6911842e-003
 1.7562880e-003
 1.8151702e-003
 1.8666168e-003
 1.9100590e-003
 1.9455286e-003
 1.9735328e-003
 1.9948536e-003
 2.0103890e-003
 2.0209751e-003
 2.0272969e-003
 2.0298685e-003
 2.0290881e-003
 2.0253547e-003
 2.0191967e-003
 2.0113664e-003
 2.0028548e-003
 1.9948240e-003
 1.9884475e-003
 1.9847064e-003
 1.9841972e-003
 1.9869914e-003
 1.9925898e-003
 1.9999777e-003
 2.0077676e-003
 2.0143760e-003
 2.0182217e-003
 2.0178813e-003
 2.0122193e-003
 2.0004739e-003
 1.9823366e-003
 1.9580103e-003
 1.9282814e-003
 1.8945473e-003
 1.8587643e-003
 1.8233367e-003
 1.7908271e-003
 1.7636321e-003
 1.7435781e-003
 1.7315850e-003
 1.7274983e-003
 1.7301139e-003
 1.7374485e-003
 1.7471761e-003
 1.7571358e-003
 1.7657555e-003
 1.7722934e-003
 1.7768244e-003
 1.7799818e-003
 1.7825619e-003
 1.7851086e-003
 1.7876276e-003
 1.7895130e-003
 1.7897045e-003
 1.7870179e-003
 1.7805318e-003
 1.7699066e-003
 1.7555247e-003
 1.7384357e-003
 1.7200970e-003
 1.7020403e-003
 1.6855255e-003
 1.6712982e-003
 1.6595252e-003
 1.6498686e-003
 1.6417066e-003
 1.6343887e-003
 1.6274683e-003
 1.6208527e-003
 1.6148250e-003
 1.6099493e-003
 1.6068991e-003
 1.6062449e-003
 1.6082776e-003
 1.6129031e-003
 1.6196525e-003
 1.6277938e-003
 1.6365354e-003
 1.6452469e-003
 1.6536465e-003
 1.6618876e-003
 1.6704926e-003
 1.6801591e-003
 1.6914518e-003
 1.7044804e-003
 1.7186557e-003
 1.7325836e-003
 1.7441888e-003
 1.7510165e-003
 1.7506999e-003
 1.7414724e-003
 1.7226231e-003
 1.6948001e-003
 1.6600686e-003
 1.6217600e-003
 1.5840420e-003
 1.5513925e-003
 1.5279579e-003
 1.5169537e-003
 1.5202119e-003
 1.5378979e-003
 1.5684742e-003
 1.6088954e-003
 1.6550319e-003
 1.7021764e-003
 1.7456800e-003
 1.7814772e-003
 1.8065652e-003
 1.8193068e-003
 1.8195292e-003
 1.8084716e-003
 1.7885595e-003
 1.7630685e-003
 1.7356965e-003
 1.7101420e-003
 1.6896729e-003
 1.6767619e-003
 1.6728420e-003
 1.6781671e-003
 1.6918404e-003
 1.7119814e-003
 1.7360478e-003
 1.7612199e-003
 1.7848576e-003
 1.8048756e-003
 1.8200423e-003
 1.8301116e-003
 1.8357616e-003
 1.8383929e-003
 1.8398020e-003
 1.8418250e-003
 1.8460110e-003
 1.8533857e-003
 1.8643375e-003
 1.8786086e-003
 1.8953814e-003
 1.9134211e-003
 1.9312184e-003
 1.9471624e-003
 1.9596822e-003
 1.9674168e-003
 1.9693866e-003
 1.9651589e-003
 1.9549967e-003
 1.9399287e-003
 1.9217236e-003
 1.9027084e-003
 1.8854850e-003
 1.8725364e-003
 1.8658246e-003
 1.8664753e-003
 1.8745977e-003
 1.8893055e-003
 1.9089194e-003
 1.9313195e-003
 1.9543208e-003
 1.9760476e-003
 1.9951556e-003
 2.0109396e-003
 2.0232913e-003
 2.0325384e-003
 2.0392626e-003
 2.0441026e-003
 2.0476179e-003
 2.0502058e-003
 2.0520659e-003
 2.0531940e-003
 2.0533802e-003
 2.0522061e-003
 2.0490410e-003
 2.0430626e-003
 2.0333400e-003
 2.0189392e-003
 1.9990529e-003
 1.9731126e-003
 1.9408923e-003
 1.9025159e-003
 1.8585233e-003
 1.8099440e-003
 1.7582065e-003
 1.7050566e-003
 1.6523440e-003
 1.6017575e-003
 1.5546452e-003
 1.5118028e-003
 1.4734507e-003
 1.4392757e-003
 1.4086420e-003
 1.3809602e-003
 1.3559731e-003
 1.3340119e-003
 1.3160752e-003
 1.3037644e-003
 1.2991019e-003
 1.3041574e-003
 1.3205971e-003
 1.3492015e-003
 1.3894944e-003
 1.4395247e-003
 1.4959397e-003
 1.5543645e-003
 1.6099457e-003
 1.6581245e-003
 1.6952860e-003
 1.7193329e-003
 1.7299084e-003
 1.7281553e-003
 1.7162737e-003
 1.6969540e-003
 1.6728330e-003
 1.6460476e-003
 1.6180038e-003
 1.5892395e-003
 1.5594856e-003
 1.5278906e-003
 1.4933961e-003
 1.4552184e-003
 1.4132442e-003
 1.3682366e-003
 1.3218505e-003
 1.2763205e-003
 1.2340466e-003
 1.1970553e-003
 1.1665263e-003
 1.1426305e-003
 1.1245860e-003
 1.1109586e-003
 1.1000313e-003
 1.0901850e-003
 1.0802106e-003
 1.0694745e-003
 1.0579808e-003
 1.0463060e-003
 1.0354228e-003
 1.0264658e-003
 1.0204556e-003
 1.0180729e-003
 1.0194931e-003
 1.0243431e-003
 1.0317657e-003
 1.0405715e-003
 1.0494506e-003
 1.0571835e-003
 1.0628346e-003
 1.0658697e-003
 1.0662052e-003
 1.0641719e-003
 1.0604149e-003
 1.0557495e-003
 1.0510115e-003
 1.0469257e-003
 1.0440160e-003
 1.0425806e-003
 1.0427170e-003
 1.0443993e-003
 1.0475774e-003
 1.0522798e-003
 1.0586859e-003
 1.0671581e-003
 1.0782087e-003
 1.0924136e-003
 1.1102876e-003
 1.1321185e-003
 1.1578413e-003
 1.1869173e-003
 1.2183038e-003
 1.2505124e-003
 1.2817120e-003
 1.3099333e-003
 1.3333095e-003
 1.3502854e-003
 1.3598383e-003
 1.3615970e-003
 1.3559090e-003
 1.3438090e-003
 1.3269298e-003
 1.3073438e-003
 1.2873984e-003
 1.2695199e-003
 1.2560195e-003
 1.2489267e-003
 1.2498121e-003
 1.2596452e-003
 1.2786691e-003
 1.3063359e-003
 1.3412805e-003
 1.3814231e-003
 1.4241153e-003
 1.4664172e-003
 1.5054499e-003
 1.5387252e-003
 1.5644943e-003
 1.5819933e-003
 1.5915227e-003
 1.5943905e-003
 1.5926620e-003
 1.5887986e-003
 1.5852212e-003
 1.5838888e-003
 1.5859616e-003
 1.5916124e-003
 1.6000058e-003
 1.6094642e-003
 1.6177782e-003
 1.6226333e-003
 1.6220405e-003
 1.6147287e-003
 1.6004085e-003
 1.5798291e-003
 1.5546432e-003
 1.5271881e-003
 1.5001872e-003
 1.4764365e-003
 1.4585617e-003
 1.4488309e-003
 1.4490077e-003
 1.4601948e-003
 1.4827612e-003
 1.5162962e-003
 1.5596173e-003
 1.6108350e-003
 1.6674006e-003
 1.7263003e-003
 1.7842032e-003
 1.8377333e-003
 1.8837940e-003
 1.9198627e-003
 1.9443532e-003
 1.9568510e-003
 1.9582207e-003
 1.9504497e-003
 1.9363659e-003
 1.9192479e-003
 1.9024120e-003
 1.8888108e-003
 1.8807166e-003
 1.8795489e-003
 1.8858027e-003
 1.8990732e-003
 1.9181898e-003
 1.9414505e-003
 1.9668816e-003
 1.9925209e-003
 2.0166743e-003
 2.0380737e-003
 2.0559933e-003
 2.0702295e-003
 2.0810259e-003
 2.0889353e-003
 2.0946418e-003
 2.0987962e-003
 2.1018693e-003
 2.1040561e-003
 2.1052400e-003
 2.1050174e-003
 2.1027832e-003
 2.0978590e-003
 2.0896520e-003
 2.0778028e-003
 2.0623272e-003
 2.0436866e-003
 2.0228203e-003
 2.0010867e-003
 1.9801355e-003
 1.9617477e-003
 1.9476253e-003
 1.9391828e-003
 1.9373832e-003
 1.9426132e-003
 1.9546412e-003
 1.9726495e-003
 1.9953507e-003
 2.0211351e-003
 2.0482822e-003
 2.0751327e-003
 2.1002607e-003
 2.1226027e-003
 2.1414943e-003
 2.1566893e-003
 2.1682880e-003
 2.1766501e-003
 2.1822816e-003
 2.1857142e-003
 2.1874134e-003
 2.1877042e-003
 2.1867419e-003
 2.1845149e-003
 2.1808839e-003
 2.1756424e-003
 2.1685967e-003
 2.1596416e-003
 2.1488217e-003
 2.1363783e-003
 2.1227570e-003
 2.1085760e-003
 2.0945778e-003
 2.0815318e-003
 2.0701457e-003
 2.0609593e-003
 2.0542606e-003
 2.0500403e-003
 2.0479765e-003
 2.0474782e-003
 2.0477676e-003
 2.0480002e-003
 2.0474042e-003
 2.0454184e-003
 2.0418062e-003
 2.0367259e-003
 2.0307382e-003
 2.0247537e-003
 2.0199066e-003
 2.0173853e-003
 2.0182275e-003
 2.0231209e-003
 2.0322348e-003
 2.0451180e-003
 2.0606932e-003
 2.0773394e-003
 2.0930923e-003
 2.1058880e-003
 2.1138699e-003
 2.1156815e-003
 2.1107025e-003
 2.0991922e-003
 2.0823223e-003
 2.0620774e-003
 2.0409951e-003
 2.0218054e-003
 2.0069559e-003
 1.9981617e-003
 1.9959956e-003
 1.9996292e-003
 2.0068537e-003
 2.0143802e-003
 2.0182761e-003
 2.0144933e-003
 1.9993908e-003
 1.9702008e-003
 1.9253464e-003
 1.8645845e-003
 1.7891269e-003
 1.7017800e-003
 1.6069318e-003
 1.5102577e-003
 1.4182079e-003
 1.3374244e-003
 1.2738724e-003
 1.2320644e-003
 1.2143153e-003
 1.2204178e-003
 1.2476529e-003
 1.2818942e-003
 1.3440436e-003
 1.4086051e-003
 1.4681125e-003
 1.5162587e-003
 1.5488252e-003
 1.5641714e-003
 1.5630446e-003
 1.5478794e-003
 1.5220240e-003
 1.4891651e-003
 1.4530250e-003
 1.4171506e-003
 1.3847045e-003
 1.3582939e-003
 1.3398335e-003
 1.3305253e-003
 1.3309357e-003
 1.3411497e-003
 1.3609534e-003
 1.3899673e-003
 1.4277252e-003
 1.4736402e-003
 1.5269694e-003
 1.5866675e-003
 1.6512936e-003
 1.7189953e-003
 1.7875012e-003
 1.8542899e-003
 1.9166548e-003
 1.9718409e-003
 2.0171758e-003
 2.0501907e-003
 2.0689126e-003
 2.0721485e-003
 2.0597794e-003
 2.0328586e-003
 1.9935092e-003
 1.9446459e-003
 1.8896336e-003
 1.8320698e-003
 1.7755419e-003
 1.7234932e-003
 1.6789746e-003
 1.6443592e-003
 1.6211366e-003
 1.6097830e-003
 1.6098806e-003
 1.6203410e-003
 1.6396804e-003
 1.6662163e-003
 1.6982115e-003
 1.7339264e-003
 1.7716798e-003
 1.8099142e-003
 1.8472042e-003
 1.8823084e-003
 1.9141221e-003
 1.9416546e-003
 1.9639952e-003
 1.9802693e-003
 1.9896722e-003
 1.9915137e-003
 1.9853471e-003
 1.9711202e-003
 1.9493201e-003
 1.9210326e-003
 1.8878701e-003
 1.8518550e-003
 1.8152257e-003
 1.7803279e-003
 1.7494817e-003
 1.7248330e-003
 1.7081824e-003
 1.7007184e-003
 1.7028193e-003
 1.7139536e-003
 1.7327777e-003
 1.7573389e-003
 1.7853375e-003
 1.8143075e-003
 1.8417755e-003
 1.8654135e-003
 1.8832005e-003
 1.8936637e-003
 1.8960546e-003
 1.8904390e-003
 1.8776112e-003
 1.8589061e-003
 1.8359831e-003
 1.8106384e-003
 1.7847015e-003
 1.7599061e-003
 1.7377868e-003
 1.7195238e-003
 1.7058097e-003
 1.6968125e-003
 1.6922136e-003
 1.6913434e-003
 1.6933199e-003
 1.6971660e-003
 1.7018904e-003
 1.7065614e-003
 1.7103880e-003
 1.7128208e-003
 1.7136399e-003
 1.7129881e-003
 1.7113365e-003
 1.7093983e-003
 1.7080291e-003
 1.7081423e-003
 1.7106407e-003
 1.7163373e-003
 1.7258435e-003
 1.7394328e-003
 1.7569264e-003
 1.7776345e-003
 1.8004086e-003
 1.8237729e-003
 1.8460430e-003
 1.8654673e-003
 1.8803102e-003
 1.8889876e-003
 1.8902444e-003
 1.8833712e-003
 1.8683997e-003
 1.8461861e-003
 1.8183331e-003
 1.7869789e-003
 1.7545986e-003
 1.7237860e-003
 1.6971255e-003
 1.6770049e-003
 1.6653723e-003
 1.6634559e-003
 1.6714933e-003
 1.6886300e-003
 1.7130193e-003
 1.7420974e-003
 1.7728613e-003
 1.8021229e-003
 1.8267133e-003
 1.8436598e-003
 1.8504731e-003
 1.8454567e-003
 1.8280046e-003
 1.7987057e-003
 1.7592449e-003
 1.7120906e-003
 1.6602002e-003
 1.6067477e-003
 1.5549141e-003
 1.5077628e-003
 1.4679914e-003
 1.4377331e-003
 1.4183259e-003
 1.4102265e-003
 1.4131065e-003
 1.4260538e-003
 1.4478058e-003
 1.4769280e-003
 1.5119442e-003
 1.5513852e-003
 1.5938544e-003
 1.6381039e-003
 1.6830468e-003
 1.7278196e-003
 1.7717246e-003
 1.8141986e-003
 1.8547757e-003
 1.8930126e-003
 1.9285092e-003
 1.9608778e-003
 1.9897765e-003
 2.0149460e-003
 2.0362115e-003
 2.0535167e-003
 2.0668944e-003
 2.0764519e-003
 2.0823432e-003
 2.0847435e-003
 2.0838480e-003
 2.0798789e-003
 2.0731122e-003
 2.0639051e-003
 2.0527348e-003
 2.0401999e-003
 2.0270182e-003
 2.0139921e-003
 2.0019668e-003
 1.9918070e-003
 1.9843518e-003
 1.9803555e-003
 1.9804020e-003
 1.9847855e-003
 1.9934087e-003
 2.0057382e-003
 2.0208536e-003
 2.0375398e-003
 2.0544194e-003
 2.0700376e-003
 2.0829628e-003
 2.0918611e-003
 2.0956513e-003
 2.0936544e-003
 2.0857470e-003
 2.0724162e-003
 2.0547025e-003
 2.0340479e-003
 2.0121504e-003
 1.9907970e-003
 1.9717733e-003
 1.9567662e-003
 1.9471935e-003
 1.9440474e-003
 1.9477374e-003
 1.9580233e-003
 1.9740823e-003
 1.9946664e-003
 2.0182563e-003
 2.0432323e-003
 2.0679638e-003
 2.0908830e-003
 2.1106326e-003
 2.1261803e-003
 2.1369269e-003
 2.1427779e-003
 2.1440785e-003
 2.1415020e-003
 2.1359180e-003
 2.1282868e-003
 2.1195854e-003
 2.1107630e-003
 2.1026677e-003
 2.0959876e-003
 2.0911959e-003
 2.0885181e-003
 2.0879619e-003
 2.0893738e-003
 2.0925016e-003
 2.0970474e-003
 2.1026961e-003
 2.1091271e-003
 2.1160310e-003
 2.1231123e-003
 2.1300905e-003
 2.1367117e-003
 2.1427418e-003
 2.1479568e-003
 2.1521465e-003
 2.1551079e-003
 2.1566474e-003
 2.1565997e-003
 2.1548506e-003
 2.1513700e-003
 2.1462475e-003
 2.1396980e-003
 2.1320516e-003
 2.1237293e-003
 2.1151972e-003
 2.1069425e-003
 2.0994546e-003
 2.0931868e-003
 2.0885279e-003
 2.0857539e-003
 2.0849896e-003
 2.0861889e-003
 2.0891544e-003
 2.0935743e-003
 2.0990714e-003
 2.1052391e-003
 2.1116608e-003
 2.1179400e-003
 2.1237193e-003
 2.1287096e-003
 2.1327110e-003
 2.1356302e-003
 2.1374645e-003
 2.1382789e-003
 2.1381807e-003
 2.1372957e-003
 2.1357585e-003
 2.1337043e-003
 2.1312644e-003
 2.1285671e-003
 2.1257310e-003
 2.1228674e-003
 2.1200788e-003
 2.1174646e-003
 2.1151183e-003
 2.1131309e-003
 2.1115916e-003
 2.1105800e-003
 2.1101611e-003
 2.1103758e-003
 2.1112296e-003
 2.1126911e-003
 2.1146953e-003
 2.1171512e-003
 2.1199533e-003
 2.1229903e-003
 2.1261473e-003
 2.1293140e-003
 2.1323888e-003
 2.1352808e-003
 2.1379204e-003
 2.1402575e-003
 2.1422596e-003
 2.1439092e-003
 2.1451961e-003
 2.1461158e-003
 2.1466652e-003
 2.1468473e-003
 2.1466732e-003
 2.1461665e-003
 2.1453707e-003
 2.1443481e-003
 2.1431807e-003
 2.1419630e-003
 2.1407970e-003
 2.1397872e-003
 2.1390331e-003
 2.1386184e-003
 2.1385946e-003
 2.1389590e-003
 2.1396352e-003
 2.1404654e-003
 2.1412182e-003
 2.1416086e-003
 2.1413204e-003
 2.1400268e-003
 2.1374130e-003
 2.1332053e-003
 2.1272181e-003
 2.1194185e-003
 2.1099716e-003
 2.0992646e-003
 2.0878944e-003
 2.0765979e-003
 2.0661985e-003
 2.0575563e-003
 2.0514987e-003
 2.0487532e-003
 2.0498293e-003
 2.0548713e-003
 2.0635270e-003
 2.0749003e-003
 2.0875905e-003
 2.0998421e-003
 2.1096852e-003
 2.1150615e-003
 2.1139574e-003
 2.1045385e-003
 2.0853817e-003
 2.0557335e-003
 2.0157576e-003
 1.9666206e-003
 1.9104409e-003
 1.8499778e-003
 1.7883854e-003
 1.7290334e-003
 1.6752401e-003
 1.6301374e-003
 1.5964527e-003
 1.5761437e-003
 1.5701812e-003
 1.5784348e-003
 1.5997674e-003
 1.6323107e-003
 1.6737676e-003
 1.7216065e-003
 1.7732820e-003
 1.8263354e-003
 1.8784896e-003
 1.9278798e-003
 1.9731491e-003
 2.0134740e-003
 2.0485742e-003
 2.0785348e-003
 2.1036726e-003
 2.1243969e-003
 2.1411767e-003
 2.1544832e-003
 2.1647639e-003
 2.1724468e-003
 2.1779174e-003
 2.1815123e-003
 2.1835312e-003
 2.1842425e-003
 2.1838956e-003
 2.1827307e-003
 2.1809801e-003
 2.1788646e-003
 2.1765868e-003
 2.1743150e-003
 2.1721735e-003
 2.1702386e-003
 2.1685415e-003
 2.1670805e-003
 2.1658347e-003
 2.1647746e-003
 2.1638675e-003
 2.1630824e-003
 2.1623960e-003
 2.1617950e-003
 2.1612814e-003
 2.1608747e-003
 2.1606088e-003
 2.1605296e-003
 2.1606889e-003
 2.1611410e-003
 2.1619389e-003
 2.1631294e-003
 2.1647443e-003
 2.1667923e-003
 2.1692514e-003
 2.1720617e-003
 2.1751337e-003
 2.1783544e-003
 2.1815945e-003
 2.1847214e-003
 2.1876032e-003
 2.1901168e-003
 2.1921571e-003
 2.1936540e-003
 2.1945809e-003
 2.1949599e-003
 2.1948589e-003
 2.1943776e-003
 2.1936358e-003
 2.1927617e-003
 2.1918842e-003
 2.1911259e-003
 2.1905941e-003
 2.1903696e-003
 2.1904977e-003
 2.1909846e-003
 2.1918004e-003
 2.1928900e-003
 2.1941811e-003
 2.1955953e-003
 2.1970524e-003
 2.1984736e-003
 2.1997881e-003
 2.2009362e-003
 2.2018743e-003
 2.2025758e-003
 2.2030303e-003
 2.2032391e-003
 2.2032117e-003
 2.2029618e-003
 2.2025122e-003
 2.2019017e-003
 2.2012012e-003
 2.2005362e-003
 2.2001052e-003
 2.2001876e-003
 2.2011357e-003
 2.2033569e-003
 2.2072883e-003
 2.2133822e-003
 2.2220926e-003
 2.2338515e-003
 2.2490628e-003
 2.2680757e-003
 2.2911460e-003
 2.3184561e-003
 2.3501052e-003
 2.3861441e-003
 2.4265628e-003
 2.4713639e-003
 2.5205584e-003
 2.5741509e-003
 2.6322403e-003
 2.6950315e-003
 2.7628217e-003
 2.8361052e-003
 2.9155193e-003
 3.0017444e-003
 3.0955707e-003
 3.1977778e-003
 3.3091118e-003
 3.4300601e-003
 3.5608192e-003
 3.7009805e-003
 3.8492009e-003
 4.0033138e-003
 4.1603232e-003
 4.3165074e-003
 4.4678953e-003
 4.6103285e-003
 4.7396934e-003
 4.8519881e-003
 4.9437615e-003
 5.0123110e-003
 5.0559267e-003
 5.0741034e-003
 5.0673527e-003
 5.0369622e-003
 4.9846792e-003
 4.9124574e-003
 4.8223953e-003
 4.7165700e-003
 4.5970832e-003
 4.4660037e-003
 4.3254974e-003
 4.1776351e-003
 4.0244786e-003
 3.8682020e-003
 3.7108650e-003
 3.5545155e-003
 3.4012788e-003
 3.2530832e-003
 3.1117231e-003
 2.9786751e-003
 2.8551195e-003
 2.7417103e-003
 2.6387228e-003
 2.5462178e-003
 2.4640069e-003
 2.3918222e-003
 2.3294003e-003
 2.2763817e-003
 2.2323576e-003
 2.1968035e-003
 2.1690726e-003
 2.1483309e-003
 2.1336048e-003
 2.1238232e-003
 2.1178408e-003
 2.1144927e-003
 2.1126312e-003
 2.1111704e-003
 2.1091641e-003
 2.1059010e-003
 2.1009857e-003
 2.0943740e-003
 2.0863358e-003
 2.0773795e-003
 2.0681459e-003
 2.0593368e-003
 2.0516682e-003
 2.0458084e-003
 2.0423296e-003
 2.0416414e-003
 2.0439252e-003
 2.0491173e-003
 2.0569297e-003
 2.0669003e-003
 2.0784705e-003
 2.0910352e-003
 2.1039709e-003
 2.1166827e-003
 2.1286330e-003
 2.1393739e-003
 2.1486012e-003
 2.1561622e-003
 2.1620323e-003
 2.1662880e-003
 2.1690587e-003
 2.1704992e-003
 2.1707725e-003
 2.1700419e-003
 2.1684624e-003
 2.1661799e-003
 2.1633243e-003
 2.1600092e-003
 2.1563349e-003
 2.1523878e-003
 2.1482459e-003
 2.1439823e-003
 2.1396696e-003
 2.1353755e-003
 2.1311648e-003
 2.1271012e-003
 2.1233731e-003
 2.1205801e-003
 2.1168524e-003
 2.1128652e-003
 2.1084135e-003
 2.1032926e-003
 2.0972961e-003
 2.0902220e-003
 2.0818647e-003
 2.0720197e-003
 2.0604820e-003
 2.0470640e-003
 2.0317803e-003
 2.0147390e-003
 1.9960529e-003
 1.9758306e-003
 1.9541942e-003
 1.9312520e-003
 1.9071168e-003
 1.8818958e-003
 1.8557134e-003
 1.8286773e-003
 1.8008997e-003
 1.7724870e-003
 1.7435655e-003
 1.7142420e-003
 1.6846316e-003
 1.6548507e-003
 1.6250085e-003
 1.5952360e-003
 1.5656424e-003
 1.5363443e-003
 1.5074513e-003
 1.4790938e-003
 1.4513809e-003
 1.4244296e-003
 1.3983498e-003
 1.3732706e-003
 1.3493025e-003
 1.3265612e-003
 1.3051640e-003
 1.2852221e-003
 1.2668621e-003
 1.2501854e-003
 1.2352124e-003
 1.2219144e-003
 1.2102729e-003
 1.2002581e-003
 1.1918449e-003
 1.1850060e-003
 1.1797191e-003
 1.1759567e-003
 1.1736931e-003
 1.1729028e-003
 1.1735604e-003
 1.1756399e-003
 1.1791158e-003
 1.1839626e-003
 1.1901559e-003
 1.1976673e-003
 1.2064725e-003
 1.2165458e-003
 1.2278645e-003
 1.2403975e-003
 1.2541218e-003
 1.2690052e-003
 1.2849658e-003
 1.3018819e-003
 1.3196428e-003
 1.3381346e-003
 1.3572434e-003
 1.3768595e-003
 1.3968595e-003
 1.4171337e-003
 1.4375685e-003
 1.4580539e-003
 1.4784668e-003
 1.4986976e-003
 1.5186318e-003
 1.5381605e-003
 1.5571598e-003
 1.5755207e-003
 1.5931288e-003
 1.6098700e-003
 1.6256337e-003
 1.6402985e-003
 1.6537540e-003
 1.6658861e-003
 1.6765832e-003
 1.6857259e-003
 1.6932028e-003
 1.6989155e-003
 1.7028971e-003
 1.7052423e-003
 1.7060497e-003
 1.7054159e-003
 1.7034382e-003
 1.7002129e-003
 1.6958385e-003
 1.6904118e-003
 1.6840294e-003
 1.6767869e-003
 1.6687848e-003
 1.6601187e-003
 1.6508854e-003
 1.6411800e-003
 1.6311042e-003
 1.6207525e-003
 1.6102224e-003
 1.5996083e-003
 1.5890124e-003
 1.5785294e-003
 1.5682561e-003
 1.5582897e-003
 1.5487254e-003
 1.5396646e-003
 1.5312021e-003
 1.5234350e-003
 1.5164589e-003
 1.5103741e-003
 1.5052763e-003
 1.5012519e-003
 1.4983043e-003
 1.4963999e-003
 1.4955024e-003
