s07_ASD Record=9232:  error bars to preceding                
 5.6055671e-004
 5.5885594e-004
 5.5429584e-004
 5.4878427e-004
 5.4423138e-004
 5.4188224e-004
 5.4204557e-004
 5.4426718e-004
 5.4767344e-004
 5.5130862e-004
 5.5438984e-004
 5.5643870e-004
 5.5732433e-004
 5.5728690e-004
 5.5694400e-004
 5.5709912e-004
 5.5833842e-004
 5.6067557e-004
 5.6346122e-004
 5.6561694e-004
 5.6614069e-004
 5.6467066e-004
 5.6175340e-004
 5.5864273e-004
 5.5684784e-004
 5.5771362e-004
 5.6209206e-004
 5.7025114e-004
 5.8200164e-004
 5.9679587e-004
 6.1362778e-004
 6.3110091e-004
 6.4763136e-004
 6.6148327e-004
 6.7092007e-004
 6.7478215e-004
 6.7275023e-004
 6.6533271e-004
 6.5393612e-004
 6.4082490e-004
 6.2880554e-004
 6.2067201e-004
 6.1853084e-004
 6.2319596e-004
 6.3383189e-004
 6.4795587e-004
 6.6188473e-004
 6.7164807e-004
 6.7415129e-004
 6.6814618e-004
 6.5452087e-004
 6.3578982e-004
 6.1511417e-004
 5.9539394e-004
 5.7883828e-004
 5.6708721e-004
 5.6134863e-004
 5.6207913e-004
 5.6898943e-004
 5.8118394e-004
 5.9482671e-004
 6.0595170e-004
 6.1322283e-004
 6.1554776e-004
 6.1307353e-004
 6.0923747e-004
 6.0758344e-004
 6.0974655e-004
 6.1555894e-004
 6.2316871e-004
 6.2979310e-004
 6.3303922e-004
 6.3192804e-004
 6.2708306e-004
 6.2019308e-004
 6.1312091e-004
 6.0713396e-004
 6.0270604e-004
 5.9993443e-004
 5.9910509e-004
 6.0082506e-004
 6.0553028e-004
 6.1276648e-004
 6.2090385e-004
 6.2762277e-004
 6.3086621e-004
 6.2963681e-004
 6.2429591e-004
 6.1658147e-004
 6.0971541e-004
 6.0844788e-004
 6.1821949e-004
 6.4283289e-004
 6.8144174e-004
 7.2697765e-004
 7.6783833e-004
 7.9296832e-004
 7.9781422e-004
 7.8662182e-004
 7.6898723e-004
 7.5415469e-004
 7.4739486e-004
 7.5002399e-004
 7.6119002e-004
 7.7881938e-004
 7.9902669e-004
 8.1559987e-004
 8.2161563e-004
 8.1317622e-004
 7.9257588e-004
 7.6772389e-004
 7.4774574e-004
 7.3801557e-004
 7.3818909e-004
 7.4409862e-004
 7.5140537e-004
 7.5804128e-004
 7.6403911e-004
 7.6976535e-004
 7.7477383e-004
 7.7831949e-004
 7.8036706e-004
 7.8140735e-004
 7.8127353e-004
 7.7877357e-004
 7.7298761e-004
 7.6490268e-004
 7.5763563e-004
 7.5509155e-004
 7.6015503e-004
 7.7314168e-004
 7.9067767e-004
 8.0574723e-004
 8.1015116e-004
 7.9892325e-004
 7.7361299e-004
 7.4154377e-004
 7.1195140e-004
 6.9268455e-004
 6.8926805e-004
 7.0463005e-004
 7.3774642e-004
 7.8245089e-004
 8.2881347e-004
 8.6677173e-004
 8.8886212e-004
 8.9052710e-004
 8.7041548e-004
 8.3298812e-004
 7.9068326e-004
 7.6044071e-004
 7.5447874e-004
 7.7212008e-004
 7.9952745e-004
 8.1789197e-004
 8.1454654e-004
 7.8962976e-004
 7.5381837e-004
 7.1894447e-004
 6.8934163e-004
 6.6151819e-004
 6.3160580e-004
 6.0204871e-004
 5.8002316e-004
 5.6948577e-004
 5.6629337e-004
 5.6227198e-004
 5.5338844e-004
 5.4270052e-004
 5.3598505e-004
 5.3623505e-004
 5.4212072e-004
 5.4958835e-004
 5.5403070e-004
 5.5235386e-004
 5.4465211e-004
 5.3426658e-004
 5.2581652e-004
 5.2262127e-004
 5.2525767e-004
 5.3181686e-004
 5.3950015e-004
 5.4681208e-004
 5.5507675e-004
 5.6753546e-004
 5.8547128e-004
 6.0418539e-004
 6.1402644e-004
 6.0789543e-004
 5.8900577e-004
 5.7126844e-004
 5.7239173e-004
 6.0523744e-004
 6.7028898e-004
 7.5128349e-004
 8.2070613e-004
 8.5706892e-004
 8.5920910e-004
 8.4141491e-004
 8.1634364e-004
 7.8754505e-004
 7.5699284e-004
 7.3290599e-004
 7.2737609e-004
 7.4792048e-004
 7.9021236e-004
 8.3629467e-004
 8.6249667e-004
 8.5581129e-004
 8.2484010e-004
 7.9230714e-004
 7.7699975e-004
 7.8393589e-004
 8.0605649e-004
 8.2744035e-004
 8.2760002e-004
 7.9355692e-004
 7.3251204e-004
 6.6865003e-004
 6.2413473e-004
 6.0341944e-004
 5.9592549e-004
 5.9175462e-004
 5.9150445e-004
 5.9954898e-004
 6.1314553e-004
 6.2516413e-004
 6.3534791e-004
 6.5069599e-004
 6.7345169e-004
 6.9439446e-004
 7.0118177e-004
 6.9178973e-004
 6.7665655e-004
 6.6616805e-004
 6.5993710e-004
 6.5309025e-004
 6.4831844e-004
 6.5267185e-004
 6.6477514e-004
 6.7490846e-004
 6.7783863e-004
 6.7806902e-004
 6.8161287e-004
 6.8764744e-004
 6.8951456e-004
 6.8155094e-004
 6.6415098e-004
 6.4407010e-004
 6.3176255e-004
 6.3721626e-004
 6.6290144e-004
 6.9763977e-004
 7.2169333e-004
 7.2227459e-004
 7.0238521e-004
 6.7337928e-004
 6.4542086e-004
 6.2409265e-004
 6.1003660e-004
 6.0227601e-004
 6.0222630e-004
 6.1021053e-004
 6.1928789e-004
 6.1978615e-004
 6.1088084e-004
 6.0123939e-004
 5.9940119e-004
 6.1093661e-004
 6.3726987e-004
 6.6592224e-004
 6.7447667e-004
 6.5762020e-004
 6.3788344e-004
 6.3684781e-004
 6.4769574e-004
 6.5379665e-004
 6.6461175e-004
 7.0558582e-004
 7.6926104e-004
 8.0590713e-004
 7.7782810e-004
 7.0987304e-004
 6.6152145e-004
 6.6120445e-004
 6.9102569e-004
 7.1944174e-004
 7.3349342e-004
 7.4217125e-004
 7.5449242e-004
 7.6155370e-004
 7.4334949e-004
 6.9366931e-004
 6.3582003e-004
 6.0338096e-004
 6.0287328e-004
 6.1199284e-004
 6.1747088e-004
 6.2863814e-004
 6.4694724e-004
 6.5284112e-004
 6.3602941e-004
 6.1418850e-004
 6.1005581e-004
 6.2865968e-004
 6.6281029e-004
 7.0191786e-004
 7.2942430e-004
 7.3061296e-004
 7.1193406e-004
 6.9589418e-004
 6.8917806e-004
 6.7479990e-004
 6.4262992e-004
 6.0679973e-004
 5.8552943e-004
 5.8290083e-004
 5.9764617e-004
 6.3176826e-004
 6.8147865e-004
 7.2696793e-004
 7.4355415e-004
 7.2228361e-004
 6.7397655e-004
 6.1884912e-004
 5.7730987e-004
 5.6384475e-004
 5.8009539e-004
 6.1123399e-004
 6.3411554e-004
 6.3474133e-004
 6.1973953e-004
 6.0958060e-004
 6.1901304e-004
 6.4336351e-004
 6.6344097e-004
 6.6294300e-004
 6.4114033e-004
 6.1072846e-004
 5.8633904e-004
 5.7576329e-004
 5.7941768e-004
 5.9441052e-004
 6.1769184e-004
 6.4648257e-004
 6.7714183e-004
 7.0424355e-004
 7.2095729e-004
 7.2039751e-004
 6.9805421e-004
 6.5712089e-004
 6.1521487e-004
 6.0059590e-004
 6.1931036e-004
 6.3384045e-004
 6.3668226e-004
 6.7940721e-004
 7.8087230e-004
 8.6101185e-004
 8.3961216e-004
 7.4218254e-004
 6.5161637e-004
 6.1364460e-004
 6.2605966e-004
 6.6926610e-004
 7.1276509e-004
 7.2042039e-004
 6.8302557e-004
 6.3477136e-004
 6.1441952e-004
 6.2372111e-004
 6.3761789e-004
 6.3823495e-004
 6.3111039e-004
 6.3489174e-004
 6.5356982e-004
 6.6672120e-004
 6.5973337e-004
 6.4879877e-004
 6.5963715e-004
 6.9538172e-004
 7.3531538e-004
 7.5412868e-004
 7.4082497e-004
 7.1015029e-004
 7.0029334e-004
 7.4471813e-004
 8.2480867e-004
 8.6990185e-004
 8.4023125e-004
 7.8032253e-004
 7.5296243e-004
 7.6444668e-004
 7.9107238e-004
 8.2548097e-004
 8.5590809e-004
 8.4628735e-004
 7.7719812e-004
 6.7005475e-004
 5.8733835e-004
 5.7208969e-004
 6.0535042e-004
 6.5117929e-004
 6.8444514e-004
 6.9105288e-004
 6.7324378e-004
 6.4671098e-004
 6.2856055e-004
 6.2571530e-004
 6.3413708e-004
 6.4737390e-004
 6.6238095e-004
 6.7963038e-004
 6.9917075e-004
 7.1647414e-004
 7.2289445e-004
 7.1266689e-004
 6.9207750e-004
 6.7844871e-004
 6.8624754e-004
 7.1193883e-004
 7.3428452e-004
 7.3231535e-004
 7.0475059e-004
 6.6853670e-004
 6.4145791e-004
 6.3172908e-004
 6.3696993e-004
 6.4915762e-004
 6.6052057e-004
 6.7684718e-004
 6.9875107e-004
 7.2794600e-004
 7.5956580e-004
 7.8609429e-004
 8.0000912e-004
 7.9520320e-004
 7.7489478e-004
 7.4605661e-004
 7.1566843e-004
 6.9027347e-004
 6.7345495e-004
 6.6760695e-004
 6.7512202e-004
 6.9713459e-004
 7.2648685e-004
 7.5265538e-004
 7.6510746e-004
 7.5529359e-004
 7.2785164e-004
 6.8689237e-004
 6.5556652e-004
 6.3804066e-004
 6.3689263e-004
 6.4757169e-004
 6.6521938e-004
 6.8497146e-004
 7.0207199e-004
 7.1407779e-004
 7.2083704e-004
 7.2230102e-004
 7.1841903e-004
 7.0924882e-004
 6.9730129e-004
 6.8749941e-004
 6.8487285e-004
 6.9444947e-004
 7.2093692e-004
 7.6200551e-004
 8.0840319e-004
 8.5060729e-004
 8.7907567e-004
 8.8428287e-004
 8.6001324e-004
 8.1294484e-004
 7.5286493e-004
 6.8958430e-004
 6.3288619e-004
 5.9258076e-004
 5.7574472e-004
 5.7903311e-004
 5.9658714e-004
 6.2254420e-004
 6.5105094e-004
 6.7624223e-004
 6.9226325e-004
 6.9501763e-004
 6.8712444e-004
 6.7280192e-004
 6.5627298e-004
 6.4175372e-004
 6.3346722e-004
 6.3563156e-004
 6.5246574e-004
 6.8667345e-004
 7.3521555e-004
 7.9372141e-004
 8.5779565e-004
 9.2307152e-004
 9.8515209e-004
 1.0396641e-003
 1.0822309e-003
 1.1096904e-003
 1.1234800e-003
 1.1260957e-003
 1.1200373e-003
 1.1078054e-003
 1.0918964e-003
 1.0748134e-003
 1.0590515e-003
 1.0465939e-003
 1.0375023e-003
 1.0314018e-003
 1.0279143e-003
 1.0266630e-003
 1.0272710e-003
 1.0293616e-003
 1.0325573e-003
 1.0364819e-003
 1.0407576e-003
 1.0450083e-003
 1.0488562e-003
 1.0520089e-003
 1.0544768e-003
 1.0563402e-003
 1.0576786e-003
 1.0585723e-003
 1.0591012e-003
 1.0593447e-003
 1.0593833e-003
 1.0592965e-003
 1.0591644e-003
 1.0590669e-003
 1.0590836e-003
 1.0592614e-003
 1.0595276e-003
 1.0597835e-003
 1.0599302e-003
 1.0598685e-003
 1.0594995e-003
 1.0587242e-003
 1.0574438e-003
 1.0555596e-003
 1.0529725e-003
 1.0495828e-003
 1.0453570e-003
 1.0404851e-003
 1.0352085e-003
 1.0297670e-003
 1.0244022e-003
 1.0193534e-003
 1.0148623e-003
 1.0111688e-003
 1.0085142e-003
 1.0071384e-003
 1.0072028e-003
 1.0085937e-003
 1.0111382e-003
 1.0146624e-003
 1.0189941e-003
 1.0239590e-003
 1.0293847e-003
 1.0350971e-003
 1.0409240e-003
 1.0466911e-003
 1.0522053e-003
 1.0572001e-003
 1.0613957e-003
 1.0645107e-003
 1.0662646e-003
 1.0663767e-003
 1.0645663e-003
 1.0605523e-003
 1.0540547e-003
 1.0447915e-003
 1.0326825e-003
 1.0183112e-003
 1.0024089e-003
 9.8569924e-004
 9.6891361e-004
 9.5277576e-004
 9.3801704e-004
 9.2536159e-004
 9.1553963e-004
 9.0895302e-004
 9.0492476e-004
 9.0255489e-004
 9.0094161e-004
 8.9918385e-004
 8.9638046e-004
 8.9163065e-004
 8.8403240e-004
 8.7320386e-004
 8.6046476e-004
 8.4749097e-004
 8.3595258e-004
 8.2752510e-004
 8.2387967e-004
 8.2669005e-004
 8.3762797e-004
 8.5751445e-004
 8.8437751e-004
 9.1568934e-004
 9.4890839e-004
 9.8150840e-004
 1.0109476e-003
 1.0346989e-003
 1.0502228e-003
 1.0558550e-003
 1.0527194e-003
 1.0425029e-003
 1.0275706e-003
 1.0083979e-003
 9.8764827e-004
 9.6680335e-004
 9.4709912e-004
 9.2961948e-004
 9.1538345e-004
 9.0538233e-004
 9.0052595e-004
 9.0134353e-004
 9.0741925e-004
 9.1705850e-004
 9.2766964e-004
 9.3634927e-004
 9.4041025e-004
 9.3810912e-004
 9.2948502e-004
 9.1663352e-004
 9.0318650e-004
 8.9342654e-004
 8.9136011e-004
 8.9958392e-004
 9.1813027e-004
 9.4405160e-004
 9.7210269e-004
 9.9600980e-004
 1.0098290e-003
 1.0094007e-003
 9.9362154e-004
 9.6484990e-004
 9.2817174e-004
 8.9003769e-004
 8.5679855e-004
 8.3332986e-004
 8.2198752e-004
 8.2228222e-004
 8.3142053e-004
 8.4536098e-004
 8.5996807e-004
 8.7204593e-004
 8.7666709e-004
 8.8446308e-004
 8.9346862e-004
 9.0370193e-004
 9.1523054e-004
 9.2806842e-004
 9.4210065e-004
 9.5704361e-004
 9.7242027e-004
 9.8761241e-004
 1.0019273e-003
 1.0147025e-003
 1.0254015e-003
 1.0336679e-003
 1.0393218e-003
 1.0423147e-003
 1.0426751e-003
 1.0404747e-003
 1.0358221e-003
 1.0288873e-003
 1.0199297e-003
 1.0093334e-003
 9.9761353e-004
 9.8540774e-004
 9.7343774e-004
 9.6245989e-004
 9.5319212e-004
 9.4619597e-004
 9.4177749e-004
 9.3989586e-004
 9.4015710e-004
 9.4188587e-004
 9.4423624e-004
 9.4632420e-004
 9.4735605e-004
 9.4673218e-004
 9.4411895e-004
 9.3947828e-004
 9.3306025e-004
 9.2536089e-004
 9.1705204e-004
 9.0890762e-004
 9.0171600e-004
 8.9619379e-004
 8.9291314e-004
 8.9223171e-004
 8.9425099e-004
 8.9879957e-004
 9.0545887e-004
 9.1362064e-004
 9.2258659e-004
 9.3167328e-004
 9.4031991e-004
 9.4816880e-004
 9.5508917e-004
 9.6116087e-004
 9.6659560e-004
 9.7163767e-004
 9.7645819e-004
 9.8106707e-004
 9.8527642e-004
 9.8870834e-004
 9.9085632e-004
 9.9117751e-004
 9.8919438e-004
 9.8458992e-004
 9.7726984e-004
 9.6739526e-004
 9.5536478e-004
 9.4177859e-004
 9.2736812e-004
 9.1291108e-004
 8.9916313e-004
 8.8677381e-004
 8.7624334e-004
 8.6788490e-004
 8.6181535e-004
 8.5798005e-004
 8.5618801e-004
 8.5617253e-004
 8.5765083e-004
 8.6038024e-004
 8.6419150e-004
 8.6899573e-004
 8.7475346e-004
 8.8141940e-004
 8.8887505e-004
 8.9685980e-004
 9.0493611e-004
 9.1249798e-004
 9.1881864e-004
 9.2315144e-004
 9.2484156e-004
 9.2344196e-004
 9.1879582e-004
 9.1107463e-004
 9.0075785e-004
 8.8857481e-004
 8.7540958e-004
 8.6219172e-004
 8.4981235e-004
 8.3903805e-004
 8.3047128e-004
 8.2451646e-004
 8.2136597e-004
 8.2100037e-004
 8.2318921e-004
 8.2750601e-004
 8.3335501e-004
 8.4002124e-004
 8.4673183e-004
 8.5274153e-004
 8.5740967e-004
 8.6027372e-004
 8.6109532e-004
 8.5986883e-004
 8.5679896e-004
 8.5224444e-004
 8.4665057e-004
 8.4047386e-004
 8.3412859e-004
 8.2795107e-004
 8.2219008e-004
 8.1702799e-004
 8.1260601e-004
 8.0906012e-004
 8.0653949e-004
 8.0520561e-004
 8.0520823e-004
 8.0663670e-004
 8.0946193e-004
 8.1348367e-004
 8.1830693e-004
 8.2335406e-004
 8.2793401e-004
 8.3134609e-004
 8.3301339e-004
 8.3260780e-004
 8.3013513e-004
 8.2595943e-004
 8.2074775e-004
 8.1535568e-004
 8.1066403e-004
 8.0742146e-004
 8.0611400e-004
 8.0689939e-004
 8.0961332e-004
 8.1384031e-004
 8.1902149e-004
 8.2457490e-004
 8.2999788e-004
 8.3492242e-004
 8.3913375e-004
 8.4253791e-004
 8.4511080e-004
 8.4683858e-004
 8.4766874e-004
 8.4749050e-004
 8.4614556e-004
 8.4347016e-004
 8.3935616e-004
 8.3382177e-004
 8.2706491e-004
 8.1949786e-004
 8.1173837e-004
 8.0455717e-004
 7.9879811e-004
 7.9526461e-004
 7.9460378e-004
 7.9720811e-004
 8.0314849e-004
 8.1215397e-004
 8.2364463e-004
 8.3681970e-004
 8.5076725e-004
 8.6461124e-004
 8.7762868e-004
 8.8935089e-004
 8.9961238e-004
 9.0852543e-004
 9.1641559e-004
 9.2369656e-004
 9.3073904e-004
 9.3775144e-004
 9.4469188e-004
 9.5125136e-004
 9.5688557e-004
 9.6090813e-004
 9.6261140e-004
 9.6138829e-004
 9.5683872e-004
 9.4883086e-004
 9.3752338e-004
 9.2332979e-004
 9.0686395e-004
 8.8885438e-004
 8.7005063e-004
 8.5116300e-004
 8.3279132e-004
 8.1541232e-004
 7.9936930e-004
 7.8488345e-004
 7.7209371e-004
 7.6107203e-004
 7.5185788e-004
 7.4446609e-004
 7.3888979e-004
 7.3510490e-004
 7.3306391e-004
 7.3270226e-004
 7.3394447e-004
 7.3671574e-004
 7.4094749e-004
 7.4657309e-004
 7.5351127e-004
 7.6162856e-004
 7.7070703e-004
 7.8040548e-004
 7.9025049e-004
 7.9965970e-004
 8.0798770e-004
 8.1461662e-004
 8.1904221e-004
 8.2096341e-004
 8.2033809e-004
 8.1739580e-004
 8.1260497e-004
 8.0660306e-004
 8.0010132e-004
 7.9378329e-004
 7.8822614e-004
 7.8383880e-004
 7.8084297e-004
 7.7927718e-004
 7.7902642e-004
 7.7986525e-004
 7.8150287e-004
 7.8362331e-004
 7.8591815e-004
 7.8811077e-004
 7.8996981e-004
 7.9131889e-004
 7.9204288e-004
 7.9208956e-004
 7.9147151e-004
 7.9026335e-004
 7.8859366e-004
 7.8662939e-004
 7.8455464e-004
 7.8254082e-004
 7.8071916e-004
 7.7915739e-004
 7.7785028e-004
 7.7673123e-004
 7.7570265e-004
 7.7468419e-004
 7.7366497e-004
 7.7274500e-004
 7.7215180e-004
 7.7221892e-004
 7.7332696e-004
 7.7581388e-004
 7.7987625e-004
 7.8548066e-004
 7.9231273e-004
 7.9978257e-004
 8.0707780e-004
 8.1327895e-004
 8.1749231e-004
 8.1899751e-004
 8.1737002e-004
 8.1255980e-004
 8.0491108e-004
 7.9512561e-004
 7.8416686e-004
 7.7312061e-004
 7.6305255e-004
 7.5485412e-004
 7.4913743e-004
 7.4616494e-004
 7.4584002e-004
 7.4775435e-004
 7.5127551e-004
 7.5565907e-004
 7.6016597e-004
 7.6416583e-004
 7.6720491e-004
 7.6904421e-004
 7.6965429e-004
 7.6918438e-004
 7.6790893e-004
 7.6616695e-004
 7.6430500e-004
 7.6263066e-004
 7.6138577e-004
 7.6073461e-004
 7.6076918e-004
 7.6152076e-004
 7.6297566e-004
 7.6508563e-004
 7.6777418e-004
 7.7093497e-004
 7.7443081e-004
 7.7809702e-004
 7.8174798e-004
 7.8519998e-004
 7.8829326e-004
 7.9092028e-004
 7.9304597e-004
 7.9471199e-004
 7.9602923e-004
 7.9715136e-004
 7.9824263e-004
 7.9944514e-004
 8.0085400e-004
 8.0250815e-004
 8.0439664e-004
 8.0647436e-004
 8.0868462e-004
 8.1097416e-004
 8.1330026e-004
 8.1562559e-004
 8.1790052e-004
 8.2004635e-004
 8.2193955e-004
 8.2341122e-004
 8.2426262e-004
 8.2429667e-004
 8.2336331e-004
 8.2140730e-004
 8.1851054e-004
 8.1491348e-004
 8.1101392e-004
 8.0732891e-004
 8.0443308e-004
 8.0287230e-004
 8.0307334e-004
 8.0526783e-004
 8.0944347e-004
 8.1534160e-004
 8.2249322e-004
 8.3030103e-004
 8.3813147e-004
 8.4541348e-004
 8.5171720e-004
 8.5679005e-004
 8.6056773e-004
 8.6314493e-004
 8.6473714e-004
 8.6563878e-004
 8.6619065e-004
 8.6676417e-004
 8.6775346e-004
 8.6956820e-004
 8.7261631e-004
 8.7726646e-004
 8.8379782e-004
 8.9233404e-004
 9.0278569e-004
 9.1481727e-004
 9.2783262e-004
 9.4101980e-004
 9.5341145e-004
 9.6398854e-004
 9.7179756e-004
 9.7605528e-004
 9.7625278e-004
 9.7222661e-004
 9.6420007e-004
 9.5278275e-004
 9.3894219e-004
 9.2393003e-004
 9.0916961e-004
 8.9613558e-004
 8.8619057e-004
 8.8044605e-004
 8.7962346e-004
 8.8396290e-004
 8.9318585e-004
 9.0652972e-004
 9.2283933e-004
 9.4072003e-004
 9.5872831e-004
 9.7554014e-004
 9.9012279e-004
 1.0018229e-003
 1.0104117e-003
 1.0160592e-003
 1.0192457e-003
 1.0206487e-003
 1.0210113e-003
 1.0210173e-003
 1.0211933e-003
 1.0218440e-003
 1.0230261e-003
 1.0245611e-003
 1.0260773e-003
 1.0270752e-003
 1.0270037e-003
 1.0253392e-003
 1.0216575e-003
 1.0156954e-003
 1.0073897e-003
 9.9690480e-004
 9.8463218e-004
 9.7116228e-004
 9.5724827e-004
 9.4372325e-004
 9.3142275e-004
 9.2107977e-004
 9.1322686e-004
 9.0812932e-004
 9.0574194e-004
 9.0572966e-004
 9.0753351e-004
 9.1048639e-004
 9.1394613e-004
 9.1742037e-004
 9.2065049e-004
 9.2362694e-004
 9.2654146e-004
 9.2967990e-004
 9.3329733e-004
 9.3751191e-004
 9.4224606e-004
 9.4724371e-004
 9.5214241e-004
 9.5658540e-004
 9.6032792e-004
 9.6329697e-004
 9.6559257e-004
 9.6742122e-004
 9.6899521e-004
 9.7043184e-004
 9.7169011e-004
 9.7257301e-004
 9.7279152e-004
 9.7207091e-004
 9.7025937e-004
 9.6740166e-004
 9.6374977e-004
 9.5970510e-004
 9.5571706e-004
 9.5216196e-004
 9.4925391e-004
 9.4700494e-004
 9.4524957e-004
 9.4372418e-004
 9.4216736e-004
 9.4041432e-004
 9.3845220e-004
 9.3642465e-004
 9.3459000e-004
 9.3324506e-004
 9.3264400e-004
 9.3292876e-004
 9.3408802e-004
 9.3594647e-004
 9.3818083e-004
 9.4035006e-004
 9.4193703e-004
 9.4239617e-004
 9.4120752e-004
 9.3794509e-004
 9.3235122e-004
 9.2441752e-004
 9.1443851e-004
 9.0303516e-004
 8.9110737e-004
 8.7971310e-004
 8.6990360e-004
 8.6251460e-004
 8.5800176e-004
 8.5633824e-004
 8.5703150e-004
 8.5925817e-004
 8.6208904e-004
 8.6474326e-004
 8.6680340e-004
 8.6832570e-004
 8.6980779e-004
 8.7202777e-004
 8.7579497e-004
 8.8168925e-004
 8.8986714e-004
 8.9997827e-004
 9.1123249e-004
 9.2256832e-004
 9.3289558e-004
 9.4133586e-004
 9.4738870e-004
 9.5101126e-004
 9.5258647e-004
 9.5280347e-004
 9.5249561e-004
 9.5247210e-004
 9.5338188e-004
 9.5563213e-004
 9.5936278e-004
 9.6447556e-004
 9.7069115e-004
 9.7762537e-004
 9.8486582e-004
 9.9202711e-004
 9.9879876e-004
 1.0049613e-003
 1.0103924e-003
 1.0150581e-003
 1.0189903e-003
 1.0222680e-003
 1.0249921e-003
 1.0272685e-003
 1.0291963e-003
 1.0308588e-003
 1.0323217e-003
 1.0336301e-003
 1.0348021e-003
 1.0358171e-003
 1.0365957e-003
 1.0369796e-003
 1.0367190e-003
 1.0354732e-003
 1.0328341e-003
 1.0283659e-003
 1.0216406e-003
 1.0123062e-003
 1.0001960e-003
 9.8542613e-004
 9.6850184e-004
 9.5036405e-004
 9.3233911e-004
 9.1601606e-004
 9.0300280e-004
 8.9465739e-004
 8.9178688e-004
 8.9446141e-004
 9.0204331e-004
 9.1334048e-004
 9.2683436e-004
 9.4093650e-004
 9.5421454e-004
 9.6553273e-004
 9.7416335e-004
 9.7983680e-004
 9.8271458e-004
 9.8331738e-004
 9.8240352e-004
 9.8082924e-004
 9.7940280e-004
 9.7875611e-004
 9.7924506e-004
 9.8089792e-004
 9.8341517e-004
 9.8624080e-004
 9.8868017e-004
 9.9003490e-004
 9.8972488e-004
 9.8738389e-004
 9.8290097e-004
 9.7643357e-004
 9.6839329e-004
 9.5938350e-004
 9.5008331e-004
 9.4109983e-004
 9.3282975e-004
 9.2534610e-004
 9.1836229e-004
 9.1129326e-004
 9.0338878e-004
 8.9393760e-004
 8.8247494e-004
 8.6894532e-004
 8.5376034e-004
 8.3772052e-004
 8.2188396e-004
 8.0737669e-004
 7.9520611e-004
 7.8612979e-004
 7.8056572e-004
 7.7856012e-004
 7.7979063e-004
 7.8363094e-004
 7.8924547e-004
 7.9570641e-004
 8.0210058e-004
 8.0762757e-004
 8.1166893e-004
 8.1381970e-004
 8.1389985e-004
 8.1194099e-004
 8.0816151e-004
 8.0293010e-004
 7.9672883e-004
 7.9010898e-004
 7.8364258e-004
 7.7787973e-004
 7.7329739e-004
 7.7026454e-004
 7.6900976e-004
 7.6960714e-004
 7.7197957e-004
 7.7591854e-004
 7.8111573e-004
 7.8720489e-004
 7.9380890e-004
 8.0057472e-004
 8.0721267e-004
 8.1351277e-004
 8.1935886e-004
 8.2473236e-004
 8.2970079e-004
 8.3441008e-004
 8.3906198e-004
 8.4389263e-004
 8.4914581e-004
 8.5503800e-004
 8.6172589e-004
 8.6927752e-004
 8.7764184e-004
 8.8664453e-004
 8.9598808e-004
 9.0528204e-004
 9.1409456e-004
 9.2200731e-004
 9.2869223e-004
 9.3396672e-004
 9.3784020e-004
 9.4052835e-004
 9.4242848e-004
 9.4406586e-004
 9.4600843e-004
 9.4877044e-004
 9.5272117e-004
 9.5801114e-004
 9.6454128e-004
 9.7196799e-004
 9.7975763e-004
 9.8727853e-004
 9.9390280e-004
 9.9911762e-004
 1.0026139e-003
 1.0043342e-003
 1.0044808e-003
 1.0034736e-003
 1.0018757e-003
 1.0002946e-003
 9.9928386e-004
 9.9925906e-004
 1.0004452e-003
 1.0028578e-003
 1.0063231e-003
 1.0105270e-003
 1.0150897e-003
 1.0196381e-003
 1.0238719e-003
 1.0276041e-003
 1.0307600e-003
 1.0333502e-003
 1.0354163e-003
 1.0369737e-003
 1.0379622e-003
 1.0382095e-003
 1.0374164e-003
 1.0351659e-003
 1.0309658e-003
 1.0243192e-003
 1.0148253e-003
 1.0022925e-003
 9.8684116e-004
 9.6899562e-004
 9.4969093e-004
 9.3024084e-004
 9.1221184e-004
 8.9723407e-004
 8.8679459e-004
 8.8200328e-004
 8.8341144e-004
 8.9091173e-004
 9.0378895e-004
 9.2083571e-004
 9.4054540e-004
 9.6130307e-004
 9.8158361e-004
 1.0001133e-003
 1.0159489e-003
 1.0285345e-003
 1.0376909e-003
 1.0435808e-003
 1.0466318e-003
 1.0474361e-003
 1.0466557e-003
 1.0449322e-003
 1.0428218e-003
 1.0407520e-003
 1.0390095e-003
 1.0377469e-003
 1.0370065e-003
 1.0367520e-003
 1.0368993e-003
 1.0373452e-003
 1.0379880e-003
 1.0387414e-003
 1.0395402e-003
 1.0403413e-003
 1.0411210e-003
 1.0418685e-003
 1.0425813e-003
 1.0432592e-003
 1.0439008e-003
 1.0445012e-003
 1.0450508e-003
 1.0455369e-003
 1.0459451e-003
 1.0462611e-003
 1.0464737e-003
 1.0465771e-003
 1.0465716e-003
 1.0464647e-003
 1.0462704e-003
 1.0460078e-003
 1.0457002e-003
 1.0453706e-003
 1.0450418e-003
 1.0447326e-003
 1.0444574e-003
 1.0442246e-003
 1.0440372e-003
 1.0438935e-003
 1.0437877e-003
 1.0437119e-003
 1.0436570e-003
 1.0436137e-003
 1.0435742e-003
 1.0435322e-003
 1.0434833e-003
 1.0434252e-003
 1.0433573e-003
 1.0432809e-003
 1.0431989e-003
 1.0431154e-003
 1.0430356e-003
 1.0429656e-003
 1.0429117e-003
 1.0428798e-003
 1.0428750e-003
 1.0429001e-003
 1.0429556e-003
 1.0430382e-003
 1.0431414e-003
 1.0432545e-003
 1.0433649e-003
 1.0434584e-003
 1.0435212e-003
 1.0435428e-003
 1.0435171e-003
 1.0434453e-003
 1.0433359e-003
 1.0432054e-003
 1.0430772e-003
 1.0429792e-003
 1.0429409e-003
 1.0429900e-003
 1.0431487e-003
 1.0434303e-003
 1.0438375e-003
 1.0443615e-003
 1.0449816e-003
 1.0456680e-003
 1.0463832e-003
 1.0470850e-003
 1.0477301e-003
 1.0482759e-003
 1.0486833e-003
 1.0489188e-003
 1.0489573e-003
 1.0487849e-003
 1.0484023e-003
 1.0478285e-003
 1.0471053e-003
 1.0462988e-003
 1.0454979e-003
 1.0448078e-003
 1.0443367e-003
 1.0441806e-003
 1.0444059e-003
 1.0450317e-003
 1.0460155e-003
 1.0472439e-003
 1.0485278e-003
 1.0495951e-003
 1.0500897e-003
 1.0495826e-003
 1.0475961e-003
 1.0436402e-003
 1.0372681e-003
 1.0281341e-003
 1.0160697e-003
 1.0011396e-003
 9.8365918e-004
 9.6420344e-004
 9.4346009e-004
 9.2134048e-004
 9.0001617e-004
 8.8051514e-004
 8.6373434e-004
 8.5031468e-004
 8.4058975e-004
 8.3460734e-004
 8.3221134e-004
 8.3313714e-004
 8.3707389e-004
 8.4369688e-004
 8.5267733e-004
 8.6368743e-004
 8.7639189e-004
 8.9044985e-004
 9.0551603e-004
 9.2122459e-004
 9.3720655e-004
 9.5308095e-004
 9.6846576e-004
 9.8299119e-004
 9.9630235e-004
 1.0080977e-003
 1.0181513e-003
 1.0263508e-003
 1.0327126e-003
 1.0373630e-003
 1.0405137e-003
 1.0424244e-003
 1.0433769e-003
 1.0436574e-003
 1.0435400e-003
 1.0432705e-003
 1.0430465e-003
 1.0430004e-003
 1.0431932e-003
 1.0436205e-003
 1.0442308e-003
 1.0449436e-003
 1.0456650e-003
 1.0462989e-003
 1.0467538e-003
 1.0469528e-003
 1.0468427e-003
 1.0464038e-003
 1.0456525e-003
 1.0446387e-003
 1.0434364e-003
 1.0421335e-003
 1.0408255e-003
 1.0396071e-003
 1.0385682e-003
 1.0377866e-003
 1.0373186e-003
 1.0371928e-003
 1.0374058e-003
 1.0379264e-003
 1.0387019e-003
 1.0396676e-003
 1.0407527e-003
 1.0418857e-003
 1.0429970e-003
 1.0440238e-003
 1.0449146e-003
 1.0456329e-003
 1.0461590e-003
 1.0464882e-003
 1.0466274e-003
 1.0465899e-003
 1.0463924e-003
 1.0460522e-003
 1.0455870e-003
 1.0450130e-003
 1.0443437e-003
 1.0435898e-003
 1.0427587e-003
 1.0418543e-003
 1.0408782e-003
 1.0398310e-003
 1.0387123e-003
 1.0375230e-003
 1.0362649e-003
 1.0349446e-003
 1.0335741e-003
 1.0321750e-003
 1.0307785e-003
 1.0294239e-003
 1.0281577e-003
 1.0270297e-003
 1.0260907e-003
 1.0253908e-003
 1.0249744e-003
 1.0248757e-003
 1.0251106e-003
 1.0256710e-003
 1.0265220e-003
 1.0276044e-003
 1.0288412e-003
 1.0301445e-003
 1.0314225e-003
 1.0325826e-003
 1.0335381e-003
 1.0342128e-003
 1.0345492e-003
 1.0345160e-003
 1.0341099e-003
 1.0333526e-003
 1.0322855e-003
 1.0309609e-003
 1.0294365e-003
 1.0277714e-003
 1.0260236e-003
 1.0242480e-003
 1.0224934e-003
 1.0208001e-003
 1.0192000e-003
 1.0177165e-003
 1.0163666e-003
 1.0151647e-003
 1.0141217e-003
 1.0132478e-003
 1.0125501e-003
 1.0120301e-003
 1.0116809e-003
 1.0114840e-003
 1.0114074e-003
 1.0114075e-003
 1.0114323e-003
 1.0114243e-003
 1.0113249e-003
 1.0110760e-003
 1.0106256e-003
 1.0099333e-003
 1.0089785e-003
 1.0077672e-003
 1.0063356e-003
 1.0047465e-003
 1.0030823e-003
 1.0014371e-003
 9.9991017e-004
 9.9859980e-004
 9.9759817e-004
 9.9698256e-004
 9.9680619e-004
 9.9708862e-004
 9.9781295e-004
 9.9892856e-004
 1.0003611e-003
 1.0020209e-003
 1.0038117e-003
 1.0056371e-003
 1.0074032e-003
 1.0090264e-003
 1.0104383e-003
 1.0115922e-003
 1.0124653e-003
 1.0130561e-003
 1.0133794e-003
 1.0134591e-003
 1.0133237e-003
 1.0130038e-003
 1.0125299e-003
 1.0119323e-003
 1.0112392e-003
 1.0104780e-003
 1.0096731e-003
 1.0088480e-003
 1.0080241e-003
 1.0072225e-003
 1.0064635e-003
 1.0057671e-003
 1.0051520e-003
 1.0046356e-003
 1.0042316e-003
 1.0039501e-003
 1.0037966e-003
 1.0037721e-003
 1.0038750e-003
 1.0041016e-003
 1.0044472e-003
 1.0049065e-003
 1.0054730e-003
 1.0061380e-003
 1.0068902e-003
 1.0077131e-003
 1.0085861e-003
 1.0094838e-003
 1.0103774e-003
 1.0112368e-003
 1.0120308e-003
 1.0127287e-003
 1.0133025e-003
 1.0137286e-003
 1.0139911e-003
 1.0140853e-003
 1.0140178e-003
 1.0138067e-003
 1.0134772e-003
 1.0130596e-003
 1.0125864e-003
 1.0120899e-003
 1.0116015e-003
 1.0111489e-003
 1.0107539e-003
 1.0104306e-003
 1.0101842e-003
 1.0100118e-003
 1.0099049e-003
 1.0098516e-003
 1.0098380e-003
 1.0098501e-003
 1.0098740e-003
 1.0098976e-003
 1.0099105e-003
 1.0099059e-003
 1.0098801e-003
 1.0098325e-003
 1.0097650e-003
 1.0096806e-003
 1.0095829e-003
 1.0094758e-003
 1.0093625e-003
 1.0092454e-003
 1.0091246e-003
 1.0089980e-003
 1.0088610e-003
 1.0087061e-003
 1.0085241e-003
 1.0083049e-003
 1.0080377e-003
 1.0077124e-003
 1.0073204e-003
 1.0068553e-003
 1.0063160e-003
 1.0057084e-003
 1.0050447e-003
 1.0043443e-003
 1.0036316e-003
 1.0029334e-003
 1.0022777e-003
 1.0016925e-003
 1.0012039e-003
 1.0008343e-003
 1.0005989e-003
 1.0005046e-003
 1.0005479e-003
 1.0007164e-003
 1.0009909e-003
 1.0013486e-003
 1.0017648e-003
 1.0022140e-003
 1.0026727e-003
 1.0031190e-003
 1.0035362e-003
 1.0039125e-003
 1.0042435e-003
 1.0045302e-003
 1.0047781e-003
 1.0049951e-003
 1.0051905e-003
 1.0053740e-003
 1.0055543e-003
 1.0057394e-003
 1.0059349e-003
 1.0061433e-003
 1.0063638e-003
 1.0065931e-003
 1.0068251e-003
 1.0070528e-003
 1.0072687e-003
 1.0074651e-003
 1.0076349e-003
 1.0077730e-003
 1.0078765e-003
 1.0079461e-003
 1.0079865e-003
 1.0080056e-003
 1.0080143e-003
 1.0080248e-003
 1.0080497e-003
 1.0081020e-003
 1.0081931e-003
 1.0083325e-003
 1.0085256e-003
 1.0087728e-003
 1.0090685e-003
 1.0094021e-003
 1.0097590e-003
 1.0101225e-003
 1.0104747e-003
 1.0107980e-003
 1.0110758e-003
 1.0112941e-003
 1.0114432e-003
 1.0115196e-003
 1.0115260e-003
 1.0114713e-003
 1.0113685e-003
 1.0112334e-003
 1.0110828e-003
 1.0109339e-003
 1.0108026e-003
 1.0107030e-003
 1.0106459e-003
 1.0106368e-003
 1.0106766e-003
 1.0107609e-003
 1.0108822e-003
 1.0110306e-003
 1.0111956e-003
 1.0113661e-003
 1.0115316e-003
 1.0116820e-003
 1.0118090e-003
 1.0119062e-003
 1.0119694e-003
 1.0119961e-003
 1.0119856e-003
 1.0119377e-003
 1.0118531e-003
 1.0117326e-003
 1.0115777e-003
 1.0113906e-003
 1.0111756e-003
 1.0109391e-003
 1.0106900e-003
 1.0104395e-003
 1.0102002e-003
 1.0099863e-003
 1.0098115e-003
 1.0096898e-003
 1.0096331e-003
 1.0096502e-003
 1.0097449e-003
 1.0099135e-003
 1.0101444e-003
 1.0104183e-003
 1.0107112e-003
 1.0109957e-003
 1.0112430e-003
 1.0114249e-003
 1.0115153e-003
 1.0114932e-003
 1.0113457e-003
 1.0110716e-003
 1.0106820e-003
 1.0101995e-003
 1.0096551e-003
 1.0090842e-003
 1.0085251e-003
 1.0080158e-003
 1.0075923e-003
 1.0072860e-003
 1.0071201e-003
 1.0071072e-003
 1.0072481e-003
 1.0075325e-003
 1.0079422e-003
 1.0084548e-003
 1.0090447e-003
 1.0096864e-003
 1.0103550e-003
 1.0110268e-003
 1.0116814e-003
 1.0123027e-003
 1.0128788e-003
 1.0134017e-003
 1.0138665e-003
 1.0142705e-003
 1.0146115e-003
 1.0148883e-003
 1.0151009e-003
 1.0152508e-003
 1.0153435e-003
 1.0153881e-003
 1.0153992e-003
 1.0153955e-003
 1.0153991e-003
 1.0154338e-003
 1.0155243e-003
 1.0156942e-003
 1.0159657e-003
 1.0163552e-003
 1.0168717e-003
 1.0175129e-003
 1.0182640e-003
 1.0191000e-003
 1.0199869e-003
 1.0208871e-003
 1.0217594e-003
 1.0225639e-003
 1.0232633e-003
 1.0238254e-003
 1.0242283e-003
 1.0244631e-003
 1.0245356e-003
 1.0244648e-003
 1.0242795e-003
 1.0240142e-003
 1.0237059e-003
 1.0233921e-003
 1.0231079e-003
 1.0228844e-003
 1.0227443e-003
 1.0227000e-003
 1.0227518e-003
 1.0228894e-003
 1.0230949e-003
 1.0233454e-003
 1.0236161e-003
 1.0238822e-003
 1.0241204e-003
 1.0243113e-003
 1.0244427e-003
 1.0245114e-003
 1.0245244e-003
 1.0244980e-003
 1.0244553e-003
 1.0244232e-003
 1.0244304e-003
 1.0245052e-003
 1.0246732e-003
 1.0249537e-003
 1.0253559e-003
 1.0258753e-003
 1.0264916e-003
 1.0271712e-003
 1.0278698e-003
 1.0285372e-003
 1.0291213e-003
 1.0295708e-003
 1.0298397e-003
 1.0298935e-003
 1.0297170e-003
 1.0293209e-003
 1.0287451e-003
 1.0280553e-003
 1.0273366e-003
 1.0266863e-003
 1.0262077e-003
 1.0260091e-003
 1.0262062e-003
 1.0269281e-003
 1.0283256e-003
 1.0305805e-003
 1.0339053e-003
 1.0385439e-003
 1.0447633e-003
 1.0528375e-003
 1.0630459e-003
 1.0756567e-003
 1.0908893e-003
 1.1088904e-003
 1.1296734e-003
 1.1530523e-003
 1.1786517e-003
 1.2059076e-003
 1.2341276e-003
 1.2625215e-003
 1.2902931e-003
 1.3166736e-003
 1.3409795e-003
 1.3627685e-003
 1.3819671e-003
 1.3989911e-003
 1.4148271e-003
 1.4309593e-003
 1.4492468e-003
 1.4717520e-003
 1.5006360e-003
 1.5380381e-003
 1.5859045e-003
 1.6458442e-003
 1.7188691e-003
 1.8051121e-003
 1.9038438e-003
 2.0135210e-003
 2.1319126e-003
 2.2565029e-003
 2.3845879e-003
 2.5134732e-003
 2.6404723e-003
 2.7632399e-003
 2.8798496e-003
 2.9888672e-003
 3.0895788e-003
 3.1818359e-003
 3.2658484e-003
 3.3421456e-003
 3.4113489e-003
 3.4741110e-003
 3.5309750e-003
 3.5823693e-003
 3.6284418e-003
 3.6689350e-003
 3.7032112e-003
 3.7302538e-003
 3.7487536e-003
 3.7572600e-003
 3.7542509e-003
 3.7382294e-003
 3.7078273e-003
 3.6619559e-003
 3.5999801e-003
 3.5219491e-003
 3.4285751e-003
 3.3211946e-003
 3.2016933e-003
 3.0721633e-003
 2.9348191e-003
 2.7920101e-003
 2.6459577e-003
 2.4988202e-003
 2.3525546e-003
 2.2089949e-003
 2.0696202e-003
 1.9356873e-003
 1.8083805e-003
 1.6886835e-003
 1.5775267e-003
 1.4758665e-003
 1.3844899e-003
 1.3040418e-003
 1.2348717e-003
 1.1769995e-003
 1.1299761e-003
 1.0929843e-003
 1.0649522e-003
 1.0446147e-003
 1.0306374e-003
 1.0216833e-003
 1.0164452e-003
 1.0137229e-003
 1.0124929e-003
 1.0119691e-003
 1.0116306e-003
 1.0111955e-003
 1.0105576e-003
 1.0097163e-003
 1.0087218e-003
 1.0076445e-003
 1.0065559e-003
 1.0055208e-003
 1.0045905e-003
 1.0037953e-003
 1.0031440e-003
 1.0026251e-003
 1.0022128e-003
 1.0018714e-003
 1.0015618e-003
 1.0012432e-003
 1.0008774e-003
 1.0004296e-003
 9.9987409e-004
 9.9919573e-004
 9.9839130e-004
 9.9746941e-004
 9.9644554e-004
 9.9533948e-004
 9.9417299e-004
 9.9296926e-004
 9.9175039e-004
 9.9053723e-004
 9.8935072e-004
 9.8820892e-004
 9.8712812e-004
 9.8612346e-004
 9.8520797e-004
 9.8439388e-004
 9.8369259e-004
 9.8311563e-004
 9.8267361e-004
 9.8237651e-004
 9.8223402e-004
 9.8224904e-004
 9.8239793e-004
 9.8271261e-004
 9.8309969e-004
 9.8351785e-004
 9.8392542e-004
 9.8428060e-004
 9.8454184e-004
 9.8466745e-004
 9.8461553e-004
 9.8434486e-004
 9.8381611e-004
 9.8301808e-004
 9.8195323e-004
 9.8062458e-004
 9.7903481e-004
 9.7718753e-004
 9.7508536e-004
 9.7273127e-004
 9.7012788e-004
 9.6727902e-004
 9.6418726e-004
 9.6085569e-004
 9.5728622e-004
 9.5348363e-004
 9.4945135e-004
 9.4520568e-004
 9.4076933e-004
 9.3616400e-004
 9.3141454e-004
 9.2654285e-004
 9.2157145e-004
 9.1652211e-004
 9.1141998e-004
 9.0628653e-004
 9.0114470e-004
 8.9601596e-004
 8.9092541e-004
 8.8589487e-004
 8.8094687e-004
 8.7610434e-004
 8.7138888e-004
 8.6682552e-004
 8.6243451e-004
 8.5822423e-004
 8.5419556e-004
 8.5035211e-004
 8.4669457e-004
 8.4322464e-004
 8.3994318e-004
 8.3685358e-004
 8.3395658e-004
 8.3125400e-004
 8.2874746e-004
 8.2643807e-004
 8.2432874e-004
 8.2242058e-004
 8.2071515e-004
 8.1921404e-004
 8.1791932e-004
 8.1683259e-004
 8.1595540e-004
 8.1528927e-004
 8.1483636e-004
 8.1459811e-004
 8.1457541e-004
 8.1476383e-004
 8.1515551e-004
 8.1574288e-004
 8.1651832e-004
 8.1747409e-004
 8.1860286e-004
 8.1989652e-004
 8.2134746e-004
 8.2294841e-004
 8.2469161e-004
 8.2656904e-004
 8.2857331e-004
 8.3069655e-004
 8.3293207e-004
 8.3527074e-004
 8.3770574e-004
 8.4022922e-004
 8.4283354e-004
 8.4551185e-004
 8.4825506e-004
 8.5105625e-004
 8.5390767e-004
 8.5680245e-004
 8.5973158e-004
 8.6268800e-004
 8.6566439e-004
 8.6865685e-004
 8.7166077e-004
 8.7467360e-004
 8.7769190e-004
 8.8071253e-004
 8.8373281e-004
 8.8674808e-004
 8.8975602e-004
 8.9275296e-004
 8.9573662e-004
 8.9870213e-004
 9.0164709e-004
 9.0456812e-004
 9.0746267e-004
 9.1032614e-004
 9.1315579e-004
 9.1594853e-004
 9.1870152e-004
 9.2141051e-004
 9.2407252e-004
 9.2668447e-004
 9.2924316e-004
 9.3174574e-004
 9.3418779e-004
 9.3656668e-004
 9.3887909e-004
 9.4112242e-004
 9.4329205e-004
 9.4538555e-004
 9.4739976e-004
 9.4933499e-004
 9.5119129e-004
 9.5297041e-004
