s07_ASD Record=8488:  error bars to preceding                
 1.1795209e-003
 1.1629942e-003
 1.1423794e-003
 1.1249490e-003
 1.1199536e-003
 1.1354268e-003
 1.1749309e-003
 1.2359192e-003
 1.3101753e-003
 1.3861589e-003
 1.4523051e-003
 1.4995289e-003
 1.5223370e-003
 1.5192266e-003
 1.4932668e-003
 1.4512328e-003
 1.4012071e-003
 1.3501910e-003
 1.3031854e-003
 1.2633044e-003
 1.2323362e-003
 1.2112816e-003
 1.2006288e-003
 1.2004841e-003
 1.2107830e-003
 1.2316263e-003
 1.2634891e-003
 1.3068367e-003
 1.3606781e-003
 1.4211421e-003
 1.4811850e-003
 1.5323416e-003
 1.5668310e-003
 1.5785217e-003
 1.5656999e-003
 1.5342522e-003
 1.4956230e-003
 1.4621366e-003
 1.4422393e-003
 1.4373026e-003
 1.4421237e-003
 1.4486288e-003
 1.4501837e-003
 1.4440359e-003
 1.4310650e-003
 1.4138751e-003
 1.3948164e-003
 1.3747840e-003
 1.3529138e-003
 1.3271405e-003
 1.2956411e-003
 1.2586924e-003
 1.2198266e-003
 1.1852322e-003
 1.1615354e-003
 1.1535314e-003
 1.1623418e-003
 1.1844396e-003
 1.2132841e-003
 1.2380274e-003
 1.2424913e-003
 1.2242926e-003
 1.1869828e-003
 1.1340554e-003
 1.0762461e-003
 1.0278402e-003
 9.9357823e-004
 9.7085035e-004
 9.5525448e-004
 9.4378891e-004
 9.3691132e-004
 9.3734002e-004
 9.4672607e-004
 9.6317031e-004
 9.8113646e-004
 9.9352864e-004
 9.9472911e-004
 9.8291284e-004
 9.6046994e-004
 9.3260803e-004
 9.0507686e-004
 8.8218995e-004
 8.6587889e-004
 8.5592706e-004
 8.5094944e-004
 8.4948912e-004
 8.5065851e-004
 8.5407583e-004
 8.5924013e-004
 8.6481351e-004
 8.6839759e-004
 8.6724380e-004
 8.5985672e-004
 8.4777543e-004
 8.3645538e-004
 8.3448907e-004
 8.5095991e-004
 8.9167739e-004
 9.5619494e-004
 1.0374660e-003
 1.1239677e-003
 1.2035382e-003
 1.2675559e-003
 1.3138230e-003
 1.3470830e-003
 1.3753952e-003
 1.4027751e-003
 1.4238004e-003
 1.4248472e-003
 1.3919674e-003
 1.3203734e-003
 1.2193441e-003
 1.1100115e-003
 1.0177293e-003
 9.6243079e-004
 9.5071975e-004
 9.7333058e-004
 1.0104226e-003
 1.0426409e-003
 1.0607416e-003
 1.0670155e-003
 1.0690801e-003
 1.0731214e-003
 1.0820777e-003
 1.0972411e-003
 1.1184909e-003
 1.1422252e-003
 1.1607517e-003
 1.1657934e-003
 1.1534684e-003
 1.1262239e-003
 1.0911241e-003
 1.0576802e-003
 1.0365420e-003
 1.0366017e-003
 1.0594168e-003
 1.0957924e-003
 1.1305253e-003
 1.1530533e-003
 1.1633281e-003
 1.1666449e-003
 1.1650091e-003
 1.1568756e-003
 1.1445800e-003
 1.1374818e-003
 1.1451863e-003
 1.1689473e-003
 1.2009164e-003
 1.2304760e-003
 1.2501788e-003
 1.2572580e-003
 1.2525851e-003
 1.2395142e-003
 1.2225278e-003
 1.2056415e-003
 1.1921648e-003
 1.1851575e-003
 1.1844442e-003
 1.1811334e-003
 1.1598910e-003
 1.1137488e-003
 1.0566406e-003
 1.0154004e-003
 1.0074899e-003
 1.0294311e-003
 1.0659199e-003
 1.1039851e-003
 1.1361318e-003
 1.1553966e-003
 1.1547506e-003
 1.1346412e-003
 1.1101478e-003
 1.1063966e-003
 1.1404621e-003
 1.2035130e-003
 1.2628186e-003
 1.2865112e-003
 1.2677357e-003
 1.2239264e-003
 1.1770087e-003
 1.1397956e-003
 1.1167314e-003
 1.1060219e-003
 1.0976798e-003
 1.0776466e-003
 1.0414069e-003
 1.0034170e-003
 9.8891172e-004
 1.0129054e-003
 1.0655483e-003
 1.1182345e-003
 1.1452497e-003
 1.1411066e-003
 1.1186587e-003
 1.0929494e-003
 1.0699205e-003
 1.0506215e-003
 1.0392243e-003
 1.0388773e-003
 1.0416068e-003
 1.0308097e-003
 9.9624274e-004
 9.4395713e-004
 8.9385518e-004
 8.7127433e-004
 8.9459884e-004
 9.5994922e-004
 1.0383880e-003
 1.0972654e-003
 1.1247629e-003
 1.1277501e-003
 1.1117634e-003
 1.0764539e-003
 1.0287627e-003
 9.8594965e-004
 9.6054678e-004
 9.4967644e-004
 9.4380183e-004
 9.4264437e-004
 9.5673185e-004
 9.9140825e-004
 1.0353526e-003
 1.0729462e-003
 1.1057770e-003
 1.1518383e-003
 1.2199177e-003
 1.2908557e-003
 1.3320507e-003
 1.3331753e-003
 1.3193050e-003
 1.3189620e-003
 1.3287842e-003
 1.3268661e-003
 1.3111026e-003
 1.2998622e-003
 1.2995609e-003
 1.2968647e-003
 1.2846716e-003
 1.2754978e-003
 1.2803987e-003
 1.2842459e-003
 1.2569958e-003
 1.1968956e-003
 1.1474517e-003
 1.1488798e-003
 1.1828471e-003
 1.1955936e-003
 1.1689302e-003
 1.1390458e-003
 1.1463251e-003
 1.1917793e-003
 1.2461713e-003
 1.2830116e-003
 1.2973066e-003
 1.2962511e-003
 1.2745996e-003
 1.2165272e-003
 1.1335515e-003
 1.0749536e-003
 1.0744761e-003
 1.1063473e-003
 1.1214988e-003
 1.1142726e-003
 1.1221048e-003
 1.1588710e-003
 1.1818639e-003
 1.1468357e-003
 1.0777591e-003
 1.0464989e-003
 1.0772657e-003
 1.1072537e-003
 1.0705328e-003
 9.8994141e-004
 9.4205025e-004
 9.6062478e-004
 1.0230123e-003
 1.1035081e-003
 1.1888639e-003
 1.2536861e-003
 1.2694084e-003
 1.2410108e-003
 1.2042206e-003
 1.1819988e-003
 1.1634837e-003
 1.1273301e-003
 1.0698406e-003
 1.0133227e-003
 9.9234376e-004
 1.0191776e-003
 1.0605364e-003
 1.0726058e-003
 1.0653274e-003
 1.0933756e-003
 1.1704764e-003
 1.2422053e-003
 1.2654543e-003
 1.2706168e-003
 1.3211633e-003
 1.4352051e-003
 1.5596712e-003
 1.6176887e-003
 1.5804952e-003
 1.4870943e-003
 1.3971144e-003
 1.3441973e-003
 1.3331678e-003
 1.3537913e-003
 1.3834753e-003
 1.3904821e-003
 1.3544994e-003
 1.2963649e-003
 1.2797223e-003
 1.3491141e-003
 1.4568870e-003
 1.4994714e-003
 1.4475129e-003
 1.3725873e-003
 1.3281689e-003
 1.2839411e-003
 1.1938263e-003
 1.0887880e-003
 1.0434327e-003
 1.0752876e-003
 1.1294384e-003
 1.1440356e-003
 1.1003242e-003
 1.0209946e-003
 9.3954022e-004
 8.7579142e-004
 8.3403802e-004
 8.1464340e-004
 8.2233571e-004
 8.6296391e-004
 9.3208917e-004
 1.0077168e-003
 1.0583720e-003
 1.0627826e-003
 1.0238328e-003
 9.6400327e-004
 9.0871262e-004
 8.7347918e-004
 8.6193677e-004
 8.6951855e-004
 8.8749465e-004
 9.0876361e-004
 9.3643920e-004
 9.8718842e-004
 1.0780873e-003
 1.2010885e-003
 1.3094607e-003
 1.3389791e-003
 1.2569359e-003
 1.1007211e-003
 9.7406341e-004
 9.5802546e-004
 1.0209670e-003
 1.0533858e-003
 9.9950924e-004
 9.3365059e-004
 9.3628233e-004
 9.7421341e-004
 9.7955635e-004
 9.6016866e-004
 9.5983106e-004
 9.7771129e-004
 9.8291133e-004
 9.6459157e-004
 9.3461695e-004
 9.0916379e-004
 9.0879097e-004
 9.5471274e-004
 1.0402342e-003
 1.1218130e-003
 1.1638296e-003
 1.1712800e-003
 1.1553447e-003
 1.1050126e-003
 1.0294827e-003
 9.9029241e-004
 1.0448009e-003
 1.1754178e-003
 1.2953494e-003
 1.3201928e-003
 1.2516581e-003
 1.1843503e-003
 1.1954134e-003
 1.2610002e-003
 1.3174377e-003
 1.3409371e-003
 1.3229997e-003
 1.2428607e-003
 1.1307638e-003
 1.0903708e-003
 1.1756636e-003
 1.2994525e-003
 1.3287675e-003
 1.2334124e-003
 1.0673248e-003
 8.9750573e-004
 7.7740342e-004
 7.1944931e-004
 7.0077140e-004
 7.0912630e-004
 7.5930974e-004
 8.6151739e-004
 9.9226099e-004
 1.0988041e-003
 1.1326629e-003
 1.0910158e-003
 1.0178443e-003
 9.6219563e-004
 9.4385119e-004
 9.5274736e-004
 9.7145600e-004
 9.9026400e-004
 1.0081490e-003
 1.0258782e-003
 1.0408371e-003
 1.0472023e-003
 1.0414157e-003
 1.0290894e-003
 1.0251211e-003
 1.0467481e-003
 1.1071628e-003
 1.2122825e-003
 1.3541167e-003
 1.4988588e-003
 1.5814634e-003
 1.5215748e-003
 1.3351431e-003
 1.0445337e-003
 7.9603365e-004
 6.8553415e-004
 7.0351840e-004
 7.9818640e-004
 9.1763685e-004
 1.0152325e-003
 1.0792385e-003
 1.1119582e-003
 1.1157332e-003
 1.0939526e-003
 1.0569080e-003
 1.0176793e-003
 9.8935247e-004
 9.8290609e-004
 9.9531829e-004
 1.0178940e-003
 1.0419249e-003
 1.0595078e-003
 1.0681477e-003
 1.0665238e-003
 1.0547515e-003
 1.0333023e-003
 1.0070166e-003
 9.8565966e-004
 9.7920012e-004
 9.9761144e-004
 1.0502058e-003
 1.1314012e-003
 1.2207926e-003
 1.2973786e-003
 1.3401210e-003
 1.3288949e-003
 1.2634787e-003
 1.1632704e-003
 1.0485373e-003
 9.3949871e-004
 8.5593440e-004
 8.0671319e-004
 7.9008227e-004
 8.0382574e-004
 8.4572897e-004
 9.1358059e-004
 1.0045579e-003
 1.1133847e-003
 1.2342451e-003
 1.3612690e-003
 1.4886447e-003
 1.6105007e-003
 1.7221817e-003
 1.8234325e-003
 1.9151202e-003
 1.9980655e-003
 2.0731310e-003
 2.1411418e-003
 2.2029495e-003
 2.2592882e-003
 2.3104299e-003
 2.3565677e-003
 2.3978716e-003
 2.4345326e-003
 2.4667229e-003
 2.4946309e-003
 2.5184313e-003
 2.5380352e-003
 2.5523093e-003
 2.5598826e-003
 2.5593797e-003
 2.5494269e-003
 2.5286532e-003
 2.4956840e-003
 2.4491400e-003
 2.3885672e-003
 2.3168756e-003
 2.2377952e-003
 2.1550213e-003
 2.0722868e-003
 1.9932857e-003
 1.9217507e-003
 1.8613780e-003
 1.8149506e-003
 1.7817430e-003
 1.7602453e-003
 1.7489358e-003
 1.7462973e-003
 1.7508129e-003
 1.7609661e-003
 1.7752369e-003
 1.7921113e-003
 1.8100676e-003
 1.8275925e-003
 1.8431643e-003
 1.8556032e-003
 1.8649335e-003
 1.8714599e-003
 1.8754826e-003
 1.8773045e-003
 1.8772277e-003
 1.8755537e-003
 1.8725850e-003
 1.8686239e-003
 1.8639715e-003
 1.8589309e-003
 1.8538032e-003
 1.8488467e-003
 1.8441592e-003
 1.8398045e-003
 1.8358447e-003
 1.8323440e-003
 1.8293642e-003
 1.8269696e-003
 1.8252224e-003
 1.8241860e-003
 1.8239233e-003
 1.8244974e-003
 1.8259238e-003
 1.8280514e-003
 1.8306919e-003
 1.8336580e-003
 1.8367604e-003
 1.8398127e-003
 1.8426256e-003
 1.8450121e-003
 1.8467836e-003
 1.8477526e-003
 1.8478000e-003
 1.8470483e-003
 1.8456711e-003
 1.8438428e-003
 1.8417368e-003
 1.8395281e-003
 1.8373897e-003
 1.8354964e-003
 1.8340215e-003
 1.8331399e-003
 1.8329473e-003
 1.8332750e-003
 1.8338973e-003
 1.8345886e-003
 1.8351231e-003
 1.8352749e-003
 1.8348189e-003
 1.8335290e-003
 1.8311797e-003
 1.8275453e-003
 1.8225701e-003
 1.8167691e-003
 1.8107801e-003
 1.8052377e-003
 1.8007803e-003
 1.7980427e-003
 1.7976620e-003
 1.8002748e-003
 1.8065164e-003
 1.8163413e-003
 1.8274315e-003
 1.8369931e-003
 1.8422361e-003
 1.8403673e-003
 1.8285945e-003
 1.8041285e-003
 1.7641720e-003
 1.7079138e-003
 1.6410156e-003
 1.5705037e-003
 1.5033728e-003
 1.4466490e-003
 1.4073302e-003
 1.3924360e-003
 1.4089689e-003
 1.4600010e-003
 1.5357210e-003
 1.6237292e-003
 1.7115889e-003
 1.7869030e-003
 1.8372381e-003
 1.8501881e-003
 1.8133362e-003
 1.7209796e-003
 1.5891185e-003
 1.4380640e-003
 1.3010091e-003
 1.1815334e-003
 1.1064342e-003
 1.0890821e-003
 1.1311099e-003
 1.2239189e-003
 1.3520074e-003
 1.4965822e-003
 1.6380762e-003
 1.7587797e-003
 1.8466327e-003
 1.8977403e-003
 1.9141720e-003
 1.9004943e-003
 1.8619775e-003
 1.8042818e-003
 1.7336204e-003
 1.6568673e-003
 1.5814092e-003
 1.5147252e-003
 1.4636292e-003
 1.4328532e-003
 1.4234676e-003
 1.4322908e-003
 1.4528612e-003
 1.4772012e-003
 1.4976455e-003
 1.5086996e-003
 1.5086276e-003
 1.4999469e-003
 1.4885061e-003
 1.4817005e-003
 1.4864070e-003
 1.5068592e-003
 1.5429258e-003
 1.5896127e-003
 1.6380679e-003
 1.6776939e-003
 1.6987816e-003
 1.6952829e-003
 1.6029697e-003
 1.5955833e-003
 1.5873736e-003
 1.5805191e-003
 1.5768734e-003
 1.5775416e-003
 1.5826089e-003
 1.5910832e-003
 1.6010202e-003
 1.6099161e-003
 1.6152780e-003
 1.6152640e-003
 1.6092103e-003
 1.5978696e-003
 1.5832045e-003
 1.5678969e-003
 1.5547647e-003
 1.5461841e-003
 1.5436852e-003
 1.5477296e-003
 1.5577389e-003
 1.5722782e-003
 1.5893461e-003
 1.6066815e-003
 1.6220455e-003
 1.6334496e-003
 1.6393961e-003
 1.6391057e-003
 1.6326441e-003
 1.6209603e-003
 1.6057251e-003
 1.5890785e-003
 1.5733312e-003
 1.5606934e-003
 1.5530193e-003
 1.5516067e-003
 1.5570498e-003
 1.5691564e-003
 1.5869378e-003
 1.6086727e-003
 1.6320626e-003
 1.6544303e-003
 1.6730037e-003
 1.6852448e-003
 1.6891774e-003
 1.6837142e-003
 1.6688920e-003
 1.6459808e-003
 1.6173939e-003
 1.5864337e-003
 1.5568192e-003
 1.5321592e-003
 1.5153828e-003
 1.5082849e-003
 1.5112864e-003
 1.5234242e-003
 1.5425923e-003
 1.5659613e-003
 1.5904928e-003
 1.6133939e-003
 1.6324893e-003
 1.6463769e-003
 1.6544318e-003
 1.6566582e-003
 1.6534592e-003
 1.6454131e-003
 1.6330968e-003
 1.6170124e-003
 1.5975886e-003
 1.5752761e-003
 1.5506528e-003
 1.5244955e-003
 1.4978151e-003
 1.4717471e-003
 1.4473959e-003
 1.4255873e-003
 1.4066262e-003
 1.3901540e-003
 1.3751135e-003
 1.3599235e-003
 1.3428003e-003
 1.3221817e-003
 1.2971748e-003
 1.2678582e-003
 1.2354185e-003
 1.2020161e-003
 1.1704256e-003
 1.1435805e-003
 1.1240696e-003
 1.1137486e-003
 1.1135607e-003
 1.1235395e-003
 1.1429876e-003
 1.1707242e-003
 1.2053304e-003
 1.2452657e-003
 1.2889273e-003
 1.3345628e-003
 1.3802142e-003
 1.4237255e-003
 1.4628057e-003
 1.4952908e-003
 1.5194062e-003
 1.5340818e-003
 1.5391618e-003
 1.5354480e-003
 1.5245772e-003
 1.5087305e-003
 1.4902472e-003
 1.4712143e-003
 1.4531533e-003
 1.4368100e-003
 1.4221446e-003
 1.4084581e-003
 1.3946445e-003
 1.3795169e-003
 1.3621158e-003
 1.3419468e-003
 1.3191267e-003
 1.2943617e-003
 1.2688350e-003
 1.2439738e-003
 1.2211710e-003
 1.2015539e-003
 1.1857830e-003
 1.1739988e-003
 1.1658615e-003
 1.1607043e-003
 1.1577590e-003
 1.1563820e-003
 1.1562472e-003
 1.1574436e-003
 1.1604625e-003
 1.1660638e-003
 1.1750555e-003
 1.1880220e-003
 1.2050750e-003
 1.2256969e-003
 1.2486973e-003
 1.2723438e-003
 1.2946354e-003
 1.3136315e-003
 1.3278214e-003
 1.3363701e-003
 1.3392402e-003
 1.3371252e-003
 1.3312359e-003
 1.3230111e-003
 1.3138491e-003
 1.3049319e-003
 1.2971869e-003
 1.2913860e-003
 1.2882943e-003
 1.2888057e-003
 1.2939607e-003
 1.3048230e-003
 1.3222167e-003
 1.3464235e-003
 1.3769076e-003
 1.4122080e-003
 1.4500566e-003
 1.4876574e-003
 1.5221693e-003
 1.5511474e-003
 1.5729422e-003
 1.5869046e-003
 1.5933603e-003
 1.5934294e-003
 1.5887248e-003
 1.5810418e-003
 1.5721029e-003
 1.5634091e-003
 1.5561723e-003
 1.5512953e-003
 1.5493599e-003
 1.5505723e-003
 1.5546842e-003
 1.5609125e-003
 1.5679259e-003
 1.5739350e-003
 1.5769285e-003
 1.5750139e-003
 1.5668176e-003
 1.5518346e-003
 1.5306530e-003
 1.5049517e-003
 1.4773022e-003
 1.4507526e-003
 1.4282924e-003
 1.4123325e-003
 1.4042461e-003
 1.4040970e-003
 1.4105988e-003
 1.4212993e-003
 1.4329627e-003
 1.4420927e-003
 1.4455109e-003
 1.4408878e-003
 1.4271591e-003
 1.4047538e-003
 1.3755945e-003
 1.3428467e-003
 1.3105002e-003
 1.2827546e-003
 1.2634012e-003
 1.2552061e-003
 1.2594528e-003
 1.2757173e-003
 1.3019206e-003
 1.3346496e-003
 1.3697210e-003
 1.4028887e-003
 1.4305053e-003
 1.4500838e-003
 1.4605994e-003
 1.4624732e-003
 1.4572998e-003
 1.4473643e-003
 1.4350954e-003
 1.4225701e-003
 1.4111954e-003
 1.4015808e-003
 1.3936274e-003
 1.3867435e-003
 1.3801190e-003
 1.3729898e-003
 1.3648197e-003
 1.3554124e-003
 1.3449428e-003
 1.3339432e-003
 1.3232769e-003
 1.3140780e-003
 1.3076796e-003
 1.3054804e-003
 1.3087557e-003
 1.3184177e-003
 1.3347676e-003
 1.3572858e-003
 1.3845484e-003
 1.4143211e-003
 1.4437994e-003
 1.4700171e-003
 1.4903133e-003
 1.5027244e-003
 1.5062749e-003
 1.5010419e-003
 1.4880399e-003
 1.4689380e-003
 1.4457371e-003
 1.4204429e-003
 1.3948709e-003
 1.3705455e-003
 1.3486951e-003
 1.3303221e-003
 1.3162175e-003
 1.3069568e-003
 1.3028125e-003
 1.3036502e-003
 1.3088573e-003
 1.3173554e-003
 1.3277243e-003
 1.3384332e-003
 1.3481256e-003
 1.3558638e-003
 1.3612829e-003
 1.3645887e-003
 1.3663940e-003
 1.3674514e-003
 1.3683479e-003
 1.3692559e-003
 1.3698115e-003
 1.3691515e-003
 1.3661045e-003
 1.3594800e-003
 1.3483858e-003
 1.3324851e-003
 1.3121529e-003
 1.2884572e-003
 1.2630208e-003
 1.2377474e-003
 1.2144879e-003
 1.1947567e-003
 1.1794919e-003
 1.1689918e-003
 1.1629774e-003
 1.1607956e-003
 1.1616930e-003
 1.1650726e-003
 1.1706545e-003
 1.1784874e-003
 1.1888051e-003
 1.2017635e-003
 1.2171655e-003
 1.2342759e-003
 1.2517908e-003
 1.2680405e-003
 1.2813354e-003
 1.2904096e-003
 1.2948033e-003
 1.2950621e-003
 1.2926942e-003
 1.2898695e-003
 1.2889394e-003
 1.2918998e-003
 1.2999367e-003
 1.3131673e-003
 1.3306198e-003
 1.3504508e-003
 1.3703322e-003
 1.3878735e-003
 1.4010358e-003
 1.4083987e-003
 1.4093027e-003
 1.4038372e-003
 1.3927239e-003
 1.3771438e-003
 1.3585379e-003
 1.3384467e-003
 1.3183508e-003
 1.2995823e-003
 1.2832476e-003
 1.2701843e-003
 1.2609678e-003
 1.2559239e-003
 1.2551912e-003
 1.2587906e-003
 1.2667103e-003
 1.2789686e-003
 1.2956533e-003
 1.3168920e-003
 1.3427789e-003
 1.3732659e-003
 1.4079990e-003
 1.4462222e-003
 1.4866741e-003
 1.5276023e-003
 1.5668743e-003
 1.6021295e-003
 1.6310468e-003
 1.6516331e-003
 1.6624755e-003
 1.6629809e-003
 1.6534979e-003
 1.6353498e-003
 1.6107236e-003
 1.5824779e-003
 1.5538246e-003
 1.5280063e-003
 1.5079369e-003
 1.4958928e-003
 1.4933046e-003
 1.5006331e-003
 1.5173781e-003
 1.5421867e-003
 1.5730697e-003
 1.6076352e-003
 1.6433884e-003
 1.6779510e-003
 1.7092677e-003
 1.7357377e-003
 1.7562377e-003
 1.7701361e-003
 1.7772298e-003
 1.7777060e-003
 1.7721050e-003
 1.7613075e-003
 1.7465363e-003
 1.7293323e-003
 1.7115081e-003
 1.6950101e-003
 1.6817444e-003
 1.6733386e-003
 1.6709114e-003
 1.6749031e-003
 1.6850000e-003
 1.7001861e-003
 1.7189155e-003
 1.7393824e-003
 1.7597933e-003
 1.7786421e-003
 1.7948678e-003
 1.8079308e-003
 1.8177774e-003
 1.8247145e-003
 1.8292632e-003
 1.8320018e-003
 1.8334527e-003
 1.8340169e-003
 1.8339589e-003
 1.8334336e-003
 1.8325304e-003
 1.8313215e-003
 1.8298965e-003
 1.8283781e-003
 1.8269154e-003
 1.8256606e-003
 1.8247347e-003
 1.8241908e-003
 1.8239832e-003
 1.8239496e-003
 1.8238124e-003
 1.8232024e-003
 1.8217047e-003
 1.8189250e-003
 1.8145677e-003
 1.8085088e-003
 1.8008597e-003
 1.7919882e-003
 1.7825048e-003
 1.7731915e-003
 1.7648811e-003
 1.7583190e-003
 1.7540047e-003
 1.7520729e-003
 1.7522186e-003
 1.7537026e-003
 1.7554392e-003
 1.7561583e-003
 1.7546201e-003
 1.7498479e-003
 1.7413347e-003
 1.7291905e-003
 1.7141902e-003
 1.6977006e-003
 1.6815134e-003
 1.6675672e-003
 1.6576542e-003
 1.6531222e-003
 1.6546558e-003
 1.6621744e-003
 1.6748605e-003
 1.6913014e-003
 1.7097158e-003
 1.7282134e-003
 1.7450028e-003
 1.7585645e-003
 1.7677137e-003
 1.7716194e-003
 1.7697796e-003
 1.7619940e-003
 1.7483726e-003
 1.7293640e-003
 1.7058229e-003
 1.6790329e-003
 1.6507145e-003
 1.6229254e-003
 1.5978671e-003
 1.5776465e-003
 1.5639520e-003
 1.5577844e-003
 1.5592319e-003
 1.5673902e-003
 1.5804388e-003
 1.5959019e-003
 1.6110356e-003
 1.6233140e-003
 1.6309093e-003
 1.6330505e-003
 1.6302058e-003
 1.6240077e-003
 1.6169389e-003
 1.6118258e-003
 1.6112649e-003
 1.6170914e-003
 1.6300273e-003
 1.6495666e-003
 1.6741372e-003
 1.7014456e-003
 1.7289518e-003
 1.7543461e-003
 1.7758856e-003
 1.7926123e-003
 1.8043468e-003
 1.8115655e-003
 1.8151781e-003
 1.8162797e-003
 1.8159456e-003
 1.8150870e-003
 1.8143849e-003
 1.8142846e-003
 1.8150330e-003
 1.8167314e-003
 1.8193851e-003
 1.8229393e-003
 1.8273002e-003
 1.8323386e-003
 1.8378922e-003
 1.8437603e-003
 1.8497061e-003
 1.8554692e-003
 1.8607759e-003
 1.8653632e-003
 1.8690043e-003
 1.8715290e-003
 1.8728462e-003
 1.8729543e-003
 1.8719466e-003
 1.8700035e-003
 1.8673757e-003
 1.8643544e-003
 1.8612383e-003
 1.8582916e-003
 1.8557019e-003
 1.8535469e-003
 1.8517686e-003
 1.8501693e-003
 1.8484305e-003
 1.8461596e-003
 1.8429634e-003
 1.8385380e-003
 1.8327630e-003
 1.8257755e-003
 1.8180020e-003
 1.8101434e-003
 1.8030942e-003
 1.7978069e-003
 1.7951188e-003
 1.7955580e-003
 1.7991858e-003
 1.8055036e-003
 1.8135229e-003
 1.8219167e-003
 1.8292237e-003
 1.8340445e-003
 1.8351828e-003
 1.8317977e-003
 1.8235723e-003
 1.8108224e-003
 1.7945364e-003
 1.7762968e-003
 1.7580587e-003
 1.7418633e-003
 1.7294737e-003
 1.7220491e-003
 1.7198676e-003
 1.7222458e-003
 1.7277118e-003
 1.7342978e-003
 1.7398887e-003
 1.7425600e-003
 1.7408349e-003
 1.7338397e-003
 1.7214138e-003
 1.7041084e-003
 1.6831094e-003
 1.6600543e-003
 1.6368302e-003
 1.6153238e-003
 1.5971760e-003
 1.5835923e-003
 1.5751773e-003
 1.5718753e-003
 1.5729760e-003
 1.5772515e-003
 1.5831861e-003
 1.5892194e-003
 1.5939660e-003
 1.5963899e-003
 1.5958956e-003
 1.5923505e-003
 1.5860792e-003
 1.5777727e-003
 1.5683162e-003
 1.5585629e-003
 1.5491064e-003
 1.5400933e-003
 1.5311416e-003
 1.5214037e-003
 1.5097437e-003
 1.4950243e-003
 1.4764135e-003
 1.4536486e-003
 1.4271627e-003
 1.3980210e-003
 1.3677935e-003
 1.3383314e-003
 1.3115277e-003
 1.2891373e-003
 1.2726147e-003
 1.2630166e-003
 1.2609017e-003
 1.2662895e-003
 1.2786529e-003
 1.2969526e-003
 1.3196926e-003
 1.3450267e-003
 1.3709243e-003
 1.3953361e-003
 1.4164073e-003
 1.4326893e-003
 1.4432977e-003
 1.4480423e-003
 1.4474428e-003
 1.4426656e-003
 1.4353510e-003
 1.4273716e-003
 1.4205410e-003
 1.4163435e-003
 1.4157118e-003
 1.4189070e-003
 1.4255168e-003
 1.4345793e-003
 1.4447924e-003
 1.4547876e-003
 1.4634080e-003
 1.4699298e-003
 1.4742109e-003
 1.4767182e-003
 1.4784537e-003
 1.4807847e-003
 1.4852163e-003
 1.4931529e-003
 1.5056789e-003
 1.5233990e-003
 1.5463631e-003
 1.5740474e-003
 1.6054199e-003
 1.6390656e-003
 1.6732980e-003
 1.7063402e-003
 1.7364427e-003
 1.7620334e-003
 1.7818486e-003
 1.7950212e-003
 1.8011857e-003
 1.8005227e-003
 1.7937837e-003
 1.7822483e-003
 1.7676345e-003
 1.7519365e-003
 1.7372369e-003
 1.7254832e-003
 1.7182740e-003
 1.7166956e-003
 1.7212101e-003
 1.7316284e-003
 1.7471558e-003
 1.7665161e-003
 1.7881002e-003
 1.8101506e-003
 1.8309439e-003
 1.8489270e-003
 1.8628553e-003
 1.8718604e-003
 1.8755099e-003
 1.8738267e-003
 1.8672805e-003
 1.8567488e-003
 1.8434540e-003
 1.8288669e-003
 1.8145690e-003
 1.8021051e-003
 1.7928013e-003
 1.7876189e-003
 1.7870275e-003
 1.7909423e-003
 1.7987671e-003
 1.8095110e-003
 1.8219345e-003
 1.8347207e-003
 1.8466406e-003
 1.8566687e-003
 1.8640670e-003
 1.8684285e-003
 1.8697035e-003
 1.8681738e-003
 1.8643863e-003
 1.8590620e-003
 1.8529885e-003
 1.8469248e-003
 1.8415167e-003
 1.8372565e-003
 1.8344664e-003
 1.8333099e-003
 1.8338228e-003
 1.8359453e-003
 1.8395518e-003
 1.8444755e-003
 1.8505325e-003
 1.8575264e-003
 1.8652575e-003
 1.8735180e-003
 1.8820928e-003
 1.8907629e-003
 1.8992992e-003
 1.9074706e-003
 1.9150429e-003
 1.9217909e-003
 1.9275132e-003
 1.9320410e-003
 1.9352563e-003
 1.9371053e-003
 1.9376045e-003
 1.9368443e-003
 1.9349807e-003
 1.9322223e-003
 1.9288086e-003
 1.9249909e-003
 1.9210066e-003
 1.9170633e-003
 1.9133242e-003
 1.9099002e-003
 1.9068524e-003
 1.9041956e-003
 1.9019110e-003
 1.8999573e-003
 1.8982834e-003
 1.8968404e-003
 1.8955887e-003
 1.8945039e-003
 1.8935789e-003
 1.8928224e-003
 1.8922575e-003
 1.8919179e-003
 1.8918447e-003
 1.8920832e-003
 1.8926800e-003
 1.8936803e-003
 1.8951258e-003
 1.8970523e-003
 1.8994855e-003
 1.9024397e-003
 1.9059129e-003
 1.9098835e-003
 1.9143106e-003
 1.9191296e-003
 1.9242560e-003
 1.9295830e-003
 1.9349857e-003
 1.9403253e-003
 1.9454466e-003
 1.9501875e-003
 1.9543776e-003
 1.9578468e-003
 1.9604338e-003
 1.9619958e-003
 1.9624254e-003
 1.9616645e-003
 1.9597234e-003
 1.9566903e-003
 1.9527411e-003
 1.9481336e-003
 1.9431916e-003
 1.9382813e-003
 1.9337710e-003
 1.9299925e-003
 1.9271988e-003
 1.9255285e-003
 1.9249860e-003
 1.9254362e-003
 1.9266208e-003
 1.9281920e-003
 1.9297620e-003
 1.9309585e-003
 1.9314820e-003
 1.9311528e-003
 1.9299417e-003
 1.9279798e-003
 1.9255440e-003
 1.9230194e-003
 1.9208468e-003
 1.9194573e-003
 1.9192091e-003
 1.9203327e-003
 1.9228930e-003
 1.9267775e-003
 1.9317060e-003
 1.9372683e-003
 1.9429730e-003
 1.9483079e-003
 1.9528028e-003
 1.9560766e-003
 1.9578780e-003
 1.9581008e-003
 1.9567932e-003
 1.9541420e-003
 1.9504514e-003
 1.9461085e-003
 1.9415526e-003
 1.9372430e-003
 1.9336268e-003
 1.9311138e-003
 1.9300556e-003
 1.9307350e-003
 1.9333522e-003
 1.9380150e-003
 1.9447263e-003
 1.9533855e-003
 1.9637882e-003
 1.9756232e-003
 1.9884638e-003
 2.0017645e-003
 2.0148819e-003
 2.0271076e-003
 2.0376954e-003
 2.0459155e-003
 2.0510966e-003
 2.0526759e-003
 2.0502165e-003
 2.0434149e-003
 2.0377492e-003
 2.0217351e-003
 2.0010441e-003
 1.9758085e-003
 1.9463634e-003
 1.9133278e-003
 1.8776810e-003
 1.8407084e-003
 1.8038929e-003
 1.7688370e-003
 1.7371428e-003
 1.7103682e-003
 1.6899172e-003
 1.6768976e-003
 1.6719791e-003
 1.6752819e-003
 1.6863515e-003
 1.7041941e-003
 1.7274212e-003
 1.7543912e-003
 1.7833440e-003
 1.8125110e-003
 1.8401848e-003
 1.8648623e-003
 1.8853641e-003
 1.9009793e-003
 1.9115271e-003
 1.9172934e-003
 1.9189151e-003
 1.9172330e-003
 1.9131837e-003
 1.9077233e-003
 1.9017752e-003
 1.8961687e-003
 1.8915787e-003
 1.8884684e-003
 1.8870676e-003
 1.8873964e-003
 1.8893196e-003
 1.8926088e-003
 1.8969903e-003
 1.9021779e-003
 1.9078886e-003
 1.9138599e-003
 1.9198685e-003
 1.9257390e-003
 1.9313549e-003
 1.9366480e-003
 1.9415882e-003
 1.9461691e-003
 1.9503927e-003
 1.9542668e-003
 1.9577951e-003
 1.9609765e-003
 1.9638003e-003
 1.9662399e-003
 1.9682543e-003
 1.9697882e-003
 1.9707752e-003
 1.9711438e-003
 1.9708204e-003
 1.9697340e-003
 1.9678234e-003
 1.9650485e-003
 1.9614021e-003
 1.9569243e-003
 1.9517069e-003
 1.9458861e-003
 1.9396347e-003
 1.9331429e-003
 1.9266115e-003
 1.9202407e-003
 1.9142168e-003
 1.9087042e-003
 1.9038225e-003
 1.8996362e-003
 1.8961462e-003
 1.8932950e-003
 1.8909846e-003
 1.8890906e-003
 1.8874794e-003
 1.8860173e-003
 1.8845825e-003
 1.8830816e-003
 1.8814678e-003
 1.8797580e-003
 1.8780398e-003
 1.8764640e-003
 1.8752284e-003
 1.8745585e-003
 1.8746902e-003
 1.8758554e-003
 1.8782646e-003
 1.8820800e-003
 1.8873832e-003
 1.8941486e-003
 1.9022274e-003
 1.9113654e-003
 1.9212256e-003
 1.9314229e-003
 1.9415553e-003
 1.9512154e-003
 1.9600203e-003
 1.9676292e-003
 1.9737782e-003
 1.9783103e-003
 1.9811806e-003
 1.9824516e-003
 1.9822605e-003
 1.9807918e-003
 1.9782516e-003
 1.9748544e-003
 1.9708129e-003
 1.9663346e-003
 1.9616145e-003
 1.9568296e-003
 1.9521398e-003
 1.9476889e-003
 1.9436062e-003
 1.9400154e-003
 1.9370327e-003
 1.9347692e-003
 1.9333219e-003
 1.9327604e-003
 1.9331097e-003
 1.9343345e-003
 1.9363323e-003
 1.9389398e-003
 1.9419499e-003
 1.9451281e-003
 1.9482302e-003
 1.9510128e-003
 1.9532484e-003
 1.9547453e-003
 1.9553704e-003
 1.9550710e-003
 1.9538829e-003
 1.9519230e-003
 1.9493665e-003
 1.9464243e-003
 1.9433233e-003
 1.9402921e-003
 1.9375506e-003
 1.9352945e-003
 1.9336799e-003
 1.9328092e-003
 1.9327239e-003
 1.9334119e-003
 1.9348210e-003
 1.9368748e-003
 1.9394848e-003
 1.9425586e-003
 1.9460005e-003
 1.9497157e-003
 1.9536070e-003
 1.9575756e-003
 1.9615234e-003
 1.9653486e-003
 1.9689512e-003
 1.9722290e-003
 1.9750812e-003
 1.9774127e-003
 1.9791385e-003
 1.9801962e-003
 1.9805622e-003
 1.9802637e-003
 1.9793848e-003
 1.9780609e-003
 1.9764658e-003
 1.9747945e-003
 1.9732518e-003
 1.9720385e-003
 1.9713398e-003
 1.9713033e-003
 1.9720152e-003
 1.9734777e-003
 1.9756004e-003
 1.9782092e-003
 1.9810682e-003
 1.9839052e-003
 1.9864328e-003
 1.9883662e-003
 1.9894419e-003
 1.9894443e-003
 1.9882396e-003
 1.9858037e-003
 1.9822340e-003
 1.9777382e-003
 1.9726057e-003
 1.9671717e-003
 1.9617944e-003
 1.9568314e-003
 1.9526153e-003
 1.9494308e-003
 1.9474742e-003
 1.9468266e-003
 1.9474387e-003
 1.9491451e-003
 1.9516934e-003
 1.9547816e-003
 1.9580831e-003
 1.9612731e-003
 1.9640431e-003
 1.9661330e-003
 1.9673596e-003
 1.9676436e-003
 1.9670238e-003
 1.9656436e-003
 1.9637228e-003
 1.9615290e-003
 1.9593486e-003
 1.9574675e-003
 1.9561532e-003
 1.9556249e-003
 1.9560251e-003
 1.9573900e-003
 1.9596380e-003
 1.9625823e-003
 1.9659586e-003
 1.9694541e-003
 1.9727387e-003
 1.9754837e-003
 1.9773827e-003
 1.9781855e-003
 1.9777324e-003
 1.9759876e-003
 1.9730532e-003
 1.9691533e-003
 1.9646070e-003
 1.9597844e-003
 1.9550796e-003
 1.9508853e-003
 1.9475720e-003
 1.9454499e-003
 1.9447336e-003
 1.9455064e-003
 1.9477063e-003
 1.9511406e-003
 1.9555176e-003
 1.9604906e-003
 1.9656867e-003
 1.9707317e-003
 1.9752679e-003
 1.9789883e-003
 1.9816644e-003
 1.9831741e-003
 1.9835166e-003
 1.9827979e-003
 1.9812046e-003
 1.9789704e-003
 1.9763489e-003
 1.9735999e-003
 1.9709689e-003
 1.9686711e-003
 1.9668692e-003
 1.9656571e-003
 1.9650487e-003
 1.9649875e-003
 1.9653656e-003
 1.9660431e-003
 1.9668674e-003
 1.9676823e-003
 1.9683409e-003
 1.9687174e-003
 1.9687205e-003
 1.9683067e-003
 1.9674865e-003
 1.9663167e-003
 1.9648911e-003
 1.9633234e-003
 1.9617367e-003
 1.9602557e-003
 1.9589977e-003
 1.9580638e-003
 1.9575278e-003
 1.9574265e-003
 1.9577551e-003
 1.9584713e-003
 1.9595057e-003
 1.9607721e-003
 1.9621777e-003
 1.9636271e-003
 1.9650306e-003
 1.9663086e-003
 1.9673987e-003
 1.9682639e-003
 1.9688942e-003
 1.9693037e-003
 1.9695240e-003
 1.9695985e-003
 1.9695747e-003
 1.9695018e-003
 1.9694257e-003
 1.9693873e-003
 1.9694173e-003
 1.9695323e-003
 1.9697340e-003
 1.9700110e-003
 1.9703407e-003
 1.9706958e-003
 1.9710453e-003
 1.9713584e-003
 1.9716066e-003
 1.9717659e-003
 1.9718208e-003
 1.9717668e-003
 1.9716120e-003
 1.9713757e-003
 1.9710856e-003
 1.9707738e-003
 1.9704753e-003
 1.9702245e-003
 1.9700550e-003
 1.9699952e-003
 1.9700667e-003
 1.9702818e-003
 1.9706418e-003
 1.9711379e-003
 1.9717552e-003
 1.9724735e-003
 1.9732709e-003
 1.9741233e-003
 1.9750050e-003
 1.9758870e-003
 1.9767336e-003
 1.9775014e-003
 1.9781385e-003
 1.9785839e-003
 1.9787715e-003
 1.9786321e-003
 1.9780959e-003
 1.9770965e-003
 1.9755783e-003
 1.9735063e-003
 1.9708832e-003
 1.9677591e-003
 1.9642375e-003
 1.9604734e-003
 1.9566547e-003
 1.9529905e-003
 1.9497011e-003
 1.9470006e-003
 1.9450875e-003
 1.9441230e-003
 1.9442077e-003
 1.9453575e-003
 1.9474971e-003
 1.9504655e-003
 1.9540417e-003
 1.9579690e-003
 1.9619712e-003
 1.9657740e-003
 1.9691172e-003
 1.9717691e-003
 1.9735545e-003
 1.9743703e-003
 1.9741938e-003
 1.9730760e-003
 1.9711209e-003
 1.9684648e-003
 1.9652608e-003
 1.9616659e-003
 1.9578361e-003
 1.9539250e-003
 1.9500749e-003
 1.9464162e-003
 1.9430654e-003
 1.9401287e-003
 1.9377009e-003
 1.9358712e-003
 1.9347261e-003
 1.9343455e-003
 1.9347990e-003
 1.9361342e-003
 1.9383631e-003
 1.9414503e-003
 1.9453043e-003
 1.9497874e-003
 1.9547255e-003
 1.9599248e-003
 1.9651789e-003
 1.9702853e-003
 1.9750525e-003
 1.9793096e-003
 1.9829301e-003
 1.9858419e-003
 1.9880326e-003
 1.9895472e-003
 1.9904703e-003
 1.9909118e-003
 1.9909914e-003
 1.9908329e-003
 1.9905549e-003
 1.9902647e-003
 1.9900501e-003
 1.9899721e-003
 1.9900617e-003
 1.9903237e-003
 1.9907423e-003
 1.9912906e-003
 1.9919360e-003
 1.9926436e-003
 1.9933807e-003
 1.9941172e-003
 1.9948294e-003
 1.9955025e-003
 1.9961304e-003
 1.9967163e-003
 1.9972685e-003
 1.9977996e-003
 1.9983235e-003
 1.9988529e-003
 1.9993978e-003
 1.9999591e-003
 2.0005254e-003
 2.0010676e-003
 2.0015365e-003
 2.0018655e-003
 2.0019747e-003
 2.0017775e-003
 2.0011852e-003
 2.0001151e-003
 1.9985023e-003
 1.9963193e-003
 1.9935996e-003
 1.9904601e-003
 1.9871125e-003
 1.9838503e-003
 1.9810281e-003
 1.9790384e-003
 1.9782842e-003
 1.9791601e-003
 1.9820202e-003
 1.9871332e-003
 1.9946243e-003
 2.0044276e-003
 2.0162552e-003
 2.0296311e-003
 2.0439387e-003
 2.0584676e-003
 2.0724868e-003
 2.0852815e-003
 2.0962080e-003
 2.1048049e-003
 2.1108955e-003
 2.1146960e-003
 2.1168538e-003
 2.1184115e-003
 2.1206983e-003
 2.1252111e-003
 2.1335136e-003
 2.1471477e-003
 2.1675061e-003
 2.1956891e-003
 2.2322978e-003
 2.2772199e-003
 2.3296073e-003
 2.3879185e-003
 2.4501218e-003
 2.5138441e-003
 2.5766348e-003
 2.6360706e-003
 2.6898850e-003
 2.7362958e-003
 2.7742554e-003
 2.8036945e-003
 2.8256846e-003
 2.8422927e-003
 2.8563279e-003
 2.8710288e-003
 2.8898325e-003
 2.9161761e-003
 2.9532772e-003
 3.0039106e-003
 3.0700900e-003
 3.1527276e-003
 3.2516178e-003
 3.3655174e-003
 3.4923241e-003
 3.6295506e-003
 3.7744609e-003
 3.9242809e-003
 4.0761414e-003
 4.2273607e-003
 4.3754033e-003
 4.5178286e-003
 4.6525248e-003
 4.7775717e-003
 4.8911101e-003
 4.9914652e-003
 5.0769951e-003
 5.1461472e-003
 5.1974705e-003
 5.2298633e-003
 5.2426946e-003
 5.2359914e-003
 5.2105249e-003
 5.1677139e-003
 5.1094969e-003
 5.0380747e-003
 4.9557639e-003
 4.8649479e-003
 4.7678454e-003
 4.6664425e-003
 4.5622755e-003
 4.4563790e-003
 4.3490729e-003
 4.2400979e-003
 4.1288491e-003
 4.0143933e-003
 3.8956895e-003
 3.7717952e-003
 3.6418319e-003
 3.5052756e-003
 3.3621164e-003
 3.2131940e-003
 3.0600720e-003
 2.9050587e-003
 2.7511215e-003
 2.6014387e-003
 2.4593240e-003
 2.3281635e-003
 2.2110248e-003
 2.1105336e-003
 2.0285004e-003
 1.9657074e-003
 1.9216766e-003
 1.8948626e-003
 1.8829370e-003
 1.8830735e-003
 1.8922386e-003
 1.9073543e-003
 1.9254636e-003
 1.9439019e-003
 1.9604848e-003
 1.9737133e-003
 1.9828284e-003
 1.9877434e-003
 1.9888619e-003
 1.9868868e-003
 1.9826570e-003
 1.9770551e-003
 1.9709342e-003
 1.9650620e-003
 1.9600603e-003
 1.9563432e-003
 1.9541020e-003
 1.9533234e-003
 1.9538426e-003
 1.9554025e-003
 1.9577020e-003
 1.9604268e-003
 1.9632729e-003
 1.9659668e-003
 1.9682876e-003
 1.9700900e-003
 1.9713119e-003
 1.9719633e-003
 1.9721070e-003
 1.9718355e-003
 1.9712539e-003
 1.9704716e-003
 1.9695919e-003
 1.9687077e-003
 1.9678948e-003
 1.9672043e-003
 1.9666613e-003
 1.9662671e-003
 1.9660033e-003
 1.9658392e-003
 1.9657381e-003
 1.9656615e-003
 1.9655707e-003
 1.9654266e-003
 1.9651905e-003
 1.9648415e-003
 1.9643698e-003
 1.9633565e-003
 1.9618326e-003
 1.9596708e-003
 1.9567441e-003
 1.9529249e-003
 1.9480879e-003
 1.9421057e-003
 1.9348512e-003
 1.9261974e-003
 1.9160407e-003
 1.9045223e-003
 1.8919058e-003
 1.8784589e-003
 1.8644459e-003
 1.8501403e-003
 1.8358066e-003
 1.8217124e-003
 1.8081218e-003
 1.7953087e-003
 1.7835376e-003
 1.7730754e-003
 1.7641881e-003
 1.7571470e-003
 1.7521875e-003
 1.7492695e-003
 1.7482057e-003
 1.7488070e-003
 1.7508836e-003
 1.7542467e-003
 1.7587064e-003
 1.7640755e-003
 1.7701618e-003
 1.7767770e-003
 1.7837323e-003
 1.7908402e-003
 1.7979075e-003
 1.8047472e-003
 1.8111697e-003
 1.8169859e-003
 1.8220074e-003
 1.8260429e-003
 1.8289236e-003
 1.8306534e-003
 1.8313262e-003
 1.8310372e-003
 1.8298813e-003
 1.8279542e-003
 1.8253498e-003
 1.8221645e-003
 1.8184931e-003
 1.8144307e-003
 1.8100722e-003
 1.8055118e-003
 1.8008465e-003
 1.7961706e-003
 1.7915791e-003
 1.7871661e-003
 1.7830285e-003
 1.7792609e-003
 1.7759581e-003
 1.7732147e-003
 1.7711269e-003
 1.7697893e-003
 1.7692862e-003
 1.7696116e-003
 1.7707124e-003
 1.7725356e-003
 1.7750280e-003
 1.7781364e-003
 1.7818086e-003
 1.7859896e-003
 1.7906271e-003
 1.7956683e-003
 1.8010607e-003
 1.8067491e-003
 1.8126816e-003
 1.8188048e-003
 1.8250672e-003
 1.8314124e-003
 1.8377892e-003
 1.8441442e-003
 1.8504240e-003
 1.8565773e-003
 1.8625478e-003
 1.8682841e-003
 1.8737325e-003
 1.8788417e-003
 1.8835557e-003
 1.8878226e-003
 1.8915947e-003
 1.8948697e-003
 1.8976649e-003
 1.8999998e-003
 1.9018938e-003
 1.9033657e-003
 1.9044344e-003
 1.9051192e-003
 1.9054386e-003
 1.9054118e-003
 1.9050580e-003
 1.9043961e-003
 1.9034451e-003
 1.9022238e-003
 1.9007513e-003
 1.8990468e-003
 1.8971295e-003
 1.8950177e-003
 1.8927302e-003
 1.8902875e-003
 1.8877074e-003
 1.8850092e-003
 1.8822118e-003
 1.8793338e-003
 1.8763951e-003
 1.8734144e-003
 1.8704104e-003
 1.8674016e-003
 1.8644086e-003
 1.8614491e-003
 1.8585416e-003
 1.8556940e-003
 1.8529127e-003
 1.8502017e-003
