s07_ASD Record=13702:  error bars to preceding                
 8.6182344e-004
 8.9177763e-004
 9.1540074e-004
 9.2767924e-004
 9.2581485e-004
 9.1068191e-004
 8.8659010e-004
 8.5974426e-004
 8.3621964e-004
 8.2015671e-004
 8.1289612e-004
 8.1316929e-004
 8.1788230e-004
 8.2291011e-004
 8.2417508e-004
 8.1915286e-004
 8.0778875e-004
 7.9212605e-004
 7.7530957e-004
 7.6057052e-004
 7.5044867e-004
 7.4630603e-004
 7.4818759e-004
 7.5506617e-004
 7.6538057e-004
 7.7772635e-004
 7.9158274e-004
 8.0740027e-004
 8.2538975e-004
 8.4417750e-004
 8.6077250e-004
 8.7187754e-004
 8.7506435e-004
 8.6914079e-004
 8.5492613e-004
 8.3539740e-004
 8.1416528e-004
 7.9419877e-004
 7.7731337e-004
 7.6415204e-004
 7.5443432e-004
 7.4725336e-004
 7.4142532e-004
 7.3602248e-004
 7.3100632e-004
 7.2758616e-004
 7.2794611e-004
 7.3432416e-004
 7.4785651e-004
 7.6773838e-004
 7.9104677e-004
 8.1325084e-004
 8.2933233e-004
 8.3541148e-004
 8.3039963e-004
 8.1696035e-004
 8.0131617e-004
 7.9037802e-004
 7.8837154e-004
 7.9620251e-004
 8.0700242e-004
 8.1358798e-004
 8.1437419e-004
 8.0872409e-004
 7.9868827e-004
 7.8884198e-004
 7.8089192e-004
 7.7410456e-004
 7.6757377e-004
 7.6165557e-004
 7.5835577e-004
 7.6012884e-004
 7.6822256e-004
 7.8184495e-004
 7.9829287e-004
 8.1365852e-004
 8.2387653e-004
 8.2595187e-004
 8.1905391e-004
 8.0498139e-004
 7.8753690e-004
 7.7090517e-004
 7.5782865e-004
 7.4867863e-004
 7.4195105e-004
 7.3576404e-004
 7.2930183e-004
 7.2338153e-004
 7.2011742e-004
 7.2225771e-004
 7.3271646e-004
 7.5429893e-004
 7.8925339e-004
 8.3850714e-004
 9.0086291e-004
 9.7260514e-004
 1.0477137e-003
 1.1187115e-003
 1.1780468e-003
 1.2198223e-003
 1.2419542e-003
 1.2477746e-003
 1.2453480e-003
 1.2441954e-003
 1.2504195e-003
 1.2624228e-003
 1.2711470e-003
 1.2650501e-003
 1.2364610e-003
 1.1863032e-003
 1.1252064e-003
 1.0701693e-003
 1.0370300e-003
 1.0316457e-003
 1.0453735e-003
 1.0593710e-003
 1.0559658e-003
 1.0291621e-003
 9.8670274e-004
 9.4346981e-004
 9.1292796e-004
 9.0274197e-004
 9.1454829e-004
 9.4410026e-004
 9.8095613e-004
 1.0110411e-003
 1.0234688e-003
 1.0166413e-003
 9.9755195e-004
 9.7525667e-004
 9.5561129e-004
 9.4143127e-004
 9.3530770e-004
 9.4052230e-004
 9.5907861e-004
 9.8890439e-004
 1.0230448e-003
 1.0528560e-003
 1.0735345e-003
 1.0861806e-003
 1.0932357e-003
 1.0931264e-003
 1.0824389e-003
 1.0637237e-003
 1.0478721e-003
 1.0461176e-003
 1.0603255e-003
 1.0826052e-003
 1.1034558e-003
 1.1176051e-003
 1.1214504e-003
 1.1087226e-003
 1.0736124e-003
 1.0191075e-003
 9.5928623e-004
 9.1113162e-004
 8.8470668e-004
 8.8159391e-004
 8.9981291e-004
 9.3537575e-004
 9.7782840e-004
 1.0094596e-003
 1.0156062e-003
 9.9728280e-004
 9.7152381e-004
 9.5950649e-004
 9.7500446e-004
 1.0190740e-003
 1.0781669e-003
 1.1277974e-003
 1.1460616e-003
 1.1287900e-003
 1.0915946e-003
 1.0585245e-003
 1.0494341e-003
 1.0706135e-003
 1.1075150e-003
 1.1286448e-003
 1.1086259e-003
 1.0524667e-003
 9.9226926e-004
 9.5832901e-004
 9.5826614e-004
 9.8484533e-004
 1.0350500e-003
 1.1109870e-003
 1.2020504e-003
 1.2791931e-003
 1.3182604e-003
 1.3234263e-003
 1.3158631e-003
 1.3050162e-003
 1.2855724e-003
 1.2570356e-003
 1.2268518e-003
 1.1941507e-003
 1.1480794e-003
 1.0863445e-003
 1.0233459e-003
 9.7672676e-004
 9.5383002e-004
 9.5137715e-004
 9.6033385e-004
 9.7115926e-004
 9.8160480e-004
 9.9822157e-004
 1.0228399e-003
 1.0409512e-003
 1.0351137e-003
 1.0102834e-003
 9.9468161e-004
 1.0105543e-003
 1.0487584e-003
 1.0761989e-003
 1.0676542e-003
 1.0277139e-003
 9.8187162e-004
 9.5379679e-004
 9.5648924e-004
 9.9394692e-004
 1.0547511e-003
 1.1079323e-003
 1.1227896e-003
 1.0947334e-003
 1.0409079e-003
 9.7494712e-004
 9.0132561e-004
 8.3143148e-004
 7.8665029e-004
 7.7866350e-004
 7.9487538e-004
 8.1046799e-004
 8.1534043e-004
 8.2438573e-004
 8.5549022e-004
 8.9982792e-004
 9.2312036e-004
 9.0032595e-004
 8.4595429e-004
 8.0382213e-004
 8.0105936e-004
 8.1681513e-004
 8.0948032e-004
 7.7577453e-004
 7.6871377e-004
 8.4263179e-004
 9.7688590e-004
 1.0730816e-003
 1.0541738e-003
 9.5355610e-004
 8.6088525e-004
 8.1103214e-004
 7.7846611e-004
 7.4438466e-004
 7.2142121e-004
 7.2586699e-004
 7.5515080e-004
 7.9363439e-004
 8.3791558e-004
 9.0579462e-004
 9.9885324e-004
 1.0817948e-003
 1.1288460e-003
 1.1488320e-003
 1.1480766e-003
 1.1237881e-003
 1.0917907e-003
 1.0728200e-003
 1.0665354e-003
 1.0623807e-003
 1.0544336e-003
 1.0408147e-003
 1.0277637e-003
 1.0322928e-003
 1.0658961e-003
 1.1157730e-003
 1.1515910e-003
 1.1512742e-003
 1.1197837e-003
 1.0899386e-003
 1.1010438e-003
 1.1603020e-003
 1.2224722e-003
 1.2269155e-003
 1.1548147e-003
 1.0410622e-003
 9.4427651e-004
 9.1085333e-004
 9.5599820e-004
 1.0637627e-003
 1.1910716e-003
 1.2747481e-003
 1.2583768e-003
 1.1324659e-003
 9.4781484e-004
 7.8261964e-004
 6.9138297e-004
 6.7567499e-004
 6.9684262e-004
 7.1581837e-004
 7.1892556e-004
 7.1157358e-004
 7.0163672e-004
 6.9355435e-004
 6.9088087e-004
 6.9785689e-004
 7.1657496e-004
 7.4241252e-004
 7.6349458e-004
 7.6749967e-004
 7.5279450e-004
 7.3368661e-004
 7.2903320e-004
 7.4397860e-004
 7.7183777e-004
 8.1351772e-004
 8.7518687e-004
 9.4397576e-004
 9.8821789e-004
 9.9598360e-004
 1.0040926e-003
 1.0597766e-003
 1.1591288e-003
 1.2471741e-003
 1.2701044e-003
 1.2130610e-003
 1.0982818e-003
 9.6123503e-004
 8.3120342e-004
 7.2703377e-004
 6.6113850e-004
 6.4198265e-004
 6.7094277e-004
 7.3438429e-004
 7.9984387e-004
 8.2820794e-004
 7.9918647e-004
 7.2832464e-004
 6.5632182e-004
 6.1890070e-004
 6.2474783e-004
 6.5796438e-004
 6.9536624e-004
 7.2023651e-004
 7.2655047e-004
 7.1912416e-004
 7.1271282e-004
 7.2729075e-004
 7.7996601e-004
 8.7710324e-004
 1.0059521e-003
 1.1257716e-003
 1.1723220e-003
 1.1091486e-003
 9.9929038e-004
 9.4861031e-004
 1.0080917e-003
 1.1237591e-003
 1.1753700e-003
 1.1241689e-003
 1.0740927e-003
 1.1143342e-003
 1.1819751e-003
 1.1696334e-003
 1.0861703e-003
 1.0423767e-003
 1.1188615e-003
 1.2521117e-003
 1.2650015e-003
 1.0764394e-003
 8.2236354e-004
 6.7788450e-004
 6.5576175e-004
 6.6186802e-004
 6.4722123e-004
 6.4195559e-004
 6.9154747e-004
 7.8317337e-004
 8.3924615e-004
 8.0590072e-004
 7.2325015e-004
 6.7790732e-004
 7.1304804e-004
 7.9532526e-004
 8.4957702e-004
 8.3222124e-004
 7.7094266e-004
 7.2278141e-004
 7.1525521e-004
 7.3870097e-004
 7.6970854e-004
 7.8940409e-004
 7.9190405e-004
 7.8544253e-004
 7.8180770e-004
 7.7594403e-004
 7.5082382e-004
 7.1255094e-004
 7.0223154e-004
 7.7549659e-004
 9.0448803e-004
 9.5890620e-004
 8.8222563e-004
 7.5996312e-004
 6.8909948e-004
 6.9152465e-004
 7.2426978e-004
 7.3427841e-004
 7.0476450e-004
 6.5838586e-004
 6.2612293e-004
 6.2566862e-004
 6.6013349e-004
 7.2562584e-004
 8.1228558e-004
 9.0489478e-004
 9.8609447e-004
 1.0377492e-003
 1.0424490e-003
 9.9161617e-004
 8.9980621e-004
 8.0368831e-004
 7.3898729e-004
 7.1462069e-004
 7.1398186e-004
 7.1677804e-004
 7.1122317e-004
 6.9510064e-004
 6.7127316e-004
 6.4821995e-004
 6.2140863e-004
 5.9942040e-004
 5.8645575e-004
 5.8697781e-004
 6.0556224e-004
 6.4679130e-004
 7.1274652e-004
 7.8921422e-004
 8.5540250e-004
 8.9050288e-004
 8.7786105e-004
 8.2827493e-004
 7.6363288e-004
 7.0584932e-004
 6.7383517e-004
 6.6648755e-004
 6.7459978e-004
 6.8894384e-004
 7.0126116e-004
 7.0977258e-004
 7.1603328e-004
 7.1924040e-004
 7.2132808e-004
 7.2234281e-004
 7.2154868e-004
 7.1817561e-004
 7.1145472e-004
 7.0069492e-004
 6.8698969e-004
 6.7321036e-004
 6.6229800e-004
 6.5719907e-004
 6.6071551e-004
 6.7248155e-004
 6.8901002e-004
 7.0667535e-004
 7.2185922e-004
 7.3108153e-004
 7.3408778e-004
 7.3377806e-004
 7.3318568e-004
 7.3534372e-004
 7.4328476e-004
 7.5907662e-004
 7.8102795e-004
 8.0654596e-004
 8.3302689e-004
 8.5787900e-004
 8.7849877e-004
 8.9277176e-004
 9.0041832e-004
 9.0160698e-004
 8.9650415e-004
 8.8527543e-004
 8.6809025e-004
 8.4511435e-004
 8.1724860e-004
 7.8821613e-004
 7.6239696e-004
 7.4418361e-004
 7.3795859e-004
 7.4810965e-004
 7.7902625e-004
 8.3508721e-004
 9.1829913e-004
 1.0216123e-003
 1.1358942e-003
 1.2519618e-003
 1.3606858e-003
 1.4528842e-003
 1.5194160e-003
 1.5511276e-003
 1.5419280e-003
 1.4971874e-003
 1.4249572e-003
 1.3332616e-003
 1.2301636e-003
 1.1236800e-003
 1.0218773e-003
 9.3277288e-004
 8.6261483e-004
 8.1092585e-004
 7.7571603e-004
 7.5497676e-004
 7.4670574e-004
 7.4890308e-004
 7.5956702e-004
 7.7669311e-004
 7.9828314e-004
 8.2233013e-004
 8.4683753e-004
 8.6979743e-004
 8.8959676e-004
 9.0600317e-004
 9.1910816e-004
 9.2899625e-004
 9.3575742e-004
 9.3947770e-004
 9.4024552e-004
 9.3814824e-004
 9.3327399e-004
 9.2570914e-004
 9.1554312e-004
 9.0286112e-004
 8.8788808e-004
 8.7132113e-004
 8.5397181e-004
 8.3664356e-004
 8.2014798e-004
 8.0528879e-004
 7.9287693e-004
 7.8371709e-004
 7.7861908e-004
 7.7838876e-004
 7.8383461e-004
 7.9532200e-004
 8.1167131e-004
 8.3135604e-004
 8.5285836e-004
 8.7465055e-004
 8.9521531e-004
 9.1302517e-004
 9.2656183e-004
 9.3429949e-004
 9.3471754e-004
 9.2683366e-004
 9.1153913e-004
 8.9012721e-004
 8.6389895e-004
 8.3414471e-004
 8.0216769e-004
 7.6925656e-004
 7.3671556e-004
 7.0583326e-004
 6.7791314e-004
 6.5400830e-004
 6.3437549e-004
 6.1908807e-004
 6.0822797e-004
 6.0187071e-004
 6.0009613e-004
 6.0298131e-004
 6.1060570e-004
 6.2304566e-004
 6.4038229e-004
 6.6233997e-004
 6.8747409e-004
 7.1408029e-004
 7.4046658e-004
 7.6492829e-004
 7.8577304e-004
 8.0129749e-004
 8.0980710e-004
 8.0960162e-004
 7.9993432e-004
 7.8321702e-004
 7.6252641e-004
 7.4093067e-004
 7.2150724e-004
 7.0732471e-004
 7.0145901e-004
 7.0698140e-004
 7.2568707e-004
 7.5517147e-004
 7.9215423e-004
 8.3337032e-004
 8.7553629e-004
 9.1538858e-004
 9.4964419e-004
 9.7503513e-004
 9.8930590e-004
 9.9350896e-004
 9.8937633e-004
 9.7863888e-004
 9.6302468e-004
 9.4426790e-004
 9.2409458e-004
 9.0423948e-004
 8.8600843e-004
 8.6936163e-004
 8.5397862e-004
 8.4062340e-004
 8.2687102e-004
 8.1329973e-004
 7.9988682e-004
 7.8694313e-004
 7.7518111e-004
 7.6558150e-004
 7.5924507e-004
 7.5723382e-004
 7.6023635e-004
 7.6798984e-004
 7.7894167e-004
 7.9062837e-004
 8.0025516e-004
 8.0516445e-004
 8.0339256e-004
 7.9428911e-004
 7.7871128e-004
 7.5865077e-004
 7.3663570e-004
 7.1525399e-004
 6.9675798e-004
 6.8274490e-004
 6.7403831e-004
 6.7085045e-004
 6.7302526e-004
 6.8014814e-004
 6.9145870e-004
 7.0569239e-004
 7.2102447e-004
 7.3521113e-004
 7.4587238e-004
 7.5089588e-004
 7.4893638e-004
 7.3985616e-004
 7.2486006e-004
 7.0624612e-004
 6.8691873e-004
 6.6987798e-004
 6.5777195e-004
 6.9817825e-004
 7.0537947e-004
 7.1731611e-004
 7.3397253e-004
 7.5493520e-004
 7.7940791e-004
 8.0628181e-004
 8.3423161e-004
 8.6178735e-004
 8.8749541e-004
 9.1004069e-004
 9.2838646e-004
 9.4187411e-004
 9.5024984e-004
 9.5360150e-004
 9.5226074e-004
 9.4671745e-004
 9.3757000e-004
 9.2552294e-004
 9.1140985e-004
 8.9620316e-004
 8.8102208e-004
 8.6706923e-004
 8.5554493e-004
 8.4753055e-004
 8.4383780e-004
 8.4480649e-004
 8.5011881e-004
 8.5869798e-004
 8.6875557e-004
 8.7807322e-004
 8.8439643e-004
 8.8586693e-004
 8.8138093e-004
 8.7081059e-004
 8.5504132e-004
 8.3583902e-004
 8.1552105e-004
 7.9655449e-004
 7.8111736e-004
 7.7073823e-004
 7.6609798e-004
 7.6698425e-004
 7.7242329e-004
 7.8093115e-004
 7.9083728e-004
 8.0059533e-004
 8.0904202e-004
 8.1554701e-004
 8.2002429e-004
 8.2283502e-004
 8.2459213e-004
 8.2593662e-004
 8.2733494e-004
 8.2894781e-004
 8.3060254e-004
 8.3186326e-004
 8.3217793e-004
 8.3105359e-004
 8.2821131e-004
 8.2367862e-004
 8.1780285e-004
 8.1118243e-004
 8.0453895e-004
 7.9857640e-004
 7.9384865e-004
 7.9067505e-004
 7.8912219e-004
 7.8904052e-004
 7.9015066e-004
 7.9214649e-004
 7.9479004e-004
 7.9796597e-004
 8.0168527e-004
 8.0602657e-004
 8.1103726e-004
 8.1661996e-004
 8.2243432e-004
 8.2786538e-004
 8.3206064e-004
 8.3405798e-004
 8.3297008e-004
 8.2818733e-004
 8.1954832e-004
 8.0743618e-004
 7.9276733e-004
 7.7686622e-004
 7.6127751e-004
 7.4752484e-004
 7.3688413e-004
 7.3022756e-004
 7.2792656e-004
 7.2985369e-004
 7.3544058e-004
 7.4378774e-004
 7.5378362e-004
 7.6423772e-004
 7.7399256e-004
 7.8203907e-004
 7.8762311e-004
 7.9032971e-004
 7.9015258e-004
 7.8751036e-004
 7.8320573e-004
 7.7830936e-004
 7.7398872e-004
 7.7129732e-004
 7.7098270e-004
 7.7334745e-004
 7.7821070e-004
 7.8497478e-004
 7.9279160e-004
 8.0076972e-004
 8.0818124e-004
 8.1460562e-004
 8.1996614e-004
 8.2447060e-004
 8.2847010e-004
 8.3228142e-004
 8.3603890e-004
 8.3960523e-004
 8.4257365e-004
 8.4435230e-004
 8.4429974e-004
 8.4187917e-004
 8.3678862e-004
 8.2904252e-004
 8.1898784e-004
 8.0727495e-004
 7.9477119e-004
 7.8247092e-004
 7.7138486e-004
 7.6243444e-004
 7.5636932e-004
 7.5368315e-004
 7.5456384e-004
 7.5886253e-004
 7.6610828e-004
 7.7556167e-004
 7.8631623e-004
 7.9743814e-004
 8.0810080e-004
 8.1771676e-004
 8.2599773e-004
 8.3295535e-004
 8.3882437e-004
 8.4392412e-004
 8.4851548e-004
 8.5267535e-004
 8.5624441e-004
 8.5885817e-004
 8.6005050e-004
 8.5940474e-004
 8.5669622e-004
 8.5198757e-004
 8.4563892e-004
 8.3824137e-004
 8.3048048e-004
 8.2299259e-004
 8.1624149e-004
 8.1045966e-004
 8.0567627e-004
 8.0180116e-004
 7.9875434e-004
 7.9658238e-004
 7.9553027e-004
 7.9604256e-004
 7.9868449e-004
 8.0400379e-004
 8.1235933e-004
 8.2377082e-004
 8.3781296e-004
 8.5360557e-004
 8.6991198e-004
 8.8531181e-004
 8.9846336e-004
 9.0834807e-004
 9.1448234e-004
 9.1701571e-004
 9.1668195e-004
 9.1461639e-004
 9.1206527e-004
 9.1006048e-004
 9.0913929e-004
 9.0918643e-004
 9.0943690e-004
 9.0864516e-004
 9.0537890e-004
 8.9836179e-004
 8.8678906e-004
 8.7053876e-004
 8.5022813e-004
 8.2713860e-004
 8.0298324e-004
 7.7963690e-004
 7.5882784e-004
 7.4187585e-004
 7.2954106e-004
 7.2195049e-004
 7.1866025e-004
 7.1878964e-004
 7.2122004e-004
 7.2480837e-004
 7.2857935e-004
 7.3186128e-004
 7.3435355e-004
 7.3612022e-004
 7.3751848e-004
 7.3909084e-004
 7.4144016e-004
 7.4511423e-004
 7.5051794e-004
 7.5785368e-004
 7.6709717e-004
 7.7800400e-004
 7.9012313e-004
 8.0284214e-004
 8.1542344e-004
 8.2706276e-004
 8.3695707e-004
 8.4436522e-004
 8.4868970e-004
 8.4953755e-004
 8.4677915e-004
 8.4057724e-004
 8.3139457e-004
 8.1996270e-004
 8.0723548e-004
 7.9431152e-004
 7.8233879e-004
 7.7242672e-004
 7.6553482e-004
 7.6238450e-004
 7.6336547e-004
 7.6846877e-004
 7.7724532e-004
 7.8881526e-004
 8.0192322e-004
 8.1506476e-004
 8.2667405e-004
 8.3533168e-004
 8.3999062e-004
 8.4015256e-004
 8.3595683e-004
 8.2815916e-004
 8.1799447e-004
 8.0694264e-004
 7.9644361e-004
 7.8764075e-004
 7.8117865e-004
 7.7713019e-004
 7.7503652e-004
 7.7405630e-004
 7.7318097e-004
 7.7145780e-004
 7.6817744e-004
 7.6298992e-004
 7.5593329e-004
 7.4739277e-004
 7.3799473e-004
 7.2848890e-004
 7.1962422e-004
 7.1204890e-004
 7.0625631e-004
 7.0255890e-004
 7.0109882e-004
 7.0188334e-004
 7.0482743e-004
 7.0979499e-004
 7.1662886e-004
 7.2516792e-004
 7.3523662e-004
 7.4663252e-004
 7.5908902e-004
 7.7224697e-004
 7.8563613e-004
 7.9865631e-004
 8.1060437e-004
 8.2070287e-004
 8.2817179e-004
 8.3231641e-004
 8.3262002e-004
 8.2884467e-004
 8.2110951e-004
 8.0993952e-004
 7.9625758e-004
 7.8133377e-004
 7.6665112e-004
 7.5374299e-004
 7.4397755e-004
 7.3834514e-004
 7.3729164e-004
 7.4061501e-004
 7.4747775e-004
 7.5652945e-004
 7.6614134e-004
 7.7469030e-004
 7.8085612e-004
 7.8385387e-004
 7.8354636e-004
 7.8042294e-004
 7.7544583e-004
 7.6980976e-004
 7.6467334e-004
 7.6093787e-004
 7.5910497e-004
 7.5924973e-004
 7.6108385e-004
 7.6408352e-004
 7.6763058e-004
 7.7113602e-004
 7.7411596e-004
 7.7622896e-004
 7.7728432e-004
 7.7724032e-004
 7.7621196e-004
 7.7448314e-004
 7.7251421e-004
 7.7092019e-004
 7.7040691e-004
 7.7165477e-004
 7.7517086e-004
 7.8113668e-004
 7.8930205e-004
 7.9894881e-004
 8.0895895e-004
 8.1797945e-004
 8.2463701e-004
 8.2778418e-004
 8.2669384e-004
 8.2118448e-004
 8.1163575e-004
 7.9891476e-004
 7.8421400e-004
 7.6886942e-004
 7.5416587e-004
 7.4117398e-004
 7.3065620e-004
 7.2301453e-004
 7.1829662e-004
 7.1625260e-004
 7.1640941e-004
 7.1816833e-004
 7.2090176e-004
 7.2404597e-004
 7.2717346e-004
 7.3004432e-004
 7.3261891e-004
 7.3503808e-004
 7.3756848e-004
 7.4052211e-004
 7.4417371e-004
 7.4868940e-004
 7.5409288e-004
 7.6028076e-004
 7.6707703e-004
 7.7432831e-004
 7.8199239e-004
 7.9020642e-004
 7.9930178e-004
 8.0974237e-004
 8.2201808e-004
 8.3648390e-004
 8.5321121e-004
 8.7188330e-004
 8.9174497e-004
 9.1165863e-004
 9.3024893e-004
 9.4608701e-004
 9.5793407e-004
 9.6493709e-004
 9.6678722e-004
 9.6377707e-004
 9.5675350e-004
 9.4696699e-004
 9.3585532e-004
 9.2479039e-004
 9.1484614e-004
 9.0665277e-004
 9.0033980e-004
 8.9560973e-004
 8.9189433e-004
 8.8856142e-004
 8.8511652e-004
 8.8133535e-004
 8.7730808e-004
 8.7338139e-004
 8.7002729e-004
 8.6768996e-004
 8.6665084e-004
 8.6695887e-004
 8.6844154e-004
 8.7078504e-004
 8.7365456e-004
 8.7681384e-004
 8.8020682e-004
 8.8397029e-004
 8.8838325e-004
 8.9375366e-004
 9.0028287e-004
 9.0794027e-004
 9.1637386e-004
 9.2490140e-004
 9.3256799e-004
 9.3828753e-004
 9.4103388e-004
 9.4004290e-004
 9.3499554e-004
 9.2613412e-004
 9.1428793e-004
 9.0078765e-004
 8.8730454e-004
 8.7560544e-004
 8.6731074e-004
 8.6365989e-004
 8.6534518e-004
 8.7243307e-004
 8.8436727e-004
 9.0006221e-004
 9.1803650e-004
 9.3660393e-004
 9.5404522e-004
 9.6879178e-004
 9.7958243e-004
 9.8557048e-004
 9.8640798e-004
 9.8226184e-004
 9.7378442e-004
 9.6201414e-004
 9.4823714e-004
 9.3379553e-004
 9.1990869e-004
 9.0750388e-004
 8.9710439e-004
 8.8881189e-004
 8.8235381e-004
 8.7721850e-004
 8.7281864e-004
 8.6865516e-004
 8.6444401e-004
 8.6017110e-004
 8.5607253e-004
 8.5255824e-004
 8.5009518e-004
 8.4909640e-004
 8.4983354e-004
 8.5239706e-004
 8.5670111e-004
 8.6252723e-004
 8.6958258e-004
 8.7756367e-004
 8.8621431e-004
 8.9535897e-004
 9.0493733e-004
 9.1501034e-004
 9.2576031e-004
 9.3746913e-004
 9.5045206e-004
 9.6497545e-004
 9.8112435e-004
 9.9867722e-004
 1.0170152e-003
 1.0350842e-003
 1.0514861e-003
 1.0646862e-003
 1.0732978e-003
 1.0764216e-003
 1.0739106e-003
 1.0665074e-003
 1.0557689e-003
 1.0437964e-003
 1.0327975e-003
 1.0246218e-003
 1.0203636e-003
 1.0201645e-003
 1.0232676e-003
 1.0283053e-003
 1.0337296e-003
 1.0382646e-003
 1.0412401e-003
 1.0427122e-003
 1.0433528e-003
 1.0441449e-003
 1.0459925e-003
 1.0493647e-003
 1.0540743e-003
 1.0592595e-003
 1.0635532e-003
 1.0653993e-003
 1.0634243e-003
 1.0567718e-003
 1.0453340e-003
 1.0298250e-003
 1.0117191e-003
 9.9303655e-004
 9.7607396e-004
 9.6308038e-004
 9.5595315e-004
 9.5600192e-004
 9.6378289e-004
 9.7904401e-004
 1.0007722e-003
 1.0273582e-003
 1.0568124e-003
 1.0870732e-003
 1.1162754e-003
 1.1430077e-003
 1.1664780e-003
 1.1865201e-003
 1.2035037e-003
 1.2180825e-003
 1.2309046e-003
 1.2423295e-003
 1.2522176e-003
 1.2598725e-003
 1.2641406e-003
 1.2636537e-003
 1.2571762e-003
 1.2439589e-003
 1.2240298e-003
 1.1982046e-003
 1.1679424e-003
 1.1350675e-003
 1.1015118e-003
 1.0690854e-003
 1.0393064e-003
 1.0132580e-003
 9.9146483e-004
 9.7391492e-004
 9.6014392e-004
 9.4941532e-004
 9.4092736e-004
 9.3395833e-004
 9.2796510e-004
 9.2259969e-004
 9.1767719e-004
 9.1312634e-004
 9.0893038e-004
 9.0509339e-004
 9.0161507e-004
 8.9847489e-004
 8.9562178e-004
 8.9295802e-004
 8.9032634e-004
 8.8750763e-004
 8.8422798e-004
 8.8019087e-004
 8.7512960e-004
 8.6887652e-004
 8.6144515e-004
 8.5308828e-004
 8.4433035e-004
 8.3593029e-004
 8.2876580e-004
 8.2367973e-004
 8.2130375e-004
 8.2191575e-004
 8.2534313e-004
 8.3094893e-004
 8.3765562e-004
 8.4403233e-004
 8.4847654e-004
 8.4948319e-004
 8.4594812e-004
 8.3745556e-004
 8.2446705e-004
 8.0831809e-004
 7.9103751e-004
 7.7495590e-004
 7.6222542e-004
 7.5431005e-004
 7.5159885e-004
 7.5332966e-004
 7.5778872e-004
 7.6270214e-004
 7.6571811e-004
 7.6486758e-004
 7.5890828e-004
 7.4749708e-004
 7.3124160e-004
 7.1159680e-004
 6.9060508e-004
 6.7056972e-004
 6.5366528e-004
 6.4162264e-004
 6.3547952e-004
 6.3548452e-004
 6.4114755e-004
 6.5139483e-004
 6.6480722e-004
 6.7986548e-004
 6.9519220e-004
 7.0971012e-004
 7.2273996e-004
 7.3401770e-004
 7.4362935e-004
 7.5192156e-004
 7.5937359e-004
 7.6648808e-004
 7.7370409e-004
 7.8133831e-004
 7.8957627e-004
 7.9848134e-004
 8.0803316e-004
 8.1817387e-004
 8.2883768e-004
 8.3998288e-004
 8.5158466e-004
 8.6361985e-004
 8.7603589e-004
 8.8869740e-004
 9.0135739e-004
 9.1362122e-004
 9.2494866e-004
 9.3468529e-004
 9.4211084e-004
 9.4652432e-004
 9.4733742e-004
 9.4416272e-004
 9.3688944e-004
 9.2573214e-004
 9.1124367e-004
 8.9428434e-004
 8.7597984e-004
 8.5762783e-004
 8.4062177e-004
 8.2634791e-004
 8.1608590e-004
 8.1092847e-004
 8.1168767e-004
 8.1882352e-004
 8.3237572e-004
 8.5192930e-004
 8.7659189e-004
 9.0504281e-004
 9.3559234e-004
 9.6631487e-004
 9.9522283e-004
 1.0204255e-003
 1.0403165e-003
 1.0537270e-003
 1.0600083e-003
 1.0590806e-003
 1.0513988e-003
 1.0378826e-003
 1.0197966e-003
 9.9863345e-004
 9.7596901e-004
 9.5336098e-004
 9.3224150e-004
 9.1382075e-004
 8.9903030e-004
 8.8844961e-004
 8.8228285e-004
 8.8033901e-004
 8.8204991e-004
 8.8655134e-004
 8.9278695e-004
 8.9961954e-004
 9.0594660e-004
 9.1080595e-004
 9.1344718e-004
 9.1337244e-004
 9.1036374e-004
 9.0449495e-004
 8.9610287e-004
 8.8573858e-004
 8.7409467e-004
 8.6191960e-004
 8.4995024e-004
 8.3883741e-004
 8.2911545e-004
 8.2117849e-004
 8.1527635e-004
 8.1152999e-004
 8.0994010e-004
 8.1040448e-004
 8.1273663e-004
 8.1670081e-004
 8.2203996e-004
 8.2851341e-004
 8.3592668e-004
 8.4416365e-004
 8.5321185e-004
 8.6316722e-004
 8.7424094e-004
 8.8673254e-004
 9.0099964e-004
 9.1741700e-004
 9.3631103e-004
 9.5790677e-004
 9.8228559e-004
 1.0093277e-003
 1.0387161e-003
 1.0699176e-003
 1.1022099e-003
 1.1347241e-003
 1.1664538e-003
 1.1963227e-003
 1.2231938e-003
 1.2459180e-003
 1.2633789e-003
 1.2745232e-003
 1.2784363e-003
 1.2744032e-003
 1.2619994e-003
 1.2411635e-003
 1.2122790e-003
 1.1761934e-003
 1.1342362e-003
 1.0881575e-003
 1.0400063e-003
 9.9202245e-004
 9.4645913e-004
 9.0540398e-004
 8.7067467e-004
 8.4367546e-004
 8.2536880e-004
 8.1624492e-004
 8.1634847e-004
 8.2533422e-004
 8.4252917e-004
 8.6699048e-004
 8.9756172e-004
 9.3293941e-004
 9.7169587e-004
 1.0123667e-003
 1.0534825e-003
 1.0936555e-003
 1.1316737e-003
 1.1665459e-003
 1.1976021e-003
 1.2245048e-003
 1.2472686e-003
 1.2662346e-003
 1.2819822e-003
 1.2952507e-003
 1.3068126e-003
 1.3173685e-003
 1.3274561e-003
 1.3373771e-003
 1.3471749e-003
 1.3566504e-003
 1.3654046e-003
 1.3729237e-003
 1.3786647e-003
 1.3821514e-003
 1.3830544e-003
 1.3812458e-003
 1.3768239e-003
 1.3701076e-003
 1.3616006e-003
 1.3519296e-003
 1.3417833e-003
 1.3318337e-003
 1.3226833e-003
 1.3148158e-003
 1.3085663e-003
 1.3041181e-003
 1.3015029e-003
 1.3006210e-003
 1.3012594e-003
 1.3031149e-003
 1.3058138e-003
 1.3089310e-003
 1.3120129e-003
 1.3145984e-003
 1.3162502e-003
 1.3165858e-003
 1.3153154e-003
 1.3122758e-003
 1.3074594e-003
 1.3010242e-003
 1.2932939e-003
 1.2847323e-003
 1.2758896e-003
 1.2673365e-003
 1.2595699e-003
 1.2529307e-003
 1.2475253e-003
 1.2431734e-003
 1.2394165e-003
 1.2355709e-003
 1.2308139e-003
 1.2242823e-003
 1.2151694e-003
 1.2028185e-003
 1.1867785e-003
 1.1668348e-003
 1.1430281e-003
 1.1156868e-003
 1.0854435e-003
 1.0531958e-003
 1.0200320e-003
 9.8717073e-004
 9.5582911e-004
 9.2714228e-004
 9.0205704e-004
 8.8127807e-004
 8.6527626e-004
 8.4802933e-004
 8.4228622e-004
 8.4167352e-004
 8.4602088e-004
 8.5504027e-004
 8.6826773e-004
 8.8502932e-004
 9.0447540e-004
 9.2564430e-004
 9.4750733e-004
 9.6903706e-004
 9.8922872e-004
 1.0071567e-003
 1.0220488e-003
 1.0333515e-003
 1.0407876e-003
 1.0443698e-003
 1.0443731e-003
 1.0412727e-003
 1.0356650e-003
 1.0282070e-003
 1.0195659e-003
 1.0103867e-003
 1.0012396e-003
 9.9257275e-004
 9.8466000e-004
 9.7757636e-004
 9.7122340e-004
 9.6536917e-004
 9.5970777e-004
 9.5390092e-004
 9.4761048e-004
 9.4053906e-004
 9.3247078e-004
 9.2333485e-004
 9.1325317e-004
 9.0255635e-004
 8.9177064e-004
 8.8156323e-004
 8.7268051e-004
 8.6590415e-004
 8.6199504e-004
 8.6163642e-004
 8.6533680e-004
 8.7331608e-004
 8.8539708e-004
 9.0097048e-004
 9.1902819e-004
 9.3827094e-004
 9.5723575e-004
 9.7438082e-004
 9.8818692e-004
 9.9723809e-004
 1.0003641e-003
 9.9680352e-004
 9.8634965e-004
 9.6940575e-004
 9.4693236e-004
 9.2030055e-004
 8.9111365e-004
 8.6109497e-004
 8.3195925e-004
 8.0533972e-004
 7.8265206e-004
 7.6493894e-004
 7.5275527e-004
 7.4610405e-004
 7.4448995e-004
 7.4705418e-004
 7.5272023e-004
 7.6031231e-004
 7.6864025e-004
 7.7657704e-004
 7.8313972e-004
 7.8759895e-004
 7.8956370e-004
 7.8902132e-004
 7.8629958e-004
 7.8197796e-004
 7.7678385e-004
 7.7151350e-004
 7.6697185e-004
 7.6391915e-004
 7.6301233e-004
 7.6472951e-004
 7.6930696e-004
 7.7671162e-004
 7.8667095e-004
 7.9873152e-004
 8.1233238e-004
 8.2686846e-004
 8.4171834e-004
 8.5628894e-004
 8.7003858e-004
 8.8252180e-004
 8.9342851e-004
 9.0258813e-004
 9.0996566e-004
 9.1561943e-004
 9.1966667e-004
 9.2225516e-004
 9.2354359e-004
 9.2369854e-004
 9.2289358e-004
 9.2131353e-004
 9.1915723e-004
 9.1664051e-004
 9.1399229e-004
 9.1145333e-004
 9.0926967e-004
 9.0768666e-004
 9.0694212e-004
 9.0724975e-004
 9.0877456e-004
 9.1159967e-004
 9.1569882e-004
 9.2092261e-004
 9.2701055e-004
 9.3362335e-004
 9.4037061e-004
 9.4684475e-004
 9.5263764e-004
 9.5736666e-004
 9.6070830e-004
 9.6243370e-004
 9.6244592e-004
 9.6079253e-004
 9.5765269e-004
 9.5330097e-004
 9.4807136e-004
 9.4232254e-004
 9.3642151e-004
 9.3072635e-004
 9.2556840e-004
 9.2123920e-004
 9.1797032e-004
 9.1593078e-004
 9.1523136e-004
 9.1593963e-004
 9.1809727e-004
 9.2172995e-004
 9.2685106e-004
 9.3344942e-004
 9.4147341e-004
 9.5079793e-004
 9.6120115e-004
 9.7235828e-004
 9.8384323e-004
 9.9516462e-004
 1.0057861e-003
 1.0151577e-003
 1.0227455e-003
 1.0280621e-003
 1.0307309e-003
 1.0305531e-003
 1.0275757e-003
 1.0221143e-003
 1.0147308e-003
 1.0061635e-003
 9.9725986e-004
 9.8891172e-004
 9.8200329e-004
 9.7736262e-004
 9.7568496e-004
 9.7744260e-004
 9.8280644e-004
 9.9161500e-004
 1.0034033e-003
 1.0174832e-003
 1.0330394e-003
 1.0491918e-003
 1.0650648e-003
 1.0798263e-003
 1.0927607e-003
 1.1033539e-003
 1.1113529e-003
 1.1168042e-003
 1.1200187e-003
 1.1215041e-003
 1.1218861e-003
 1.1218413e-003
 1.1220505e-003
 1.1231538e-003
 1.1256951e-003
 1.1300555e-003
 1.1363935e-003
 1.1446247e-003
 1.1544410e-003
 1.1653707e-003
 1.1768485e-003
 1.1882606e-003
 1.1989853e-003
 1.2084269e-003
 1.2160419e-003
 1.2213865e-003
 1.2241452e-003
 1.2241487e-003
 1.2213583e-003
 1.2158335e-003
 1.2076908e-003
 1.1970849e-003
 1.1841928e-003
 1.1692499e-003
 1.1525728e-003
 1.1346254e-003
 1.1160858e-003
 1.0978424e-003
 1.0809887e-003
 1.0667627e-003
 1.0564964e-003
 1.0515342e-003
 1.0531803e-003
 1.0625861e-003
 1.0805852e-003
 1.1074885e-003
 1.1428671e-003
 1.1855138e-003
 1.2334964e-003
 1.2843662e-003
 1.3353258e-003
 1.3834848e-003
 1.4259735e-003
 1.4600859e-003
 1.4835790e-003
 1.4949245e-003
 1.4935700e-003
 1.4800617e-003
 1.4559175e-003
 1.4233991e-003
 1.3851814e-003
 1.3441362e-003
 1.3031412e-003
 1.2649590e-003
 1.2319757e-003
 1.2059970e-003
 1.1880493e-003
 1.1782584e-003
 1.1759611e-003
 1.1799081e-003
 1.1884982e-003
 1.1999721e-003
 1.2125468e-003
 1.2245149e-003
 1.2343916e-003
 1.2410532e-003
 1.2438654e-003
 1.2427452e-003
 1.2381005e-003
 1.2307062e-003
 1.2215517e-003
 1.2117237e-003
 1.2023343e-003
 1.1944394e-003
 1.1889716e-003
 1.1866509e-003
 1.1879090e-003
 1.1928540e-003
 1.2013079e-003
 1.2128721e-003
 1.2270255e-003
 1.2431866e-003
 1.2607394e-003
 1.2790762e-003
 1.2975951e-003
 1.3157164e-003
 1.3328731e-003
 1.3485397e-003
 1.3622147e-003
 1.3734062e-003
 1.3816459e-003
 1.3864774e-003
 1.3874692e-003
 1.3842602e-003
 1.3766217e-003
 1.3645430e-003
 1.3483239e-003
 1.3285889e-003
 1.3062604e-003
 1.2824975e-003
 1.2585755e-003
 1.2358241e-003
 1.2155852e-003
 1.1991153e-003
 1.1875194e-003
 1.1816499e-003
 1.1819957e-003
 1.1886582e-003
 1.2013878e-003
 1.2196642e-003
 1.2428178e-003
 1.2701051e-003
 1.3007274e-003
 1.3338838e-003
 1.3687512e-003
 1.4044428e-003
 1.4400473e-003
 1.4745890e-003
 1.5070494e-003
 1.5363509e-003
 1.5614216e-003
 1.5811919e-003
 1.5946258e-003
 1.6008300e-003
 1.5991677e-003
 1.5894414e-003
 1.5720472e-003
 1.5480306e-003
 1.5190485e-003
 1.4871769e-003
 1.4547547e-003
 1.4242216e-003
 1.3980241e-003
 1.3784370e-003
 1.3674060e-003
 1.3663216e-003
 1.3758019e-003
 1.3956290e-003
 1.4248061e-003
 1.4617866e-003
 1.5046831e-003
 1.5514612e-003
 1.6000097e-003
 1.6482888e-003
 1.6943737e-003
 1.7365068e-003
 1.7732383e-003
 1.8034152e-003
 1.8261378e-003
 1.8407307e-003
 1.8466362e-003
 1.8433671e-003
 1.8305087e-003
 1.8077586e-003
 1.7750264e-003
 1.7326103e-003
 1.6812786e-003
 1.6223374e-003
 1.5576283e-003
 1.4893131e-003
 1.4197635e-003
 1.3514884e-003
 1.2869266e-003
 1.2283880e-003
 1.1778536e-003
 1.1368034e-003
 1.1059548e-003
 1.0852297e-003
 1.0738369e-003
 1.0704347e-003
 1.0733691e-003
 1.0808381e-003
 1.0910186e-003
 1.1021699e-003
 1.1127423e-003
 1.1215344e-003
 1.1278036e-003
 1.1313192e-003
 1.1323104e-003
 1.1313491e-003
 1.1292098e-003
 1.1267645e-003
 1.1249093e-003
 1.1245182e-003
 1.1263948e-003
 1.1312205e-003
 1.1395108e-003
 1.1516005e-003
 1.1676495e-003
 1.1877028e-003
 1.2117333e-003
 1.2396538e-003
 1.2713580e-003
 1.3066874e-003
 1.3453513e-003
 1.3869095e-003
 1.4306871e-003
 1.4757159e-003
 1.5208228e-003
 1.5646510e-003
 1.6057529e-003
 1.6426170e-003
 1.6737959e-003
 1.6979644e-003
 1.7140533e-003
 1.7214672e-003
 1.7202203e-003
 1.7110127e-003
 1.6951620e-003
 1.6744400e-003
 1.6508817e-003
 1.6266563e-003
 1.6039144e-003
 1.5846877e-003
 1.5707444e-003
 1.5633714e-003
 1.5632275e-003
 1.5702688e-003
 1.5838164e-003
 1.6027255e-003
 1.6255786e-003
 1.6508136e-003
 1.6768625e-003
 1.7022227e-003
 1.7255379e-003
 1.7457500e-003
 1.7621784e-003
 1.7745520e-003
 1.7829932e-003
 1.7879008e-003
 1.7898384e-003
 1.7894530e-003
 1.7874104e-003
 1.7843568e-003
 1.7808820e-003
 1.7774723e-003
 1.7744757e-003
 1.7720886e-003
 1.7703670e-003
 1.7692657e-003
 1.7686787e-003
 1.7684699e-003
 1.7684951e-003
 1.7686138e-003
 1.7687010e-003
 1.7686588e-003
 1.7684256e-003
 1.7679813e-003
 1.7673426e-003
 1.7665528e-003
 1.7656725e-003
 1.7647687e-003
 1.7639110e-003
 1.7631662e-003
 1.7625937e-003
 1.7622409e-003
 1.7621380e-003
 1.7622971e-003
 1.7627133e-003
 1.7633694e-003
 1.7642406e-003
 1.7652981e-003
 1.7665119e-003
 1.7678497e-003
 1.7692770e-003
 1.7707562e-003
 1.7722446e-003
 1.7736928e-003
 1.7750481e-003
 1.7762537e-003
 1.7772502e-003
 1.7779793e-003
 1.7783853e-003
 1.7784212e-003
 1.7780585e-003
 1.7772982e-003
 1.7761831e-003
 1.7748006e-003
 1.7732790e-003
 1.7717764e-003
 1.7704689e-003
 1.7695379e-003
 1.7691590e-003
 1.7694860e-003
 1.7706250e-003
 1.7726038e-003
 1.7753417e-003
 1.7786402e-003
 1.7821939e-003
 1.7856194e-003
 1.7884859e-003
 1.7903518e-003
 1.7907952e-003
 1.7894668e-003
 1.7861708e-003
 1.7809649e-003
 1.7742579e-003
 1.7668384e-003
 1.7598409e-003
 1.7546596e-003
 1.7528321e-003
 1.7559533e-003
 1.7655918e-003
 1.7831677e-003
 1.8098031e-003
 1.8461201e-003
 1.8920237e-003
 1.9466790e-003
 2.0085687e-003
 2.0756226e-003
 2.1455111e-003
 2.2157559e-003
 2.2838784e-003
 2.3474440e-003
 2.4042914e-003
 2.4526340e-003
 2.4911661e-003
 2.5191898e-003
 2.5365138e-003
 2.5433162e-003
 2.5400200e-003
 2.5271550e-003
 2.5053218e-003
 2.4751627e-003
 2.4374013e-003
 2.3928722e-003
 2.3426104e-003
 2.2878032e-003
 2.2298002e-003
 2.1701155e-003
 2.1102922e-003
 2.0518959e-003
 1.9965100e-003
 1.9455809e-003
 1.9003700e-003
 1.8617964e-003
 1.8303524e-003
 1.8060007e-003
 1.7882577e-003
 1.7763179e-003
 1.7691632e-003
 1.7656871e-003
 1.7647643e-003
 1.7652992e-003
 1.7662885e-003
 1.7668828e-003
 1.7664434e-003
 1.7645649e-003
 1.7610517e-003
 1.7558662e-003
 1.7490619e-003
 1.7407368e-003
 1.7310118e-003
 1.7200054e-003
 1.7078301e-003
 1.6945974e-003
 1.6803965e-003
 1.6653039e-003
 1.6493787e-003
 1.6326810e-003
 1.6152549e-003
 1.5971436e-003
 1.5784127e-003
 1.5591403e-003
 1.5394557e-003
 1.5195888e-003
 1.4998717e-003
 1.4807717e-003
 1.4628706e-003
 1.4468519e-003
 1.4334380e-003
 1.4233735e-003
 1.4173952e-003
 1.4161710e-003
 1.4202365e-003
 1.4298927e-003
 1.4451252e-003
 1.4655684e-003
 1.4905330e-003
 1.5191297e-003
 1.5503445e-003
 1.5831201e-003
 1.6163703e-003
 1.6490589e-003
 1.6802055e-003
 1.7088943e-003
 1.7343450e-003
 1.7559001e-003
 1.7730057e-003
 1.7852181e-003
 1.7921510e-003
 1.7934541e-003
 1.7887971e-003
 1.7778660e-003
 1.7603589e-003
 1.7360097e-003
 1.7058982e-003
 1.6760818e-003
 1.6309080e-003
 1.5812793e-003
 1.5284485e-003
 1.4736783e-003
 1.4182187e-003
 1.3633588e-003
 1.3103487e-003
 1.2604512e-003
 1.2149288e-003
 1.1749226e-003
 1.1405392e-003
 1.1112777e-003
 1.0866415e-003
 1.0661290e-003
 1.0492532e-003
 1.0355122e-003
 1.0244090e-003
 1.0154451e-003
 1.0081278e-003
 1.0019579e-003
 9.9643890e-004
 9.9107251e-004
 9.8536431e-004
 9.7885646e-004
 9.7145798e-004
 9.6327398e-004
 9.5440907e-004
 9.4497477e-004
 9.3507610e-004
 9.2481973e-004
 9.1431040e-004
 9.0366008e-004
 8.9297333e-004
 8.8235707e-004
 8.7191601e-004
 8.6176192e-004
 8.5199950e-004
 8.4273570e-004
 8.3407754e-004
 8.2613010e-004
 8.1900426e-004
 8.1279519e-004
 8.0751092e-004
 8.0311159e-004
 7.9956074e-004
 7.9681788e-004
 7.9484435e-004
 7.9360075e-004
 7.9304882e-004
 7.9314911e-004
 7.9386262e-004
 7.9515041e-004
 7.9697400e-004
 7.9929351e-004
 8.0207048e-004
 8.0526562e-004
 8.0884120e-004
 8.1275625e-004
 8.1697269e-004
 8.2145160e-004
 8.2615513e-004
 8.3104195e-004
 8.3607435e-004
 8.4121496e-004
 8.4644312e-004
 8.5174222e-004
 8.5709931e-004
 8.6250028e-004
 8.6793117e-004
 8.7337894e-004
 8.7882695e-004
 8.8426238e-004
 8.8967121e-004
 8.9504034e-004
 9.0035342e-004
 9.0559747e-004
 9.1075816e-004
 9.1582298e-004
 9.2077506e-004
 9.2560169e-004
 9.3028869e-004
 9.3482184e-004
 9.3918823e-004
 9.4337156e-004
 9.4735879e-004
 9.5113582e-004
 9.5468928e-004
 9.5800345e-004
 9.6106500e-004
 9.6386246e-004
 9.6640637e-004
 9.6871622e-004
 9.7081333e-004
 9.7271818e-004
 9.7445160e-004
 9.7603467e-004
 9.7748719e-004
 9.7883050e-004
 9.8008476e-004
 9.8127162e-004
 9.8241062e-004
 9.8352297e-004
 9.8462927e-004
 9.8575070e-004
 9.8690705e-004
 9.8811951e-004
 9.8940870e-004
 9.9079567e-004
 9.9230057e-004
 9.9394412e-004
 9.9574693e-004
 9.9773018e-004
 9.9991472e-004
 1.0023202e-003
 1.0049678e-003
 1.0078785e-003
 1.0110734e-003
 1.0145719e-003
 1.0183952e-003
 1.0225615e-003
 1.0270701e-003
 1.0319073e-003
 1.0370625e-003
