s07_ASD Record=5891:  error bars to preceding                
 1.5192726e-003
 1.5169014e-003
 1.5147703e-003
 1.5130119e-003
 1.5114271e-003
 1.5091826e-003
 1.5045418e-003
 1.4948597e-003
 1.4770072e-003
 1.4481997e-003
 1.4067630e-003
 1.3526056e-003
 1.2872852e-003
 1.2141691e-003
 1.1386959e-003
 1.0678825e-003
 1.0090767e-003
 9.6858421e-004
 9.5046550e-004
 9.5546909e-004
 9.8041072e-004
 1.0188436e-003
 1.0633023e-003
 1.1080452e-003
 1.1507580e-003
 1.1926068e-003
 1.2364518e-003
 1.2835281e-003
 1.3314877e-003
 1.3756213e-003
 1.4112943e-003
 1.4356166e-003
 1.4475508e-003
 1.4474340e-003
 1.4375054e-003
 1.4219591e-003
 1.4054957e-003
 1.3918567e-003
 1.3826998e-003
 1.3772816e-003
 1.3734893e-003
 1.3695920e-003
 1.3654038e-003
 1.3619775e-003
 1.3601561e-003
 1.3592524e-003
 1.3569815e-003
 1.3507329e-003
 1.3393011e-003
 1.3238916e-003
 1.3075949e-003
 1.2933445e-003
 1.2813581e-003
 1.2678815e-003
 1.2466849e-003
 1.2127968e-003
 1.1670368e-003
 1.1177514e-003
 1.0768832e-003
 1.0602574e-003
 1.0774743e-003
 1.1149667e-003
 1.1614704e-003
 1.2066578e-003
 1.2346877e-003
 1.2381044e-003
 1.2231688e-003
 1.2005853e-003
 1.1805361e-003
 1.1709407e-003
 1.1760955e-003
 1.1964547e-003
 1.2287082e-003
 1.2653782e-003
 1.2952382e-003
 1.3060967e-003
 1.2898624e-003
 1.2475714e-003
 1.1911647e-003
 1.1402481e-003
 1.1144718e-003
 1.1246785e-003
 1.1671146e-003
 1.2240199e-003
 1.2707104e-003
 1.2856337e-003
 1.2583026e-003
 1.1915517e-003
 1.0981581e-003
 9.9480827e-004
 8.9697231e-004
 8.1647892e-004
 7.6158781e-004
 7.3790719e-004
 7.4863044e-004
 7.9350505e-004
 8.6715026e-004
 9.5898460e-004
 1.0563791e-003
 1.1494854e-003
 1.2339726e-003
 1.3097692e-003
 1.3772668e-003
 1.4341210e-003
 1.4744577e-003
 1.4910572e-003
 1.4792620e-003
 1.4407971e-003
 1.3862959e-003
 1.3342763e-003
 1.3048421e-003
 1.3103134e-003
 1.3484994e-003
 1.4037023e-003
 1.4553423e-003
 1.4887057e-003
 1.5012298e-003
 1.5011776e-003
 1.5005807e-003
 1.5075939e-003
 1.5229024e-003
 1.5413763e-003
 1.5564581e-003
 1.5636156e-003
 1.5611069e-003
 1.5491417e-003
 1.5295385e-003
 1.5061483e-003
 1.4839346e-003
 1.4652096e-003
 1.4457251e-003
 1.4163125e-003
 1.3719305e-003
 1.3210797e-003
 1.2848228e-003
 1.2825110e-003
 1.3147398e-003
 1.3591893e-003
 1.3856755e-003
 1.3799296e-003
 1.3560605e-003
 1.3452412e-003
 1.3688068e-003
 1.4196171e-003
 1.4691859e-003
 1.4935108e-003
 1.4925188e-003
 1.4856962e-003
 1.4907755e-003
 1.5071282e-003
 1.5172322e-003
 1.5008580e-003
 1.4488831e-003
 1.3704163e-003
 1.2926346e-003
 1.2504916e-003
 1.2667627e-003
 1.3353548e-003
 1.4233431e-003
 1.4900545e-003
 1.5070329e-003
 1.4692061e-003
 1.3973825e-003
 1.3296065e-003
 1.2995562e-003
 1.3159026e-003
 1.3622340e-003
 1.4160029e-003
 1.4642252e-003
 1.5029769e-003
 1.5300999e-003
 1.5441369e-003
 1.5479289e-003
 1.5471461e-003
 1.5421361e-003
 1.5234411e-003
 1.4804872e-003
 1.4181731e-003
 1.3635255e-003
 1.3506199e-003
 1.3936377e-003
 1.4737267e-003
 1.5541633e-003
 1.6085826e-003
 1.6341676e-003
 1.6423505e-003
 1.6437315e-003
 1.6420659e-003
 1.6350107e-003
 1.6135875e-003
 1.5617727e-003
 1.4652964e-003
 1.3303058e-003
 1.1952417e-003
 1.1168437e-003
 1.1339821e-003
 1.2380877e-003
 1.3778557e-003
 1.4955337e-003
 1.5613050e-003
 1.5767996e-003
 1.5562294e-003
 1.5130595e-003
 1.4586728e-003
 1.4008991e-003
 1.3441450e-003
 1.2987640e-003
 1.2834347e-003
 1.3025717e-003
 1.3245697e-003
 1.3024422e-003
 1.2240806e-003
 1.1339318e-003
 1.0995717e-003
 1.1565308e-003
 1.2810724e-003
 1.4109982e-003
 1.4938330e-003
 1.5209400e-003
 1.5191683e-003
 1.5119929e-003
 1.4970619e-003
 1.4681396e-003
 1.4446587e-003
 1.4572946e-003
 1.5083435e-003
 1.5675480e-003
 1.6071385e-003
 1.6246167e-003
 1.6318543e-003
 1.6370025e-003
 1.6404173e-003
 1.6392588e-003
 1.6319603e-003
 1.6209721e-003
 1.6111012e-003
 1.6027914e-003
 1.5907041e-003
 1.5741340e-003
 1.5623008e-003
 1.5590854e-003
 1.5509600e-003
 1.5271822e-003
 1.5047248e-003
 1.5111925e-003
 1.5466481e-003
 1.5838305e-003
 1.6031037e-003
 1.6088233e-003
 1.6132194e-003
 1.6160213e-003
 1.5954255e-003
 1.5201499e-003
 1.3957961e-003
 1.2985474e-003
 1.3078159e-003
 1.4005511e-003
 1.4761561e-003
 1.4821168e-003
 1.4511939e-003
 1.4219865e-003
 1.3954630e-003
 1.3798577e-003
 1.4066881e-003
 1.4785455e-003
 1.5552471e-003
 1.6031478e-003
 1.6209487e-003
 1.6155988e-003
 1.5726989e-003
 1.4706653e-003
 1.3441142e-003
 1.2921096e-003
 1.3643232e-003
 1.4900649e-003
 1.5764657e-003
 1.6091075e-003
 1.6191358e-003
 1.6147685e-003
 1.5697633e-003
 1.4611686e-003
 1.3226550e-003
 1.2452895e-003
 1.2865089e-003
 1.4064593e-003
 1.5249869e-003
 1.5931358e-003
 1.5986703e-003
 1.5531889e-003
 1.4970658e-003
 1.4812722e-003
 1.5191165e-003
 1.5767433e-003
 1.6170000e-003
 1.6180413e-003
 1.5494890e-003
 1.3918519e-003
 1.1997460e-003
 1.0797278e-003
 1.0722707e-003
 1.1134093e-003
 1.1333772e-003
 1.1245877e-003
 1.0945229e-003
 1.0285188e-003
 9.3378889e-004
 8.6480670e-004
 8.6853607e-004
 9.2970807e-004
 9.8974467e-004
 1.0124169e-003
 1.0202752e-003
 1.0482166e-003
 1.0701412e-003
 1.0331962e-003
 9.7895984e-004
 1.0321151e-003
 1.2375056e-003
 1.4881194e-003
 1.6310612e-003
 1.6222505e-003
 1.5320433e-003
 1.4464871e-003
 1.4115248e-003
 1.4342059e-003
 1.4948989e-003
 1.5611254e-003
 1.6058064e-003
 1.6202683e-003
 1.6126628e-003
 1.5972746e-003
 1.5859803e-003
 1.5851287e-003
 1.5946560e-003
 1.6084026e-003
 1.6182221e-003
 1.6214063e-003
 1.6245027e-003
 1.6359357e-003
 1.6497957e-003
 1.6373714e-003
 1.5642808e-003
 1.4280654e-003
 1.2810540e-003
 1.2043882e-003
 1.2439612e-003
 1.3673170e-003
 1.4906444e-003
 1.5506304e-003
 1.5510427e-003
 1.5438582e-003
 1.5685293e-003
 1.6138926e-003
 1.6477350e-003
 1.6636323e-003
 1.6200475e-003
 1.4335830e-003
 1.1410909e-003
 9.6518546e-004
 1.0505384e-003
 1.2667309e-003
 1.4206553e-003
 1.4909273e-003
 1.5046312e-003
 1.3914905e-003
 1.1504857e-003
 9.7758032e-004
 1.0187367e-003
 1.1444464e-003
 1.1420120e-003
 9.9296402e-004
 8.5040956e-004
 8.5545046e-004
 1.0257344e-003
 1.2649174e-003
 1.4624645e-003
 1.5708753e-003
 1.5826314e-003
 1.4975780e-003
 1.3614394e-003
 1.2796946e-003
 1.3229498e-003
 1.4489512e-003
 1.5625270e-003
 1.6157463e-003
 1.6271773e-003
 1.6330933e-003
 1.6299740e-003
 1.5780809e-003
 1.4828143e-003
 1.4183676e-003
 1.4109502e-003
 1.3820010e-003
 1.2969580e-003
 1.2624371e-003
 1.3584839e-003
 1.4876710e-003
 1.5292148e-003
 1.4649750e-003
 1.3851064e-003
 1.3229238e-003
 1.1684217e-003
 9.1266638e-004
 7.4099575e-004
 8.1731495e-004
 1.1094902e-003
 1.4171550e-003
 1.5335529e-003
 1.4132286e-003
 1.1797196e-003
 9.7995659e-004
 8.6923246e-004
 8.0942491e-004
 7.4673945e-004
 6.7260541e-004
 6.2511559e-004
 6.4375333e-004
 7.2671793e-004
 8.3135098e-004
 9.1248145e-004
 9.5621456e-004
 9.8122749e-004
 1.0144643e-003
 1.0714768e-003
 1.1541606e-003
 1.2561727e-003
 1.3626096e-003
 1.4484231e-003
 1.4827470e-003
 1.4538972e-003
 1.3588305e-003
 1.2145641e-003
 1.0376160e-003
 8.6884084e-004
 7.5890776e-004
 7.5852108e-004
 9.0560090e-004
 1.1541831e-003
 1.4244973e-003
 1.6366981e-003
 1.7219558e-003
 1.6845822e-003
 1.5584059e-003
 1.3773161e-003
 1.1741373e-003
 9.7413448e-004
 7.9954969e-004
 6.7260576e-004
 6.1149831e-004
 6.0737366e-004
 6.4813968e-004
 6.9946703e-004
 7.4532541e-004
 7.7623618e-004
 7.9266401e-004
 7.9551683e-004
 7.8569778e-004
 7.6437742e-004
 7.3875266e-004
 7.2201388e-004
 7.2760001e-004
 7.6895062e-004
 8.5881021e-004
 9.9400233e-004
 1.1557314e-003
 1.3244697e-003
 1.4807651e-003
 1.6055978e-003
 1.6912533e-003
 1.7409878e-003
 1.7585518e-003
 1.7476798e-003
 1.7121136e-003
 1.6569395e-003
 1.5925249e-003
 1.5304864e-003
 1.4824688e-003
 1.4600926e-003
 1.4749931e-003
 1.5331885e-003
 1.6190645e-003
 1.7118395e-003
 1.7906930e-003
 1.8348421e-003
 1.8234778e-003
 1.7358110e-003
 1.5595900e-003
 1.3152970e-003
 1.0311004e-003
 7.3528988e-004
 4.5602140e-004
 2.2158353e-004
 6.0146820e-005
-2.8117938e-008
 5.9619706e-005
 2.2127261e-004
 4.5859040e-004
 7.4514194e-004
 1.0546168e-003
 1.3605667e-003
 1.6366557e-003
 1.8565337e-003
 2.0007573e-003
 2.0760077e-003
 2.0949799e-003
 2.0703939e-003
 2.0149683e-003
 1.9414051e-003
 1.8624349e-003
 1.7907541e-003
 1.7364031e-003
 1.6994756e-003
 1.6778010e-003
 1.6691951e-003
 1.6714801e-003
 1.6824760e-003
 1.7000063e-003
 1.7218875e-003
 1.7459457e-003
 1.7699957e-003
 1.7918639e-003
 1.8093660e-003
 1.8208855e-003
 1.8268232e-003
 1.8280443e-003
 1.8254113e-003
 1.8197872e-003
 1.8120363e-003
 1.8030207e-003
 1.7936029e-003
 1.7846482e-003
 1.7770174e-003
 1.7715755e-003
 1.7691847e-003
 1.7703803e-003
 1.7745264e-003
 1.7807250e-003
 1.7880799e-003
 1.7956928e-003
 1.8026679e-003
 1.8081062e-003
 1.8111119e-003
 1.8107872e-003
 1.8062356e-003
 1.7965586e-003
 1.7813238e-003
 1.7617203e-003
 1.7393011e-003
 1.7156109e-003
 1.6922040e-003
 1.6706244e-003
 1.6524257e-003
 1.6391539e-003
 1.6323606e-003
 1.6335935e-003
 1.6436891e-003
 1.6610160e-003
 1.6834112e-003
 1.7087036e-003
 1.7347325e-003
 1.7593268e-003
 1.7803252e-003
 1.7955573e-003
 1.8028605e-003
 1.8000673e-003
 1.7859398e-003
 1.7624222e-003
 1.7321274e-003
 1.6976813e-003
 1.6616946e-003
 1.6267946e-003
 1.5955952e-003
 1.5707121e-003
 1.5547699e-003
 1.5503840e-003
 1.5587963e-003
 1.5766065e-003
 1.5994305e-003
 1.6228930e-003
 1.6426083e-003
 1.6542006e-003
 1.6532870e-003
 1.6354866e-003
 1.5964241e-003
 1.5337623e-003
 1.4519606e-003
 1.3569251e-003
 1.2545201e-003
 1.1506566e-003
 1.0511973e-003
 9.6205197e-004
 8.8908646e-004
 8.3677529e-004
 8.0485339e-004
 7.9210725e-004
 7.9731271e-004
 8.1924698e-004
 8.5669424e-004
 9.0842426e-004
 9.7321934e-004
 1.0489813e-003
 1.1306930e-003
 1.2127861e-003
 1.2896542e-003
 1.3557272e-003
 1.4054028e-003
 1.4331050e-003
 1.4332408e-003
 1.4039350e-003
 1.3552847e-003
 1.2997786e-003
 1.2554051e-003
 1.2295183e-003
 1.2356611e-003
 1.2802890e-003
 1.3596654e-003
 1.4605571e-003
 1.5632729e-003
 1.6450875e-003
 1.6832809e-003
 1.6601839e-003
 1.5715146e-003
 1.4313970e-003
 1.2670928e-003
 1.1108028e-003
 9.9350582e-004
 9.3847839e-004
 9.5429632e-004
 1.0326670e-003
 1.1526435e-003
 1.2874623e-003
 1.4105022e-003
 1.5009918e-003
 1.5491811e-003
 1.5582050e-003
 1.5411784e-003
 1.5160332e-003
 1.5004750e-003
 1.5073174e-003
 1.5406902e-003
 1.5948530e-003
 1.6563050e-003
 1.7077689e-003
 1.7326070e-003
 1.7191351e-003
 1.6640031e-003
 1.5732072e-003
 1.4602869e-003
 1.3426974e-003
 1.2377118e-003
 1.1585124e-003
 1.2341815e-003
 1.2004389e-003
 1.1743675e-003
 1.1551330e-003
 1.1413180e-003
 1.1313738e-003
 1.1239970e-003
 1.1183886e-003
 1.1143591e-003
 1.1122678e-003
 1.1128127e-003
 1.1167154e-003
 1.1243997e-003
 1.1357574e-003
 1.1501301e-003
 1.1664534e-003
 1.1834860e-003
 1.2000988e-003
 1.2155052e-003
 1.2294315e-003
 1.2421642e-003
 1.2544631e-003
 1.2674046e-003
 1.2821417e-003
 1.2996747e-003
 1.3206169e-003
 1.3449108e-003
 1.3716527e-003
 1.3990217e-003
 1.4244702e-003
 1.4451782e-003
 1.4585848e-003
 1.4629443e-003
 1.4577212e-003
 1.4437751e-003
 1.4232809e-003
 1.3994171e-003
 1.3758041e-003
 1.3558726e-003
 1.3422269e-003
 1.3361677e-003
 1.3374789e-003
 1.3444754e-003
 1.3543313e-003
 1.3635952e-003
 1.3688265e-003
 1.3672160e-003
 1.3571188e-003
 1.3383806e-003
 1.3124354e-003
 1.2821093e-003
 1.2512216e-003
 1.2239761e-003
 1.2042663e-003
 1.1950308e-003
 1.1977003e-003
 1.2118947e-003
 1.2353840e-003
 1.2643770e-003
 1.2940444e-003
 1.3192772e-003
 1.3354592e-003
 1.3391991e-003
 1.3288296e-003
 1.3045926e-003
 1.2684924e-003
 1.2238163e-003
 1.1745106e-003
 1.1244358e-003
 1.0768019e-003
 1.0337624e-003
 9.9628477e-004
 9.6433150e-004
 9.3715906e-004
 9.1376709e-004
 8.9328201e-004
 8.7523635e-004
 8.5970992e-004
 8.4727036e-004
 8.3881273e-004
 8.3530386e-004
 8.3753315e-004
 8.4592443e-004
 8.6045434e-004
 8.8068121e-004
 9.0587640e-004
 9.3521760e-004
 9.6793560e-004
 1.0034118e-003
 1.0411728e-003
 1.0807355e-003
 1.1214606e-003
 1.1623579e-003
 1.2020415e-003
 1.2388427e-003
 1.2710389e-003
 1.2972534e-003
 1.3167908e-003
 1.3298899e-003
 1.3377386e-003
 1.3422213e-003
 1.3454737e-003
 1.3493359e-003
 1.3548816e-003
 1.3621633e-003
 1.3702491e-003
 1.3775596e-003
 1.3823843e-003
 1.3834386e-003
 1.3802812e-003
 1.3734717e-003
 1.3644212e-003
 1.3549956e-003
 1.3469759e-003
 1.3415383e-003
 1.3389061e-003
 1.3382480e-003
 1.3378591e-003
 1.3355699e-003
 1.3292792e-003
 1.3174852e-003
 1.2996884e-003
 1.2765585e-003
 1.2498596e-003
 1.2220840e-003
 1.1959488e-003
 1.1737980e-003
 1.1570835e-003
 1.1460698e-003
 1.1397896e-003
 1.1363213e-003
 1.1332859e-003
 1.1284585e-003
 1.1203381e-003
 1.1085209e-003
 1.0938061e-003
 1.0779982e-003
 1.0634720e-003
 1.0526404e-003
 1.0474232e-003
 1.0488619e-003
 1.0569417e-003
 1.0706257e-003
 1.0880539e-003
 1.1068493e-003
 1.1244620e-003
 1.1384678e-003
 1.1468498e-003
 1.1482059e-003
 1.1419326e-003
 1.1283524e-003
 1.1087912e-003
 1.0855420e-003
 1.0617230e-003
 1.0409647e-003
 1.0269594e-003
 1.0229510e-003
 1.0312089e-003
 1.0526326e-003
 1.0865495e-003
 1.1307996e-003
 1.1820243e-003
 1.2362205e-003
 1.2893032e-003
 1.3377011e-003
 1.3788193e-003
 1.4112552e-003
 1.4348566e-003
 1.4505748e-003
 1.4601621e-003
 1.4658346e-003
 1.4699051e-003
 1.4744690e-003
 1.4811534e-003
 1.4909424e-003
 1.5040950e-003
 1.5201309e-003
 1.5379036e-003
 1.5557522e-003
 1.5716943e-003
 1.5836898e-003
 1.5898910e-003
 1.5888915e-003
 1.5799027e-003
 1.5628455e-003
 1.5383229e-003
 1.5075081e-003
 1.4719384e-003
 1.4332515e-003
 1.3929700e-003
 1.3522973e-003
 1.3119967e-003
 1.2724226e-003
 1.2335837e-003
 1.1953586e-003
 1.1577100e-003
 1.1208955e-003
 1.0856681e-003
 1.0533124e-003
 1.0256186e-003
 1.0046795e-003
 9.9258835e-004
 9.9109230e-004
 1.0012202e-003
 1.0229916e-003
 1.0552438e-003
 1.0956550e-003
 1.1409073e-003
 1.1870855e-003
 1.2301276e-003
 1.2663793e-003
 1.2931023e-003
 1.3088197e-003
 1.3135042e-003
 1.3085071e-003
 1.2962590e-003
 1.2797957e-003
 1.2622138e-003
 1.2461500e-003
 1.2333939e-003
 1.2247302e-003
 1.2199876e-003
 1.2183093e-003
 1.2185328e-003
 1.2196028e-003
 1.2209055e-003
 1.2224499e-003
 1.2248534e-003
 1.2291345e-003
 1.2363644e-003
 1.2472462e-003
 1.2617422e-003
 1.2788178e-003
 1.2964047e-003
 1.3116105e-003
 1.3211252e-003
 1.3217988e-003
 1.3112220e-003
 1.2882248e-003
 1.2531368e-003
 1.2078021e-003
 1.1553011e-003
 1.0994402e-003
 1.0442104e-003
 9.9317427e-004
 9.4907824e-004
 9.1358827e-004
 8.8724500e-004
 8.6962734e-004
 8.5957267e-004
 8.5548137e-004
 8.5557759e-004
 8.5813133e-004
 8.6161244e-004
 8.6478912e-004
 8.6677854e-004
 8.6707145e-004
 8.6553098e-004
 8.6237100e-004
 8.5810799e-004
 8.5348950e-004
 8.4939529e-004
 8.4672228e-004
 8.4627257e-004
 8.4865105e-004
 8.5419777e-004
 8.6295564e-004
 8.7468972e-004
 8.8893418e-004
 9.0507668e-004
 9.2246314e-004
 9.4048132e-004
 9.5866091e-004
 9.7671675e-004
 9.9458161e-004
 1.0124050e-003
 1.0304996e-003
 1.0492944e-003
 1.0692398e-003
 1.0907253e-003
 1.1139998e-003
 1.1390712e-003
 1.1656595e-003
 1.1931265e-003
 1.2204600e-003
 1.2462989e-003
 1.2689730e-003
 1.2866465e-003
 1.2974737e-003
 1.2998321e-003
 1.2925587e-003
 1.2751637e-003
 1.2479853e-003
 1.2122144e-003
 1.1698295e-003
 1.1233519e-003
 1.0755798e-003
 1.0292520e-003
 9.8675105e-004
 9.4996253e-004
 9.2018367e-004
 8.9822069e-004
 8.8450633e-004
 8.7924133e-004
 8.8249275e-004
 8.9419092e-004
 9.1404625e-004
 9.4141910e-004
 9.7522227e-004
 1.0138622e-003
 1.0553483e-003
 1.0974529e-003
 1.1379858e-003
 1.1750765e-003
 1.2073476e-003
 1.2340209e-003
 1.2548831e-003
 1.2701191e-003
 1.2801345e-003
 1.2853604e-003
 1.2861533e-003
 1.2827902e-003
 1.2755679e-003
 1.2649654e-003
 1.2518190e-003
 1.2374324e-003
 1.2235633e-003
 1.2122784e-003
 1.2056346e-003
 1.2052794e-003
 1.2120053e-003
 1.2253949e-003
 1.2436357e-003
 1.2636199e-003
 1.2813165e-003
 1.2924258e-003
 1.2931819e-003
 1.2811366e-003
 1.2557770e-003
 1.2187801e-003
 1.1738910e-003
 1.1263381e-003
 1.0820158e-003
 1.0464832e-003
 1.0240364e-003
 1.0170558e-003
 1.0256607e-003
 1.0477845e-003
 1.0795816e-003
 1.1161153e-003
 1.1521248e-003
 1.1828423e-003
 1.2046227e-003
 1.2154141e-003
 1.2149562e-003
 1.2047152e-003
 1.1875967e-003
 1.1674882e-003
 1.1486922e-003
 1.1353293e-003
 1.1308132e-003
 1.1374152e-003
 1.1560053e-003
 1.1859619e-003
 1.2252921e-003
 1.2708793e-003
 1.3188858e-003
 1.3652442e-003
 1.4061024e-003
 1.4383093e-003
 1.4597262e-003
 1.4694632e-003
 1.4679403e-003
 1.4567922e-003
 1.4386394e-003
 1.4167585e-003
 1.3946807e-003
 1.3757662e-003
 1.3628398e-003
 1.3578712e-003
 1.3617969e-003
 1.3744521e-003
 1.3946558e-003
 1.4203930e-003
 1.4491186e-003
 1.4780693e-003
 1.5046061e-003
 1.5265091e-003
 1.5421626e-003
 1.5506675e-003
 1.5518372e-003
 1.5461090e-003
 1.5344123e-003
 1.5180327e-003
 1.4984985e-003
 1.4774939e-003
 1.4568303e-003
 1.4383845e-003
 1.4240468e-003
 1.4155884e-003
 1.4144834e-003
 1.4217054e-003
 1.4375339e-003
 1.4614301e-003
 1.4920334e-003
 1.5273101e-003
 1.5647820e-003
 1.6018817e-003
 1.6362428e-003
 1.6659671e-003
 1.6897689e-003
 1.7069652e-003
 1.7174104e-003
 1.7213472e-003
 1.7192891e-003
 1.7119343e-003
 1.7001416e-003
 1.6849387e-003
 1.6675188e-003
 1.6492140e-003
 1.6313768e-003
 1.6152371e-003
 1.6017205e-003
 1.5913066e-003
 1.5839892e-003
 1.5793275e-003
 1.5766176e-003
 1.5751125e-003
 1.5742385e-003
 1.5737388e-003
 1.5736968e-003
 1.5744382e-003
 1.5763358e-003
 1.5795868e-003
 1.5840258e-003
 1.5890454e-003
 1.5936433e-003
 1.5966065e-003
 1.5967831e-003
 1.5933787e-003
 1.5862072e-003
 1.5758174e-003
 1.5634693e-003
 1.5509207e-003
 1.5400872e-003
 1.5326090e-003
 1.5294348e-003
 1.5305290e-003
 1.5347728e-003
 1.5401175e-003
 1.5439715e-003
 1.5437522e-003
 1.5374717e-003
 1.5242217e-003
 1.5044381e-003
 1.4798682e-003
 1.4532349e-003
 1.4277200e-003
 1.4063142e-003
 1.3912686e-003
 1.3836859e-003
 1.3833704e-003
 1.3889336e-003
 1.3980936e-003
 1.4081083e-003
 1.4162232e-003
 1.4200850e-003
 1.4180345e-003
 1.4092866e-003
 1.3939675e-003
 1.3730555e-003
 1.3482070e-003
 1.3215427e-003
 1.2953673e-003
 1.2718654e-003
 1.2528438e-003
 1.2394805e-003
 1.2322029e-003
 1.2306583e-003
 1.2338285e-003
 1.2402622e-003
 1.2483849e-003
 1.2568183e-003
 1.2646494e-003
 1.2715855e-003
 1.2779520e-003
 1.2845596e-003
 1.2924562e-003
 1.3026453e-003
 1.3158380e-003
 1.3322799e-003
 1.3517054e-003
 1.3734119e-003
 1.3963917e-003
 1.4195371e-003
 1.4417914e-003
 1.4622727e-003
 1.4803224e-003
 1.4954595e-003
 1.5073180e-003
 1.5155412e-003
 1.5197230e-003
 1.5193999e-003
 1.5141203e-003
 1.5035869e-003
 1.4878507e-003
 1.4675005e-003
 1.4437790e-003
 1.4186137e-003
 1.3944590e-003
 1.3740377e-003
 1.3599590e-003
 1.3543271e-003
 1.3584326e-003
 1.3725711e-003
 1.3960208e-003
 1.4271657e-003
 1.4637985e-003
 1.5034389e-003
 1.5436788e-003
 1.5824536e-003
 1.6180802e-003
 1.6492505e-003
 1.6749116e-003
 1.6941401e-003
 1.7061119e-003
 1.7101242e-003
 1.7056840e-003
 1.6926465e-003
 1.6714032e-003
 1.6429840e-003
 1.6090949e-003
 1.5719802e-003
 1.5342016e-003
 1.4982679e-003
 1.4662289e-003
 1.4394523e-003
 1.4185086e-003
 1.4032449e-003
 1.3929282e-003
 1.3864690e-003
 1.3826592e-003
 1.3803885e-003
 1.3788753e-003
 1.3778500e-003
 1.3776507e-003
 1.3792076e-003
 1.3838941e-003
 1.3932611e-003
 1.4086767e-003
 1.4309563e-003
 1.4600233e-003
 1.4947040e-003
 1.5327638e-003
 1.5711327e-003
 1.6063058e-003
 1.6347354e-003
 1.6532587e-003
 1.6593870e-003
 1.6514941e-003
 1.6290800e-003
 1.5929058e-003
 1.5449947e-003
 1.4884729e-003
 1.4273449e-003
 1.3660885e-003
 1.3091683e-003
 1.2606018e-003
 1.2234343e-003
 1.1993636e-003
 1.1884219e-003
 1.1888772e-003
 1.1975380e-003
 1.2102809e-003
 1.2226952e-003
 1.2307651e-003
 1.2314618e-003
 1.2231367e-003
 1.2056666e-003
 1.1804367e-003
 1.1501021e-003
 1.1181214e-003
 1.0882053e-003
 1.0636833e-003
 1.0470016e-003
 1.0393414e-003
 1.0404956e-003
 1.0489874e-003
 1.0623684e-003
 1.0776537e-003
 1.0917805e-003
 1.1020546e-003
 1.1064808e-003
 1.1039927e-003
 1.0945433e-003
 1.0790896e-003
 1.0594720e-003
 1.0382449e-003
 1.0184438e-003
 1.0033080e-003
 9.9599455e-004
 9.9924149e-004
 1.0150447e-003
 1.0443425e-003
 1.0867973e-003
 1.1406533e-003
 1.2028287e-003
 1.2691204e-003
 1.3346511e-003
 1.3944693e-003
 1.4441304e-003
 1.4803443e-003
 1.5013755e-003
 1.5072768e-003
 1.4998062e-003
 1.4820638e-003
 1.4579168e-003
 1.4312833e-003
 1.4054591e-003
 1.3825387e-003
 1.3631224e-003
 1.3462905e-003
 1.3298836e-003
 1.3110418e-003
 1.2868498e-003
 1.2550248e-003
 1.2144657e-003
 1.1655659e-003
 1.1103018e-003
 1.0519574e-003
 9.9470967e-004
 9.4301044e-004
 9.0094481e-004
 8.7173318e-004
 8.5732614e-004
 8.5828436e-004
 8.7383372e-004
 9.0213906e-004
 9.4066991e-004
 9.8661461e-004
 1.0372722e-003
 1.0902814e-003
 1.1438007e-003
 1.1964580e-003
 1.2472528e-003
 1.2953926e-003
 1.3400632e-003
 1.3803316e-003
 1.4150519e-003
 1.4429452e-003
 1.4627842e-003
 1.4736413e-003
 1.4752167e-003
 1.4681065e-003
 1.4539849e-003
 1.4355796e-003
 1.4163995e-003
 1.4002727e-003
 1.3908216e-003
 1.3909020e-003
 1.4021387e-003
 1.4246261e-003
 1.4568507e-003
 1.4956692e-003
 1.5365555e-003
 1.5741368e-003
 1.6029017e-003
 1.6180832e-003
 1.6165270e-003
 1.5973937e-003
 1.5625043e-003
 1.5162628e-003
 1.4651165e-003
 1.4166075e-003
 1.3782581e-003
 1.3563512e-003
 1.3549445e-003
 1.3752661e-003
 1.4157902e-003
 1.4726775e-003
 1.5405513e-003
 1.6133055e-003
 1.6849296e-003
 1.7501902e-003
 1.8049894e-003
 1.8466157e-003
 1.8737473e-003
 1.8863609e-003
 1.8854811e-003
 1.8728576e-003
 1.8506501e-003
 1.8211253e-003
 1.7864573e-003
 1.7485574e-003
 1.7090401e-003
 1.6692207e-003
 1.6301560e-003
 1.5927546e-003
 1.5578228e-003
 1.5261623e-003
 1.4985991e-003
 1.4759873e-003
 1.4592073e-003
 1.4490886e-003
 1.4463424e-003
 1.4514519e-003
 1.4645765e-003
 1.4854600e-003
 1.5133929e-003
 1.5471965e-003
 1.5852844e-003
 1.6257917e-003
 1.6667029e-003
 1.7060464e-003
 1.7420875e-003
 1.7734519e-003
 1.7992662e-003
 1.8191765e-003
 1.8333436e-003
 1.8423690e-003
 1.8471627e-003
 1.8488120e-003
 1.8484326e-003
 1.8470497e-003
 1.8455052e-003
 1.8444082e-003
 1.8441228e-003
 1.8447903e-003
 1.8463739e-003
 1.8487166e-003
 1.8515978e-003
 1.8547860e-003
 1.8580735e-003
 1.8613001e-003
 1.8643606e-003
 1.8671975e-003
 1.8697886e-003
 1.8721268e-003
 1.8742007e-003
 1.8759801e-003
 1.8774058e-003
 1.8783899e-003
 1.8788269e-003
 1.8786136e-003
 1.8776775e-003
 1.8760109e-003
 1.8737020e-003
 1.8709573e-003
 1.8681105e-003
 1.8656020e-003
 1.8639360e-003
 1.8636030e-003
 1.8649792e-003
 1.8682102e-003
 1.8730999e-003
 1.8790198e-003
 1.8848669e-003
 1.8890917e-003
 1.8897980e-003
 1.8849301e-003
 1.8725229e-003
 1.8509964e-003
 1.8194347e-003
 1.7778429e-003
 1.7272950e-003
 1.6699254e-003
 1.6088376e-003
 1.5477811e-003
 1.4908253e-003
 1.4419047e-003
 1.4043745e-003
 1.3806861e-003
 1.3721167e-003
 1.3786897e-003
 1.3991817e-003
 1.4313267e-003
 1.4721066e-003
 1.5181656e-003
 1.5661758e-003
 1.6132025e-003
 1.6569928e-003
 1.6960832e-003
 1.7297984e-003
 1.7580751e-003
 1.7812892e-003
 1.8000654e-003
 1.8150827e-003
 1.8269550e-003
 1.8361112e-003
 1.8427449e-003
 1.8467903e-003
 1.8479073e-003
 1.8455135e-003
 1.8388474e-003
 1.8270694e-003
 1.8093713e-003
 1.7851137e-003
 1.7539320e-003
 1.7157671e-003
 1.6709075e-003
 1.6260692e-003
 1.5685020e-003
 1.5065114e-003
 1.4412708e-003
 1.3741920e-003
 1.3069495e-003
 1.2415675e-003
 1.1803540e-003
 1.1257858e-003
 1.0804470e-003
 1.0468767e-003
 1.0274866e-003
 1.0243302e-003
 1.0387823e-003
 1.0711659e-003
 1.1204927e-003
 1.1843974e-003
 1.2591907e-003
 1.3402442e-003
 1.4223085e-003
 1.4998687e-003
 1.5674563e-003
 1.6199127e-003
 1.6529090e-003
 1.6634787e-003
 1.6505936e-003
 1.6153810e-003
 1.5609213e-003
 1.4916983e-003
 1.4130545e-003
 1.3307056e-003
 1.2503651e-003
 1.1775020e-003
 1.1168869e-003
 1.0722047e-003
 1.0456325e-003
 1.0376852e-003
 1.0473918e-003
 1.0726692e-003
 1.1107833e-003
 1.1586756e-003
 1.2132332e-003
 1.2714255e-003
 1.3304994e-003
 1.3882060e-003
 1.4429272e-003
 1.4938015e-003
 1.5406073e-003
 1.5836100e-003
 1.6233793e-003
 1.6605951e-003
 1.6959705e-003
 1.7301178e-003
 1.7634385e-003
 1.7959881e-003
 1.8273201e-003
 1.8564642e-003
 1.8819526e-003
 1.9019622e-003
 1.9144692e-003
 1.9173675e-003
 1.9086077e-003
 1.8863648e-003
 1.8493043e-003
 1.7968888e-003
 1.7296934e-003
 1.6495176e-003
 1.5592310e-003
 1.4625523e-003
 1.3636356e-003
 1.2668727e-003
 1.1766367e-003
 1.0970169e-003
 1.0315765e-003
 9.8289165e-004
 9.5226819e-004
 9.3956973e-004
 9.4336167e-004
 9.6125761e-004
 9.9030614e-004
 1.0272863e-003
 1.0689173e-003
 1.1120393e-003
 1.1537529e-003
 1.1916590e-003
 1.2239966e-003
 1.2497312e-003
 1.2684905e-003
 1.2803755e-003
 1.2857823e-003
 1.2852562e-003
 1.2794145e-003
 1.2689317e-003
 1.2545708e-003
 1.2372341e-003
 1.2180016e-003
 1.1981661e-003
 1.1791947e-003
 1.1626971e-003
 1.1503581e-003
 1.1438789e-003
 1.1449199e-003
 1.1549945e-003
 1.1753088e-003
 1.2065520e-003
 1.2487299e-003
 1.3010618e-003
 1.3620944e-003
 1.4298438e-003
 1.5020173e-003
 1.5762072e-003
 1.6499432e-003
 1.7208490e-003
 1.7866790e-003
 1.8454596e-003
 1.8956038e-003
 1.9359086e-003
 1.9655414e-003
 1.9839511e-003
 1.9907437e-003
 1.9856314e-003
 1.9684201e-003
 1.9390903e-003
 1.8979396e-003
 1.8458224e-003
 1.7843036e-003
 1.7157758e-003
 1.6433664e-003
 1.5707132e-003
 1.5018005e-003
 1.4406902e-003
 1.3913849e-003
 1.3575293e-003
 1.3420059e-003
 1.3464517e-003
 1.3707955e-003
 1.4130785e-003
 1.4696274e-003
 1.5355359e-003
 1.6051361e-003
 1.6724465e-003
 1.7315437e-003
 1.7768816e-003
 1.8038535e-003
 1.8093744e-003
 1.7924597e-003
 1.7544312e-003
 1.6987134e-003
 1.6302477e-003
 1.5549080e-003
 1.4789731e-003
 1.4087094e-003
 1.3500600e-003
 1.3081033e-003
 1.2865310e-003
 1.2871108e-003
 1.3094934e-003
 1.3514098e-003
 1.4091961e-003
 1.4783333e-003
 1.5539153e-003
 1.6310082e-003
 1.7048728e-003
 1.7713213e-003
 1.8271222e-003
 1.8702847e-003
 1.9002466e-003
 1.9176996e-003
 1.9242764e-003
 1.9221704e-003
 1.9138319e-003
 1.9017650e-003
 1.8883740e-003
 1.8757917e-003
 1.8656796e-003
 1.8590693e-003
 1.8562856e-003
 1.8570203e-003
 1.8604958e-003
 1.8656568e-003
 1.8713197e-003
 1.8762833e-003
 1.8794157e-003
 1.8797632e-003
 1.8766741e-003
 1.8699078e-003
 1.8596754e-003
 1.8466009e-003
 1.8316116e-003
 1.8158086e-003
 1.8003766e-003
 1.7865013e-003
 1.7752881e-003
 1.7676749e-003
 1.7643017e-003
 1.7654140e-003
 1.7708144e-003
 1.7799094e-003
 1.7918091e-003
 1.8054551e-003
 1.8197064e-003
 1.8334292e-003
 1.8455497e-003
 1.8551702e-003
 1.8616711e-003
 1.8648094e-003
 1.8647689e-003
 1.8621119e-003
 1.8576797e-003
 1.8524824e-003
 1.8475952e-003
 1.8440813e-003
 1.8429043e-003
 1.8447969e-003
 1.8501130e-003
 1.8586824e-003
 1.8697639e-003
 1.8820969e-003
 1.8940414e-003
 1.9037261e-003
 1.9092013e-003
 1.9085488e-003
 1.9000386e-003
 1.8823486e-003
 1.8548307e-003
 1.8177835e-003
 1.7725119e-003
 1.7212394e-003
 1.6669084e-003
 1.6128265e-003
 1.5624786e-003
 1.5193117e-003
 1.4865561e-003
 1.4668597e-003
 1.4619585e-003
 1.4723352e-003
 1.4970779e-003
 1.5340329e-003
 1.5800952e-003
 1.6316366e-003
 1.6847824e-003
 1.7356618e-003
 1.7805886e-003
 1.8164287e-003
 1.8409075e-003
 1.8529127e-003
 1.8526564e-003
 1.8415183e-003
 1.8217560e-003
 1.7961370e-003
 1.7676564e-003
 1.7393593e-003
 1.7141184e-003
 1.6944450e-003
 1.6822247e-003
 1.6785023e-003
 1.6833734e-003
 1.6960924e-003
 1.7152785e-003
 1.7391853e-003
 1.7658987e-003
 1.7934490e-003
 1.8199575e-003
 1.8437280e-003
 1.8633907e-003
 1.8780018e-003
 1.8871188e-003
 1.8907335e-003
 1.8891598e-003
 1.8829100e-003
 1.8725886e-003
 1.8588478e-003
 1.8423486e-003
 1.8237651e-003
 1.8037788e-003
 1.7831028e-003
 1.7624542e-003
 1.7425664e-003
 1.7241988e-003
 1.7081008e-003
 1.6950185e-003
 1.6856793e-003
 1.6807291e-003
 1.6806709e-003
 1.6857625e-003
 1.6959298e-003
 1.7107325e-003
 1.7294037e-003
 1.7509192e-003
 1.7741224e-003
 1.7977963e-003
 1.8207079e-003
 1.8417058e-003
 1.8597859e-003
 1.8741826e-003
 1.8844847e-003
 1.8906539e-003
 1.8929931e-003
 1.8920554e-003
 1.8885457e-003
 1.8832361e-003
 1.8769165e-003
 1.8703432e-003
 1.8641944e-003
 1.8590196e-003
 1.8551823e-003
 1.8528462e-003
 1.8519957e-003
 1.8524791e-003
 1.8540656e-003
 1.8564867e-003
 1.8594601e-003
 1.8627101e-003
 1.8659793e-003
 1.8690412e-003
 1.8717168e-003
 1.8738759e-003
 1.8754323e-003
 1.8763345e-003
 1.8765505e-003
 1.8760583e-003
 1.8748420e-003
 1.8728906e-003
 1.8702012e-003
 1.8667862e-003
 1.8626745e-003
 1.8579146e-003
 1.8525771e-003
 1.8467427e-003
 1.8404998e-003
 1.8339461e-003
 1.8271782e-003
 1.8203000e-003
 1.8134236e-003
 1.8066829e-003
 1.8002294e-003
 1.7942400e-003
 1.7889179e-003
 1.7844791e-003
 1.7811486e-003
 1.7791537e-003
 1.7787060e-003
 1.7799811e-003
 1.7830782e-003
 1.7879664e-003
 1.7944430e-003
 1.8021148e-003
 1.8104090e-003
 1.8186314e-003
 1.8260127e-003
 1.8317506e-003
 1.8350637e-003
 1.8352384e-003
 1.8317146e-003
 1.8241883e-003
 1.8127015e-003
 1.7976763e-003
 1.7798931e-003
 1.7603770e-003
 1.7403023e-003
 1.7209230e-003
 1.7034755e-003
 1.6891260e-003
 1.6788858e-003
 1.6734770e-003
 1.6732481e-003
 1.6781318e-003
 1.6876786e-003
 1.7011645e-003
 1.7177027e-003
 1.7363182e-003
 1.7560328e-003
 1.7759054e-003
 1.7950719e-003
 1.8128391e-003
 1.8287246e-003
 1.8424707e-003
 1.8540437e-003
 1.8635627e-003
 1.8712424e-003
 1.8773369e-003
 1.8821198e-003
 1.8858575e-003
 1.8887910e-003
 1.8911232e-003
 1.8930017e-003
 1.8945112e-003
 1.8956824e-003
 1.8965052e-003
 1.8969451e-003
 1.8969564e-003
 1.8964931e-003
 1.8955175e-003
 1.8940120e-003
 1.8919926e-003
 1.8895206e-003
 1.8867097e-003
 1.8837180e-003
 1.8807377e-003
 1.8779803e-003
 1.8756662e-003
 1.8740108e-003
 1.8732115e-003
 1.8734278e-003
 1.8747534e-003
 1.8771945e-003
 1.8806580e-003
 1.8849641e-003
 1.8898684e-003
 1.8950852e-003
 1.9003149e-003
 1.9052575e-003
 1.9096311e-003
 1.9131905e-003
 1.9157612e-003
 1.9172586e-003
 1.9176987e-003
 1.9171891e-003
 1.9159046e-003
 1.9140604e-003
 1.9118894e-003
 1.9096273e-003
 1.9074987e-003
 1.9057039e-003
 1.9043973e-003
 1.9036732e-003
 1.9035601e-003
 1.9040254e-003
 1.9049929e-003
 1.9063588e-003
 1.9080078e-003
 1.9098219e-003
 1.9116860e-003
 1.9134982e-003
 1.9151756e-003
 1.9166633e-003
 1.9179354e-003
 1.9189945e-003
 1.9198627e-003
 1.9205739e-003
 1.9211677e-003
 1.9216851e-003
 1.9221633e-003
 1.9226340e-003
 1.9231162e-003
 1.9236136e-003
 1.9241120e-003
 1.9245815e-003
 1.9249804e-003
 1.9252605e-003
 1.9253712e-003
 1.9252648e-003
 1.9249030e-003
 1.9242682e-003
 1.9233763e-003
 1.9222904e-003
 1.9211241e-003
 1.9200373e-003
 1.9192240e-003
 1.9188994e-003
 1.9192878e-003
 1.9206186e-003
 1.9231213e-003
 1.9270267e-003
 1.9325673e-003
 1.9399718e-003
 1.9494725e-003
 1.9613015e-003
 1.9756944e-003
 1.9928780e-003
 2.0130919e-003
 2.0365899e-003
 2.0636360e-003
 2.0945659e-003
 2.1298104e-003
 2.1699003e-003
 2.2155286e-003
 2.2675185e-003
 2.3267453e-003
 2.3941698e-003
 2.4707445e-003
 2.5573806e-003
 2.6547443e-003
 2.7631859e-003
 2.8824403e-003
 3.0113074e-003
 3.1477306e-003
 3.2888101e-003
 3.4309204e-003
 3.5701685e-003
 3.7024741e-003
 3.8238028e-003
 3.9302427e-003
 4.0184408e-003
 4.0858169e-003
 4.1308133e-003
 4.1531106e-003
 4.1534384e-003
 4.1333190e-003
 4.0947506e-003
 4.0399409e-003
 3.9712121e-003
 3.8908282e-003
 3.8009689e-003
 3.7036203e-003
 3.6006074e-003
 3.4934266e-003
 3.3833378e-003
 3.2715085e-003
 3.1589232e-003
 3.0465128e-003
 2.9352605e-003
 2.8260457e-003
 2.7197376e-003
 2.6171205e-003
 2.5189715e-003
 2.4259046e-003
 2.3384588e-003
 2.2571748e-003
 2.1824925e-003
 2.1148329e-003
 2.0546364e-003
 2.0022369e-003
 1.9578743e-003
 1.9215959e-003
 1.8932251e-003
 1.8722821e-003
 1.8580446e-003
 1.8496154e-003
 1.8459768e-003
 1.8460676e-003
 1.8488219e-003
 1.8532133e-003
 1.8583089e-003
 1.8633290e-003
 1.8677101e-003
 1.8711238e-003
 1.8734547e-003
 1.8747422e-003
 1.8751220e-003
 1.8747733e-003
 1.8738925e-003
 1.8726758e-003
 1.8713087e-003
 1.8699586e-003
 1.8687657e-003
 1.8678412e-003
 1.8672703e-003
 1.8671188e-003
 1.8674394e-003
 1.8682779e-003
 1.8696706e-003
 1.8716371e-003
 1.8741630e-003
 1.8771751e-003
 1.8805226e-003
 1.8839699e-003
 1.8872048e-003
 1.8898665e-003
 1.8915667e-003
 1.8919116e-003
 1.8905243e-003
 1.8870758e-003
 1.8813260e-003
 1.8731822e-003
 1.8627368e-003
 1.8502902e-003
 1.8363491e-003
 1.8215632e-003
 1.8066789e-003
 1.7924811e-003
 1.7797692e-003
 1.7693194e-003
 1.7618848e-003
 1.7581927e-003
 1.7587608e-003
 1.7632896e-003
 1.7730723e-003
 1.7854797e-003
 1.7994555e-003
 1.8139418e-003
 1.8278832e-003
 1.8402149e-003
 1.8498823e-003
 1.8558269e-003
 1.8569909e-003
 1.8524246e-003
 1.8422146e-003
 1.8270088e-003
 1.8074606e-003
 1.7842173e-003
 1.7579434e-003
 1.7292877e-003
 1.6989034e-003
 1.6674366e-003
 1.6355556e-003
 1.6039069e-003
 1.5731435e-003
 1.5439123e-003
 1.5168810e-003
 1.4926404e-003
 1.4712822e-003
 1.4526264e-003
 1.4364871e-003
 1.4226893e-003
 1.4110468e-003
 1.4013764e-003
 1.3934948e-003
 1.3872229e-003
 1.3823760e-003
 1.3787716e-003
 1.3762272e-003
 1.3745610e-003
 1.3735900e-003
 1.3731318e-003
 1.3730039e-003
 1.3730238e-003
 1.3730089e-003
 1.3727912e-003
 1.3723290e-003
 1.3716458e-003
 1.3707682e-003
 1.3697203e-003
 1.3685275e-003
 1.3672145e-003
 1.3658073e-003
 1.3643301e-003
 1.3628085e-003
 1.3612673e-003
 1.3597314e-003
 1.3582265e-003
 1.3567777e-003
 1.3554096e-003
 1.3541472e-003
 1.3530161e-003
 1.3520413e-003
 1.3512477e-003
 1.3506602e-003
 1.3503045e-003
 1.3502054e-003
 1.3503865e-003
 1.3508626e-003
 1.3516421e-003
 1.3527344e-003
 1.3541487e-003
 1.3558940e-003
 1.3579797e-003
 1.3604141e-003
 1.3632067e-003
 1.3663664e-003
 1.3699034e-003
 1.3738251e-003
 1.3781411e-003
 1.3828607e-003
 1.3879943e-003
 1.3935483e-003
 1.3995330e-003
 1.4059577e-003
 1.4128312e-003
 1.4201646e-003
 1.4279631e-003
 1.4362381e-003
 1.4449981e-003
 1.4542547e-003
 1.4640127e-003
 1.4742828e-003
 1.4850701e-003
 1.4963461e-003
 1.5080560e-003
 1.5201530e-003
 1.5325878e-003
 1.5453114e-003
 1.5582772e-003
 1.5714298e-003
 1.5847229e-003
 1.5981072e-003
 1.6115365e-003
 1.6249552e-003
 1.6383172e-003
 1.6515728e-003
 1.6646764e-003
 1.6775718e-003
 1.6902132e-003
 1.7025510e-003
 1.7145390e-003
 1.7261220e-003
 1.7372534e-003
 1.7478839e-003
 1.7579644e-003
 1.7674475e-003
 1.7762796e-003
 1.7844135e-003
 1.7917998e-003
 1.7983909e-003
 1.8041341e-003
 1.8089819e-003
 1.8128923e-003
 1.8158813e-003
 1.8179911e-003
 1.8192659e-003
