s07_ASD Record=8411:  error bars to preceding                
 1.5876181e-003
 1.5163686e-003
 1.4591230e-003
 1.4247076e-003
 1.4151442e-003
 1.4239987e-003
 1.4396262e-003
 1.4505454e-003
 1.4496943e-003
 1.4359124e-003
 1.4125018e-003
 1.3846103e-003
 1.3569781e-003
 1.3325349e-003
 1.3114417e-003
 1.2912857e-003
 1.2688438e-003
 1.2420419e-003
 1.2108587e-003
 1.1770785e-003
 1.1433800e-003
 1.1123712e-003
 1.0862034e-003
 1.0669093e-003
 1.0569636e-003
 1.0594080e-003
 1.0766590e-003
 1.1081801e-003
 1.1491034e-003
 1.1915792e-003
 1.2275339e-003
 1.2513367e-003
 1.2605725e-003
 1.2555890e-003
 1.2399158e-003
 1.2191760e-003
 1.1979869e-003
 1.1781529e-003
 1.1587550e-003
 1.1379094e-003
 1.1151275e-003
 1.0925182e-003
 1.0738802e-003
 1.0623335e-003
 1.0583240e-003
 1.0594717e-003
 1.0622031e-003
 1.0637036e-003
 1.0626412e-003
 1.0582684e-003
 1.0489274e-003
 1.0316129e-003
 1.0036387e-003
 9.6589309e-004
 9.2537771e-004
 8.9504482e-004
 8.8952790e-004
 9.1632630e-004
 9.7255764e-004
 1.0448664e-003
 1.1031143e-003
 1.1327693e-003
 1.1343249e-003
 1.1093047e-003
 1.0698956e-003
 1.0385311e-003
 1.0270801e-003
 1.0347483e-003
 1.0534429e-003
 1.0709168e-003
 1.0755906e-003
 1.0612255e-003
 1.0288727e-003
 9.8626490e-004
 9.4555982e-004
 9.1987220e-004
 9.1919693e-004
 9.4700442e-004
 9.9886057e-004
 1.0635513e-003
 1.1263948e-003
 1.1736342e-003
 1.1965118e-003
 1.1935161e-003
 1.1698875e-003
 1.1343493e-003
 1.0943215e-003
 1.0519358e-003
 1.0034301e-003
 9.4302464e-004
 8.6968194e-004
 7.9248089e-004
 7.3032000e-004
 7.0508401e-004
 7.3230523e-004
 8.1473700e-004
 9.4154419e-004
 1.0931083e-003
 1.2479869e-003
 1.3880468e-003
 1.5011488e-003
 1.5827040e-003
 1.6357007e-003
 1.6685466e-003
 1.6909947e-003
 1.7090008e-003
 1.7217745e-003
 1.7234159e-003
 1.7073924e-003
 1.6709015e-003
 1.6167633e-003
 1.5523139e-003
 1.4867800e-003
 1.4295323e-003
 1.3900168e-003
 1.3773771e-003
 1.3971648e-003
 1.4459987e-003
 1.5087511e-003
 1.5623436e-003
 1.5856562e-003
 1.5703111e-003
 1.5251182e-003
 1.4700353e-003
 1.4231756e-003
 1.3912129e-003
 1.3707827e-003
 1.3572124e-003
 1.3497025e-003
 1.3481564e-003
 1.3478929e-003
 1.3404009e-003
 1.3200620e-003
 1.2898820e-003
 1.2611052e-003
 1.2474451e-003
 1.2572588e-003
 1.2864041e-003
 1.3157845e-003
 1.3189644e-003
 1.2794094e-003
 1.2052279e-003
 1.1264808e-003
 1.0744316e-003
 1.0598744e-003
 1.0690612e-003
 1.0789410e-003
 1.0768018e-003
 1.0684148e-003
 1.0712199e-003
 1.1003695e-003
 1.1571525e-003
 1.2257497e-003
 1.2806369e-003
 1.3012941e-003
 1.2841126e-003
 1.2422340e-003
 1.1952890e-003
 1.1590897e-003
 1.1412094e-003
 1.1411603e-003
 1.1534048e-003
 1.1726519e-003
 1.1974816e-003
 1.2281539e-003
 1.2622239e-003
 1.2955143e-003
 1.3276959e-003
 1.3639368e-003
 1.4092596e-003
 1.4613866e-003
 1.5082646e-003
 1.5317041e-003
 1.5168185e-003
 1.4642382e-003
 1.3959337e-003
 1.3457180e-003
 1.3387301e-003
 1.3768658e-003
 1.4425413e-003
 1.5141551e-003
 1.5753894e-003
 1.6127047e-003
 1.6157554e-003
 1.5894111e-003
 1.5578552e-003
 1.5419081e-003
 1.5324939e-003
 1.4992113e-003
 1.4272199e-003
 1.3360330e-003
 1.2602627e-003
 1.2201037e-003
 1.2126117e-003
 1.2226774e-003
 1.2339400e-003
 1.2305854e-003
 1.1995812e-003
 1.1419276e-003
 1.0814812e-003
 1.0529412e-003
 1.0729183e-003
 1.1217409e-003
 1.1570288e-003
 1.1502282e-003
 1.1139516e-003
 1.0946431e-003
 1.1370399e-003
 1.2508093e-003
 1.4030164e-003
 1.5369839e-003
 1.6018774e-003
 1.5765113e-003
 1.4781576e-003
 1.3537919e-003
 1.2557481e-003
 1.2142389e-003
 1.2286850e-003
 1.2850803e-003
 1.3728969e-003
 1.4770135e-003
 1.5672117e-003
 1.6179181e-003
 1.6331500e-003
 1.6320774e-003
 1.6189927e-003
 1.5928908e-003
 1.5766608e-003
 1.6029930e-003
 1.6706998e-003
 1.7417900e-003
 1.7841752e-003
 1.7980573e-003
 1.8004081e-003
 1.8010970e-003
 1.7990316e-003
 1.7915359e-003
 1.7794264e-003
 1.7637686e-003
 1.7444710e-003
 1.7255715e-003
 1.7130227e-003
 1.6980970e-003
 1.6565693e-003
 1.5854087e-003
 1.5270712e-003
 1.5260041e-003
 1.5710311e-003
 1.6101869e-003
 1.6045357e-003
 1.5327961e-003
 1.3883003e-003
 1.2248313e-003
 1.1535737e-003
 1.2266426e-003
 1.3516438e-003
 1.3914764e-003
 1.3249693e-003
 1.2590784e-003
 1.2854952e-003
 1.3693083e-003
 1.4061251e-003
 1.3591179e-003
 1.2872977e-003
 1.2526532e-003
 1.2580035e-003
 1.2681047e-003
 1.2541042e-003
 1.2306536e-003
 1.2484761e-003
 1.3246541e-003
 1.4089552e-003
 1.4461286e-003
 1.4320934e-003
 1.3867030e-003
 1.3122864e-003
 1.2105838e-003
 1.1117988e-003
 1.0472619e-003
 1.0069788e-003
 9.6126739e-004
 9.2041562e-004
 9.4095804e-004
 1.0484084e-003
 1.1837836e-003
 1.2565595e-003
 1.2293573e-003
 1.1490487e-003
 1.1081086e-003
 1.1720621e-003
 1.3296262e-003
 1.5020032e-003
 1.6068625e-003
 1.6243006e-003
 1.5941726e-003
 1.5500826e-003
 1.4835137e-003
 1.3794125e-003
 1.2577687e-003
 1.1674165e-003
 1.1532078e-003
 1.2307086e-003
 1.3758204e-003
 1.5323994e-003
 1.6449653e-003
 1.6981352e-003
 1.7185424e-003
 1.7353328e-003
 1.7526917e-003
 1.7620494e-003
 1.7617459e-003
 1.7572292e-003
 1.7531841e-003
 1.7514386e-003
 1.7506554e-003
 1.7445827e-003
 1.7254162e-003
 1.6903018e-003
 1.6396564e-003
 1.5670627e-003
 1.4584156e-003
 1.3173657e-003
 1.1915939e-003
 1.1528780e-003
 1.2407494e-003
 1.4266643e-003
 1.6296012e-003
 1.7655318e-003
 1.7879969e-003
 1.6977014e-003
 1.5363515e-003
 1.3769080e-003
 1.2984972e-003
 1.3441562e-003
 1.4918370e-003
 1.6681012e-003
 1.7907080e-003
 1.8034221e-003
 1.6912145e-003
 1.4894777e-003
 1.2841903e-003
 1.1782218e-003
 1.2274069e-003
 1.3983494e-003
 1.5942376e-003
 1.7292337e-003
 1.7822061e-003
 1.7857361e-003
 1.7765494e-003
 1.7619801e-003
 1.7270326e-003
 1.6668250e-003
 1.6090402e-003
 1.5978377e-003
 1.6387039e-003
 1.6869421e-003
 1.6829440e-003
 1.5962775e-003
 1.4629976e-003
 1.3757504e-003
 1.4092416e-003
 1.5096125e-003
 1.5123409e-003
 1.3745264e-003
 1.2819304e-003
 1.3739120e-003
 1.5227936e-003
 1.5615367e-003
 1.5410102e-003
 1.5892803e-003
 1.6926638e-003
 1.7613802e-003
 1.7751455e-003
 1.7555554e-003
 1.6957488e-003
 1.6061481e-003
 1.5585326e-003
 1.6046722e-003
 1.7005693e-003
 1.7690713e-003
 1.7898022e-003
 1.7899320e-003
 1.7913841e-003
 1.7958153e-003
 1.7978955e-003
 1.7960651e-003
 1.7939522e-003
 1.7955665e-003
 1.8005712e-003
 1.8044824e-003
 1.8029627e-003
 1.7968544e-003
 1.7921057e-003
 1.7925783e-003
 1.7961226e-003
 1.8000525e-003
 1.8020815e-003
 1.7913462e-003
 1.7452133e-003
 1.6430570e-003
 1.5183788e-003
 1.4612451e-003
 1.5106198e-003
 1.6135412e-003
 1.7055533e-003
 1.7595401e-003
 1.7806769e-003
 1.7838166e-003
 1.7811552e-003
 1.7804804e-003
 1.7862476e-003
 1.7976667e-003
 1.8090622e-003
 1.8136939e-003
 1.8065145e-003
 1.7847928e-003
 1.7500301e-003
 1.7133339e-003
 1.6940442e-003
 1.7068343e-003
 1.7461409e-003
 1.7868127e-003
 1.8050621e-003
 1.8017523e-003
 1.7991303e-003
 1.8142192e-003
 1.8387981e-003
 1.8350359e-003
 1.7507202e-003
 1.6037765e-003
 1.4086519e-003
 1.2765424e-003
 1.2768648e-003
 1.3872257e-003
 1.5483811e-003
 1.7010025e-003
 1.7937002e-003
 1.8276162e-003
 1.8250289e-003
 1.8082720e-003
 1.7971961e-003
 1.7952335e-003
 1.7991801e-003
 1.8058147e-003
 1.8122313e-003
 1.8176297e-003
 1.8220623e-003
 1.8255847e-003
 1.8281873e-003
 1.8294380e-003
 1.8283802e-003
 1.8246196e-003
 1.8176391e-003
 1.8081416e-003
 1.7980869e-003
 1.7894855e-003
 1.7843517e-003
 1.7845812e-003
 1.7894612e-003
 1.7956862e-003
 1.7998413e-003
 1.7985100e-003
 1.7884503e-003
 1.7703321e-003
 1.7486747e-003
 1.7281695e-003
 1.7134986e-003
 1.7091717e-003
 1.7156815e-003
 1.7295900e-003
 1.7472971e-003
 1.7651966e-003
 1.7796883e-003
 1.7883583e-003
 1.7933978e-003
 1.7981189e-003
 1.8058305e-003
 1.8198454e-003
 1.8434707e-003
 1.8796135e-003
 1.9295923e-003
 1.9943672e-003
 2.0748714e-003
 2.1720722e-003
 2.2868949e-003
 2.4202981e-003
 2.5711390e-003
 2.7301761e-003
 2.8863244e-003
 3.0284256e-003
 3.1453900e-003
 3.2260693e-003
 3.2593594e-003
 3.2341320e-003
 3.1439259e-003
 2.9999106e-003
 2.8173476e-003
 2.6115740e-003
 2.3978364e-003
 2.1914800e-003
 2.0077717e-003
 1.8619882e-003
 1.7651980e-003
 1.7125249e-003
 1.6954270e-003
 1.7053453e-003
 1.7337232e-003
 1.7720122e-003
 1.8116491e-003
 1.8440882e-003
 1.8625841e-003
 1.8671036e-003
 1.8591509e-003
 1.8402329e-003
 1.8118513e-003
 1.7755184e-003
 1.7327315e-003
 1.6850063e-003
 1.6338376e-003
 1.5807429e-003
 1.5272155e-003
 1.4747740e-003
 1.4246538e-003
 1.3771800e-003
 1.3324426e-003
 1.2905531e-003
 1.2516030e-003
 1.2157029e-003
 1.1829487e-003
 1.1534386e-003
 1.1272809e-003
 1.1045703e-003
 1.0854137e-003
 1.0699076e-003
 1.0580193e-003
 1.0492189e-003
 1.0428719e-003
 1.0383403e-003
 1.0349888e-003
 1.0321798e-003
 1.0292777e-003
 1.0256452e-003
 1.0206468e-003
 1.0136453e-003
 1.0040033e-003
 9.9136855e-004
 9.7637397e-004
 9.5987628e-004
 9.4272540e-004
 9.2577859e-004
 9.0988528e-004
 8.9590286e-004
 8.8468130e-004
 8.7707670e-004
 8.7394082e-004
 8.7566685e-004
 8.8104949e-004
 8.8853919e-004
 8.9658378e-004
 9.0363418e-004
 9.0813829e-004
 9.0854615e-004
 9.0330740e-004
 8.9086965e-004
 8.6968567e-004
 8.3898182e-004
 8.0067146e-004
 7.5722294e-004
 7.1112358e-004
 6.6483981e-004
 6.2085979e-004
 5.8165466e-004
 5.4969819e-004
 5.2747480e-004
 5.1745662e-004
 5.2110077e-004
 5.3641532e-004
 5.6067825e-004
 5.9117633e-004
 6.2518375e-004
 6.5998983e-004
 6.9286756e-004
 7.2110619e-004
 7.4198033e-004
 7.5363589e-004
 7.5708021e-004
 7.5391616e-004
 7.4574666e-004
 7.3417724e-004
 7.2080916e-004
 7.0724904e-004
 6.9509738e-004
 6.8565103e-004
 6.7918032e-004
 6.7574979e-004
 6.7542150e-004
 6.7825831e-004
 6.8432372e-004
 6.9367926e-004
 7.0638815e-004
 7.2250632e-004
 7.4205408e-004
 7.6505431e-004
 7.9151959e-004
 8.2147447e-004
 8.5492985e-004
 8.9191197e-004
 9.3242986e-004
 9.7568025e-004
 1.0181608e-003
 1.0558508e-003
 1.0812751e-003
 1.0945613e-003
 1.0908451e-003
 1.0681165e-003
 1.0279954e-003
 9.7537157e-004
 9.1740035e-004
 8.6232019e-004
 8.1846415e-004
 7.9274294e-004
 7.8818743e-004
 8.0241740e-004
 8.2917156e-004
 8.6067466e-004
 8.8922627e-004
 9.0850744e-004
 9.1487332e-004
 9.0773485e-004
 8.8879745e-004
 8.6089206e-004
 8.2715758e-004
 7.9058000e-004
 7.5373775e-004
 7.1871222e-004
 6.8719179e-004
 6.6060066e-004
 6.4012548e-004
 6.2656013e-004
 6.2010076e-004
 6.2027865e-004
 6.2609953e-004
 6.3631032e-004
 6.4968498e-004
 6.6529791e-004
 6.8272982e-004
 7.0213125e-004
 7.2407984e-004
 7.4927014e-004
 7.7805086e-004
 8.0988999e-004
 8.1553927e-004
 8.2789402e-004
 8.3494786e-004
 8.3572319e-004
 8.2971528e-004
 8.1701990e-004
 7.9838582e-004
 7.7517168e-004
 7.4928248e-004
 7.2294695e-004
 6.9845538e-004
 6.7784410e-004
 6.6261541e-004
 6.5357244e-004
 6.5083598e-004
 6.5398891e-004
 6.6226622e-004
 6.7473750e-004
 6.9043646e-004
 7.0843659e-004
 7.2789018e-004
 7.4800377e-004
 7.6804007e-004
 7.8729464e-004
 8.0510275e-004
 8.2086259e-004
 8.3407696e-004
 8.4443402e-004
 8.5185387e-004
 8.5652934e-004
 8.5888302e-004
 8.5945916e-004
 8.5880246e-004
 8.5733272e-004
 8.5525162e-004
 8.5249858e-004
 8.4877113e-004
 8.4360340e-004
 8.3649904e-004
 8.2708726e-004
 8.1526581e-004
 8.0131367e-004
 7.8592950e-004
 7.7018602e-004
 7.5542642e-004
 7.4307201e-004
 7.3442445e-004
 7.3045521e-004
 7.3164696e-004
 7.3791255e-004
 7.4860425e-004
 7.6260511e-004
 7.7848951e-004
 7.9472159e-004
 8.0982741e-004
 8.2255836e-004
 8.3197228e-004
 8.3747669e-004
 8.3881727e-004
 8.3603320e-004
 8.2940614e-004
 8.1941369e-004
 8.0669415e-004
 7.9201430e-004
 7.7625591e-004
 7.6038134e-004
 7.4537989e-004
 7.3221145e-004
 7.2170550e-004
 7.1447709e-004
 7.1083714e-004
 7.1074319e-004
 7.1380689e-004
 7.1936526e-004
 7.2661409e-004
 7.3478406e-004
 7.4332161e-004
 7.5201422e-004
 7.6104101e-004
 7.7089469e-004
 7.8220695e-004
 7.9550687e-004
 8.1096194e-004
 8.2821114e-004
 8.4629992e-004
 8.6378539e-004
 8.7897439e-004
 8.9021656e-004
 8.9620997e-004
 8.9621235e-004
 8.9011248e-004
 8.7835966e-004
 8.6178817e-004
 8.4139622e-004
 8.1814360e-004
 7.9286273e-004
 7.6623471e-004
 7.3889457e-004
 7.1154622e-004
 6.8505551e-004
 6.6050538e-004
 6.3910888e-004
 6.2208087e-004
 6.1042549e-004
 6.0473249e-004
 6.0503429e-004
 6.1073888e-004
 6.2067533e-004
 6.3323480e-004
 6.4659136e-004
 6.5893860e-004
 6.6873699e-004
 6.7488954e-004
 6.7685603e-004
 6.7466823e-004
 6.6885783e-004
 6.6031754e-004
 6.5011537e-004
 6.3931558e-004
 6.2880979e-004
 6.1921676e-004
 6.1083317e-004
 6.0364843e-004
 5.9741980e-004
 5.9176818e-004
 5.8629998e-004
 5.8071839e-004
 5.7491858e-004
 5.6906306e-004
 5.6361227e-004
 5.5932452e-004
 5.5720063e-004
 5.5838062e-004
 5.6399405e-004
 5.7497754e-004
 5.9187872e-004
 6.1469077e-004
 6.4276619e-004
 6.7480362e-004
 7.0897257e-004
 7.4315118e-004
 7.7518664e-004
 8.0322131e-004
 8.2590058e-004
 8.4250909e-004
 8.5295970e-004
 8.5764501e-004
 8.5723610e-004
 8.5245853e-004
 8.4393524e-004
 8.3212130e-004
 8.1735919e-004
 7.9999317e-004
 7.8052876e-004
 7.5973792e-004
 7.3867373e-004
 7.1860611e-004
 7.0083153e-004
 6.8647368e-004
 6.7626982e-004
 6.7042967e-004
 6.6860713e-004
 6.6997122e-004
 6.7338295e-004
 6.7762577e-004
 6.8164867e-004
 6.8476051e-004
 6.8674475e-004
 6.8786618e-004
 6.8876962e-004
 6.9030043e-004
 6.9328694e-004
 6.9834158e-004
 7.0573244e-004
 7.1534794e-004
 7.2677672e-004
 7.3944812e-004
 7.5280626e-004
 7.6645118e-004
 7.8017864e-004
 7.9394184e-004
 8.0770481e-004
 8.2127948e-004
 8.3419756e-004
 8.4566016e-004
 8.5463451e-004
 8.6004013e-004
 8.6101040e-004
 8.5713039e-004
 8.4858487e-004
 8.3617005e-004
 8.2115195e-004
 8.0503384e-004
 7.8926026e-004
 7.7498297e-004
 7.6290214e-004
 7.5323106e-004
 7.4578176e-004
 7.4009842e-004
 7.3561963e-004
 7.3179678e-004
 7.2815781e-004
 7.2431925e-004
 7.1995944e-004
 7.1479840e-004
 7.0859859e-004
 7.0119742e-004
 6.9257029e-004
 6.8287732e-004
 6.7249179e-004
 6.6196534e-004
 6.5193581e-004
 6.4300682e-004
 6.3560845e-004
 6.2988995e-004
 6.2568299e-004
 6.2253245e-004
 6.1981281e-004
 6.1689253e-004
 6.1331509e-004
 6.0895702e-004
 6.0411263e-004
 5.9949118e-004
 5.9610535e-004
 5.9506996e-004
 5.9735123e-004
 6.0351234e-004
 6.1351928e-004
 6.2665821e-004
 6.4160419e-004
 6.5661198e-004
 6.6983473e-004
 6.7965291e-004
 6.8498100e-004
 6.8545504e-004
 6.8146363e-004
 6.7402731e-004
 6.6456106e-004
 6.5458013e-004
 6.4542016e-004
 6.3804566e-004
 6.3295662e-004
 6.3020550e-004
 6.2950002e-004
 6.3033641e-004
 6.3213421e-004
 6.3433708e-004
 6.3647405e-004
 6.3818239e-004
 6.3921447e-004
 6.3943758e-004
 6.3884095e-004
 6.3754409e-004
 6.3580048e-004
 6.3397933e-004
 6.3252205e-004
 6.3186750e-004
 6.3235965e-004
 6.3415576e-004
 6.3715928e-004
 6.4099429e-004
 6.4504001e-004
 6.4852479e-004
 6.5066403e-004
 6.5082696e-004
 6.4869487e-004
 6.4437947e-004
 6.3846866e-004
 6.3198706e-004
 6.2625878e-004
 6.2269316e-004
 6.2253547e-004
 6.2661804e-004
 6.3517352e-004
 6.4774428e-004
 6.6322240e-004
 6.7998975e-004
 6.9617090e-004
 7.0989912e-004
 7.1959110e-004
 7.2415499e-004
 7.2309823e-004
 7.1654323e-004
 7.0514739e-004
 6.8996137e-004
 6.7224819e-004
 6.5333123e-004
 6.3444726e-004
 6.1668392e-004
 6.0094759e-004
 5.8797444e-004
 5.7837513e-004
 5.7265110e-004
 5.7118520e-004
 5.7419378e-004
 5.8164040e-004
 5.9314253e-004
 6.0790952e-004
 6.2475924e-004
 6.4220757e-004
 6.5867760e-004
 6.7273900e-004
 6.8337197e-004
 6.9016451e-004
 6.9338077e-004
 6.9389818e-004
 6.9300010e-004
 6.9208670e-004
 6.9236738e-004
 6.9461309e-004
 6.9902337e-004
 7.0522970e-004
 7.1242411e-004
 7.1957224e-004
 7.2564057e-004
 7.2979933e-004
 7.3155155e-004
 7.3077239e-004
 7.2767521e-004
 7.2272163e-004
 7.1650802e-004
 7.0965069e-004
 7.0269994e-004
 6.9607218e-004
 6.9002330e-004
 6.8464113e-004
 6.7986210e-004
 6.7551318e-004
 6.7136169e-004
 6.6718354e-004
 6.6282868e-004
 6.5827416e-004
 6.5365748e-004
 6.4926402e-004
 6.4548198e-004
 6.4271787e-004
 6.4130139e-004
 6.4140692e-004
 6.4301514e-004
 6.4593734e-004
 6.4989825e-004
 6.5466308e-004
 6.6016265e-004
 6.6658203e-004
 6.7437656e-004
 6.8418792e-004
 6.9669605e-004
 7.1241346e-004
 7.3150074e-004
 7.5365207e-004
 7.7805732e-004
 8.0351328e-004
 8.2858902e-004
 8.5187238e-004
 8.7221432e-004
 8.8889356e-004
 9.0172776e-004
 9.1104419e-004
 9.1757294e-004
 9.2225976e-004
 9.2604134e-004
 9.2964194e-004
 9.3341531e-004
 9.3727402e-004
 9.4071467e-004
 9.4292831e-004
 9.4297959e-004
 9.4001030e-004
 9.3342789e-004
 9.2303619e-004
 9.0909522e-004
 8.9229201e-004
 8.7363133e-004
 8.5430383e-004
 8.3550834e-004
 8.1832323e-004
 8.0359069e-004
 7.9184951e-004
 7.8332750e-004
 7.7794667e-004
 7.7537273e-004
 7.7506830e-004
 7.7636429e-004
 7.7853823e-004
 7.8090042e-004
 7.8287808e-004
 7.8409316e-004
 7.8441785e-004
 7.8399427e-004
 7.8321382e-004
 7.8265206e-004
 7.8297331e-004
 7.8482111e-004
 7.8871811e-004
 7.9499511e-004
 8.0376660e-004
 8.1493944e-004
 8.2826801e-004
 8.4340520e-004
 8.5995998e-004
 8.7753771e-004
 8.9573488e-004
 9.1414351e-004
 9.3231705e-004
 9.4976410e-004
 9.6596015e-004
 9.8036020e-004
 9.9245901e-004
 1.0018292e-003
 1.0081732e-003
 1.0113519e-003
 1.0113874e-003
 1.0084526e-003
 1.0028465e-003
 9.9496823e-004
 9.8529051e-004
 9.7435107e-004
 9.6274179e-004
 9.5109380e-004
 9.4006798e-004
 9.3030831e-004
 9.2239754e-004
 9.1678440e-004
 9.1371103e-004
 9.1315655e-004
 9.1480213e-004
 9.1804354e-004
 9.2205434e-004
 9.2590501e-004
 9.2871714e-004
 9.2983991e-004
 9.2900277e-004
 9.2641730e-004
 9.2278828e-004
 9.1922592e-004
 9.1705646e-004
 9.1757142e-004
 9.2175510e-004
 9.3005889e-004
 9.4226300e-004
 9.5746695e-004
 9.7421737e-004
 9.9072058e-004
 1.0051400e-003
 1.0158649e-003
 1.0217475e-003
 1.0222407e-003
 1.0174259e-003
 1.0079439e-003
 9.9485251e-004
 9.7944215e-004
 9.6304191e-004
 9.4687607e-004
 9.3194580e-004
 9.1899920e-004
 9.0853509e-004
 9.0084720e-004
 8.9608936e-004
 8.9431205e-004
 8.9548028e-004
 8.9944917e-004
 9.0592174e-004
 9.1440039e-004
 9.2416850e-004
 9.3432644e-004
 9.4387477e-004
 9.5186691e-004
 9.5756975e-004
 9.6062431e-004
 9.6114847e-004
 9.5975195e-004
 9.5745322e-004
 9.5550180e-004
 9.5513318e-004
 9.5730246e-004
 9.6245087e-004
 9.7035890e-004
 9.8012073e-004
 9.9026749e-004
 9.9903229e-004
 1.0046989e-003
 1.0059973e-003
 1.0024364e-003
 9.9451584e-004
 9.8374090e-004
 9.7243953e-004
 9.6338033e-004
 9.5929013e-004
 9.6233608e-004
 9.7369787e-004
 9.9330361e-004
 1.0197848e-003
 1.0506778e-003
 1.0827823e-003
 1.1126938e-003
 1.1373168e-003
 1.1543535e-003
 1.1626396e-003
 1.1622631e-003
 1.1544857e-003
 1.1414578e-003
 1.1258037e-003
 1.1101487e-003
 1.0967149e-003
 1.0870167e-003
 1.0817568e-003
 1.0808839e-003
 1.0838050e-003
 1.0896750e-003
 1.0976875e-003
 1.1072875e-003
 1.1182661e-003
 1.1307253e-003
 1.1449195e-003
 1.1610466e-003
 1.1790259e-003
 1.1983016e-003
 1.2177760e-003
 1.2358474e-003
 1.2506441e-003
 1.2603506e-003
 1.2634902e-003
 1.2591549e-003
 1.2471030e-003
 1.2277158e-003
 1.2019897e-003
 1.1714562e-003
 1.1379208e-003
 1.1031736e-003
 1.0686483e-003
 1.0351640e-003
 1.0028897e-003
 9.7145286e-004
 9.4027148e-004
 9.0891519e-004
 8.7738899e-004
 8.4624789e-004
 8.1645331e-004
 7.8916003e-004
 7.6543476e-004
 7.4604509e-004
 7.3136535e-004
 7.2132592e-004
 7.1548059e-004
 7.1315898e-004
 7.1363640e-004
 7.1629125e-004
 7.2069216e-004
 7.2660251e-004
 7.3389424e-004
 7.4241846e-004
 7.5186015e-004
 7.6164841e-004
 7.7096611e-004
 7.7884312e-004
 7.8432250e-004
 7.8662747e-004
 7.8531227e-004
 7.8033551e-004
 7.7208795e-004
 7.6138170e-004
 7.4934796e-004
 7.3724426e-004
 7.2620495e-004
 7.1699842e-004
 7.0982974e-004
 7.0427608e-004
 6.9938210e-004
 6.9389050e-004
 6.8658218e-004
 6.7663012e-004
 6.6387578e-004
 6.4891821e-004
 6.3298736e-004
 6.1770476e-004
 6.0476077e-004
 5.9560151e-004
 5.9120305e-004
 5.9194234e-004
 5.9755601e-004
 6.0718786e-004
 6.1954383e-004
 6.3309423e-004
 6.4631738e-004
 6.5790280e-004
 6.6691951e-004
 6.7290058e-004
 6.7583536e-004
 6.7610532e-004
 6.7436905e-004
 6.7142921e-004
 6.6810369e-004
 6.6512177e-004
 6.6304923e-004
 6.6224678e-004
 6.6285994e-004
 6.6483067e-004
 6.6792552e-004
 6.7177444e-004
 6.7591947e-004
 6.7986344e-004
 6.8312918e-004
 6.8531319e-004
 6.8614172e-004
 6.8551570e-004
 6.8354059e-004
 6.8053452e-004
 6.7701365e-004
 6.7365071e-004
 6.7121245e-004
 6.7048694e-004
 6.7220203e-004
 6.7694997e-004
 6.8512000e-004
 6.9685042e-004
 7.1198703e-004
 7.3006423e-004
 7.5031212e-004
 7.7166065e-004
 7.9280621e-004
 8.1227469e-004
 8.2854764e-004
 8.4021816e-004
 8.4615283e-004
 8.4567681e-004
 8.3871465e-004
 8.2588400e-004
 8.0848939e-004
 7.8843435e-004
 7.6800660e-004
 7.4961782e-004
 7.3548226e-004
 7.2731293e-004
 7.2609796e-004
 7.3196768e-004
 7.4420299e-004
 7.6136761e-004
 7.8156102e-004
 8.0271106e-004
 8.2289160e-004
 8.4059563e-004
 8.5489347e-004
 8.6550787e-004
 8.7274285e-004
 8.7733869e-004
 8.8026270e-004
 8.8248373e-004
 8.8478171e-004
 8.8761299e-004
 8.9105393e-004
 8.9482369e-004
 8.9837174e-004
 9.0101809e-004
 9.0210274e-004
 9.0112619e-004
 8.9785043e-004
 8.9233037e-004
 8.8488101e-004
 8.7601430e-004
 8.6635101e-004
 8.5652876e-004
 8.4713759e-004
 8.3866762e-004
 8.3149300e-004
 8.2586170e-004
 8.2191470e-004
 8.1973360e-004
 8.1939489e-004
 8.2103029e-004
 8.2487077e-004
 8.3126884e-004
 8.4068003e-004
 8.5360667e-004
 8.7051588e-004
 8.9171843e-004
 9.1727712e-004
 9.4689947e-004
 9.7991643e-004
 1.0153487e-003
 1.0519746e-003
 1.0884944e-003
 1.1236478e-003
 1.1563628e-003
 1.1858739e-003
 1.2117501e-003
 1.2339336e-003
 1.2526923e-003
 1.2685542e-003
 1.2821951e-003
 1.2942887e-003
 1.3053730e-003
 1.3157325e-003
 1.3253083e-003
 1.3336823e-003
 1.3401050e-003
 1.3435917e-003
 1.3430597e-003
 1.3374850e-003
 1.3260614e-003
 1.3083388e-003
 1.2843146e-003
 1.2544555e-003
 1.2196921e-003
 1.1813039e-003
 1.1408199e-003
 1.0998545e-003
 1.0599397e-003
 1.0224276e-003
 9.8835805e-004
 9.5844350e-004
 9.3305385e-004
 9.1225363e-004
 8.9589349e-004
 8.8368799e-004
 8.7530247e-004
 8.7043748e-004
 8.6887309e-004
 8.7049825e-004
 8.7530160e-004
 8.8334357e-004
 8.9469895e-004
 9.0940215e-004
 9.2737563e-004
 9.4838196e-004
 9.7200513e-004
 9.9763740e-004
 1.0245428e-003
 1.0519153e-003
 1.0789952e-003
 1.1052047e-003
 1.1302478e-003
 1.1542343e-003
 1.1777100e-003
 1.2016522e-003
 1.2273886e-003
 1.2564113e-003
 1.2901747e-003
 1.3298106e-003
 1.3758746e-003
 1.4281500e-003
 1.4854852e-003
 1.5457965e-003
 1.6062154e-003
 1.6632915e-003
 1.7134044e-003
 1.7531286e-003
 1.7796723e-003
 1.7912337e-003
 1.7872175e-003
 1.7683267e-003
 1.7364729e-003
 1.6945371e-003
 1.6459879e-003
 1.5944954e-003
 1.5434645e-003
 1.4957162e-003
 1.4532144e-003
 1.4169387e-003
 1.3869464e-003
 1.3624972e-003
 1.3423359e-003
 1.3249861e-003
 1.3090530e-003
 1.2934989e-003
 1.2778153e-003
 1.2620921e-003
 1.2469894e-003
 1.2335825e-003
 1.2231598e-003
 1.2169608e-003
 1.2159226e-003
 1.2204709e-003
 1.2303850e-003
 1.2447471e-003
 1.2619889e-003
 1.2800605e-003
 1.2966637e-003
 1.3095734e-003
 1.3169382e-003
 1.3175638e-003
 1.3111159e-003
 1.2981617e-003
 1.2800145e-003
 1.2585182e-003
 1.2357726e-003
 1.2138498e-003
 1.1945708e-003
 1.1793041e-003
 1.1688946e-003
 1.1635976e-003
 1.1630044e-003
 1.1660543e-003
 1.1711194e-003
 1.1761778e-003
 1.1790482e-003
 1.1776752e-003
 1.1704245e-003
 1.1563350e-003
 1.1352338e-003
 1.1077576e-003
 1.0783850e-003
 1.0400374e-003
 1.0005956e-003
 9.6227834e-004
 9.2703995e-004
 8.9631084e-004
 8.7088870e-004
 8.5097516e-004
 8.3634234e-004
 8.2653889e-004
 8.2101172e-004
 8.1918441e-004
 8.2048017e-004
 8.2433433e-004
 8.3019899e-004
 8.3754666e-004
 8.4586855e-004
 8.5466012e-004
 8.6342660e-004
 8.7167427e-004
 8.7891630e-004
 8.8468700e-004
 8.8856451e-004
 8.9022645e-004
 8.8951405e-004
 8.8649872e-004
 8.8150654e-004
 8.7509560e-004
 8.6798990e-004
 8.6101447e-004
 8.5503567e-004
 8.5091428e-004
 8.4946334e-004
 8.5138279e-004
 8.5718610e-004
 8.6713297e-004
 8.8120892e-004
 8.9914474e-004
 9.2048355e-004
 9.4466511e-004
 9.7106548e-004
 9.9905848e-004
 1.0280204e-003
 1.0573644e-003
 1.0865792e-003
 1.1152287e-003
 1.1429896e-003
 1.1696173e-003
 1.1949333e-003
 1.2188078e-003
 1.2411182e-003
 1.2617594e-003
 1.2806169e-003
 1.2975702e-003
 1.3124926e-003
 1.3252336e-003
 1.3356298e-003
 1.3434970e-003
 1.3486398e-003
 1.3508588e-003
 1.3499547e-003
 1.3457439e-003
 1.3380843e-003
 1.3269220e-003
 1.3123408e-003
 1.2946231e-003
 1.2742664e-003
 1.2519545e-003
 1.2285232e-003
 1.2048812e-003
 1.1819764e-003
 1.1607393e-003
 1.1420141e-003
 1.1264835e-003
 1.1145370e-003
 1.1061825e-003
 1.1009966e-003
 1.0981677e-003
 1.0966009e-003
 1.0950324e-003
 1.0921309e-003
 1.0865818e-003
 1.0771820e-003
 1.0629831e-003
 1.0434523e-003
 1.0186334e-003
 9.8920590e-004
 9.5641054e-004
 9.2191884e-004
 8.8765204e-004
 8.5562462e-004
 8.2785793e-004
 8.0622936e-004
 7.9233211e-004
 7.8726094e-004
 7.9143728e-004
 8.0453884e-004
 8.2557538e-004
 8.5305725e-004
 8.8519673e-004
 9.2008460e-004
 9.5577823e-004
 9.9043397e-004
 1.0223968e-003
 1.0503553e-003
 1.0734731e-003
 1.0914180e-003
 1.1043325e-003
 1.1126965e-003
 1.1171969e-003
 1.1186196e-003
 1.1177770e-003
 1.1154626e-003
 1.1124085e-003
 1.1092391e-003
 1.1064308e-003
 1.1042978e-003
 1.1030070e-003
 1.1026160e-003
 1.1031170e-003
 1.1044693e-003
 1.1066147e-003
 1.1094810e-003
 1.1129762e-003
 1.1169735e-003
 1.1213030e-003
 1.1257440e-003
 1.1300315e-003
 1.1338688e-003
 1.1369387e-003
 1.1389196e-003
 1.1394958e-003
 1.1383793e-003
 1.1353389e-003
 1.1302392e-003
 1.1230722e-003
 1.1139745e-003
 1.1032125e-003
 1.0911442e-003
 1.0781890e-003
 1.0647954e-003
 1.0514202e-003
 1.0385356e-003
 1.0266193e-003
 1.0161710e-003
 1.0077134e-003
 1.0017926e-003
 9.9898153e-004
 9.9986792e-004
 1.0050478e-003
 1.0151074e-003
 1.0305995e-003
 1.0519733e-003
 1.0794873e-003
 1.1130598e-003
 1.1521563e-003
 1.1957574e-003
 1.2423748e-003
 1.2902099e-003
 1.3372528e-003
 1.3814152e-003
 1.4206449e-003
 1.4530118e-003
 1.4768908e-003
 1.4911724e-003
 1.4954265e-003
 1.4899897e-003
 1.4758853e-003
 1.4546476e-003
 1.4281056e-003
 1.3982368e-003
 1.3670271e-003
 1.3363974e-003
 1.3080788e-003
 1.2834697e-003
 1.2635421e-003
 1.2487717e-003
 1.2392029e-003
 1.2345545e-003
 1.2343492e-003
 1.2380192e-003
 1.2449680e-003
 1.2546096e-003
 1.2664017e-003
 1.2798865e-003
 1.2947090e-003
 1.3106423e-003
 1.3275632e-003
 1.3454285e-003
 1.3642492e-003
 1.3840494e-003
 1.4048510e-003
 1.4266571e-003
 1.4494021e-003
 1.4729318e-003
 1.4969502e-003
 1.5210122e-003
 1.5445475e-003
 1.5668758e-003
 1.5872706e-003
 1.6049750e-003
 1.6192585e-003
 1.6294430e-003
 1.6349999e-003
 1.6356284e-003
 1.6313432e-003
 1.6225085e-003
 1.6098032e-003
 1.5941334e-003
 1.5765544e-003
 1.5581669e-003
 1.5400643e-003
 1.5232749e-003
 1.5086394e-003
 1.4967066e-003
 1.4876354e-003
 1.4811349e-003
 1.4765189e-003
 1.4728073e-003
 1.4688494e-003
 1.4634199e-003
 1.4553020e-003
 1.4433858e-003
 1.4267818e-003
 1.4049748e-003
 1.3779806e-003
 1.3463693e-003
 1.3112213e-003
 1.2740216e-003
 1.2364550e-003
 1.2003125e-003
 1.1673784e-003
 1.1393677e-003
 1.1177544e-003
 1.1036533e-003
 1.0976921e-003
 1.0999379e-003
 1.1099691e-003
 1.1269900e-003
 1.1499920e-003
 1.1778608e-003
 1.2094579e-003
 1.2436364e-003
 1.2793274e-003
 1.3155610e-003
 1.3514741e-003
 1.3863767e-003
 1.4197107e-003
 1.4509936e-003
 1.4798270e-003
 1.5058449e-003
 1.5286909e-003
 1.5480731e-003
 1.5637785e-003
 1.5757363e-003
 1.5840583e-003
 1.5890748e-003
 1.5913040e-003
 1.5914016e-003
 1.5901085e-003
 1.5881982e-003
 1.5864421e-003
 1.5855638e-003
 1.5861833e-003
 1.5887469e-003
 1.5934620e-003
 1.6002747e-003
 1.6088962e-003
 1.6188564e-003
 1.6295882e-003
 1.6404805e-003
 1.6509147e-003
 1.6603274e-003
 1.6682600e-003
 1.6744361e-003
 1.6788219e-003
 1.6816598e-003
 1.6834376e-003
 1.6848226e-003
 1.6865901e-003
 1.6895590e-003
 1.6945349e-003
 1.7022522e-003
 1.7132857e-003
 1.7279300e-003
 1.7461185e-003
 1.7673736e-003
 1.7908552e-003
 1.8154338e-003
 1.8398364e-003
 1.8627204e-003
 1.8827296e-003
 1.8986022e-003
 1.9092473e-003
 1.9138618e-003
 1.9120525e-003
 1.9038665e-003
 1.8897480e-003
 1.8704479e-003
 1.8468846e-003
 1.8200588e-003
 1.7910211e-003
 1.7608030e-003
 1.7304142e-003
 1.7008472e-003
 1.6730190e-003
 1.6477895e-003
 1.6259823e-003
 1.6083625e-003
 1.5956743e-003
 1.5886363e-003
 1.5879279e-003
 1.5941227e-003
 1.6076006e-003
 1.6283987e-003
 1.6561121e-003
 1.6898448e-003
 1.7282252e-003
 1.7695744e-003
 1.8120105e-003
 1.8535806e-003
 1.8923148e-003
 1.9263919e-003
 1.9542493e-003
 1.9747473e-003
 1.9873676e-003
 1.9922501e-003
 1.9901316e-003
 1.9821967e-003
 1.9698872e-003
 1.9547751e-003
 1.9384439e-003
 1.9224145e-003
 1.9080435e-003
 1.8964224e-003
 1.8882571e-003
 1.8838430e-003
 1.8831030e-003
 1.8856809e-003
 1.8910563e-003
 1.8986210e-003
 1.9077318e-003
 1.9177189e-003
 1.9278820e-003
 1.9374614e-003
 1.9456367e-003
 1.9515097e-003
 1.9541101e-003
 1.9524228e-003
 1.9454040e-003
 1.9320222e-003
 1.9113029e-003
 1.8824303e-003
 1.8449501e-003
 1.7989555e-003
 1.7453125e-003
 1.6857224e-003
 1.6226982e-003
 1.5592743e-003
 1.4988158e-003
 1.4448611e-003
 1.4008577e-003
 1.3700017e-003
 1.3549385e-003
 1.3573314e-003
 1.3775530e-003
 1.4145474e-003
 1.4659311e-003
 1.5283884e-003
 1.5980457e-003
 1.6707268e-003
 1.7422913e-003
 1.8088088e-003
 1.8667980e-003
 1.9136636e-003
 1.9479381e-003
 1.9693908e-003
 1.9789557e-003
 1.9783955e-003
 1.9699710e-003
 1.9561821e-003
 1.9395725e-003
 1.9225916e-003
 1.9074559e-003
 1.8959502e-003
 1.8892916e-003
 1.8880692e-003
 1.8922958e-003
 1.9015648e-003
 1.9152196e-003
 1.9324666e-003
 1.9524663e-003
 1.9743496e-003
 1.9971973e-003
 2.0200538e-003
 2.0418947e-003
 2.0616043e-003
 2.0780137e-003
 2.0898995e-003
 2.0960146e-003
 2.0951158e-003
 2.0860285e-003
 2.0677410e-003
 2.0396088e-003
 2.0015598e-003
 1.9543085e-003
 1.8994826e-003
 1.8394706e-003
 1.7772404e-003
 1.7161485e-003
 1.6596459e-003
 1.6111635e-003
 1.5738880e-003
 1.5505101e-003
 1.5428151e-003
 1.5514134e-003
 1.5755901e-003
 1.6134446e-003
 1.6622128e-003
 1.7185727e-003
 1.7790033e-003
 1.8399481e-003
 1.8980267e-003
 1.9502088e-003
 1.9941723e-003
 2.0284913e-003
 2.0527169e-003
 2.0673294e-003
 2.0734665e-003
 2.0726616e-003
 2.0666388e-003
 2.0571633e-003
 2.0459499e-003
 2.0345445e-003
 2.0242142e-003
 2.0158431e-003
 2.0098984e-003
 2.0064595e-003
 2.0053261e-003
 2.0061301e-003
 2.0084216e-003
 2.0117278e-003
 2.0155848e-003
 2.0195728e-003
 2.0233451e-003
 2.0266571e-003
 2.0293742e-003
 2.0314646e-003
 2.0329715e-003
 2.0339808e-003
 2.0346020e-003
 2.0349498e-003
 2.0351370e-003
 2.0352656e-003
 2.0354192e-003
 2.0356558e-003
 2.0360057e-003
 2.0364739e-003
 2.0370465e-003
 2.0376984e-003
 2.0383988e-003
 2.0391152e-003
 2.0398130e-003
 2.0404584e-003
 2.0410158e-003
 2.0414484e-003
 2.0417192e-003
 2.0417892e-003
 2.0416195e-003
 2.0411708e-003
 2.0404058e-003
 2.0392924e-003
 2.0378151e-003
 2.0359880e-003
 2.0338760e-003
 2.0316152e-003
 2.0294168e-003
 2.0275612e-003
 2.0263812e-003
 2.0262375e-003
 2.0275007e-003
 2.0305321e-003
 2.0356511e-003
 2.0430945e-003
 2.0529612e-003
 2.0651519e-003
 2.0793632e-003
 2.0951028e-003
 2.1117269e-003
 2.1285200e-003
 2.1447272e-003
 2.1595999e-003
 2.1724200e-003
 2.1825759e-003
 2.1896132e-003
 2.1932900e-003
 2.1936097e-003
 2.1907904e-003
 2.1852117e-003
 2.1773481e-003
 2.1677159e-003
 2.1568495e-003
 2.1452622e-003
 2.1334295e-003
 2.1217556e-003
 2.1105583e-003
 2.1000442e-003
 2.0903256e-003
 2.0814529e-003
 2.0734281e-003
 2.0662327e-003
 2.0598450e-003
 2.0542340e-003
 2.0493686e-003
 2.0452118e-003
 2.0417257e-003
 2.0388635e-003
 2.0365748e-003
 2.0348064e-003
 2.0335016e-003
 2.0326008e-003
 2.0320406e-003
 2.0317447e-003
 2.0316127e-003
 2.0315044e-003
 2.0312262e-003
 2.0305237e-003
 2.0290886e-003
 2.0265735e-003
 2.0226077e-003
 2.0168128e-003
 2.0088255e-003
 1.9983177e-003
 1.9850412e-003
 1.9688942e-003
 1.9499520e-003
 1.9284987e-003
 1.9049980e-003
 1.8800666e-003
 1.8543855e-003
 1.8286713e-003
 1.8036639e-003
 1.7800629e-003
 1.7585163e-003
 1.7395975e-003
 1.7237430e-003
 1.7112613e-003
 1.7023389e-003
 1.6970774e-003
 1.6955157e-003
 1.6976652e-003
 1.7035120e-003
 1.7130072e-003
 1.7260374e-003
 1.7423660e-003
 1.7616110e-003
 1.7832206e-003
 1.8064807e-003
 1.8305928e-003
 1.8546991e-003
 1.8779286e-003
 1.8994021e-003
 1.9182923e-003
 1.9338340e-003
 1.9453531e-003
 1.9523181e-003
 1.9543397e-003
 1.9511661e-003
 1.9426559e-003
 1.9287370e-003
 1.9093702e-003
 1.8845476e-003
 1.8542566e-003
 1.8184889e-003
 1.7772758e-003
 1.7324570e-003
 1.6926782e-003
 1.6362062e-003
 1.5768578e-003
 1.5157009e-003
 1.4538174e-003
 1.3922737e-003
 1.3321813e-003
 1.2746063e-003
 1.2206304e-003
 1.1713349e-003
 1.1276929e-003
 1.0897890e-003
 1.0571734e-003
 1.0294029e-003
 1.0060294e-003
 9.8662009e-004
 9.7072596e-004
 9.5790322e-004
 9.4770675e-004
 9.3969784e-004
 9.3343045e-004
 9.2846120e-004
 9.2434580e-004
 9.2064281e-004
 9.1694039e-004
 9.1312546e-004
 9.0924453e-004
 9.0534461e-004
 9.0147578e-004
 8.9768512e-004
 8.9402060e-004
 8.9052960e-004
 8.8726182e-004
 8.8426430e-004
 8.8158529e-004
 8.7927224e-004
 8.7737438e-004
 8.7593897e-004
 8.7501435e-004
 8.7464839e-004
 8.7488932e-004
 8.7578507e-004
 8.7737589e-004
 8.7963243e-004
 8.8248926e-004
 8.8587910e-004
 8.8973629e-004
 8.9399453e-004
 8.9858891e-004
 9.0345083e-004
 9.0851518e-004
 9.1371580e-004
 9.1898651e-004
 9.2426228e-004
 9.2947436e-004
 9.3455793e-004
 9.3944662e-004
 9.4407541e-004
 9.4837579e-004
 9.5228275e-004
 9.5572998e-004
 9.5865206e-004
 9.6098118e-004
 9.6265209e-004
 9.6360588e-004
 9.6384814e-004
 9.6341682e-004
 9.6235063e-004
 9.6068811e-004
 9.5846760e-004
 9.5572683e-004
 9.5250574e-004
 9.4884203e-004
 9.4477437e-004
 9.4033993e-004
 9.3557953e-004
 9.3053043e-004
 9.2523108e-004
 9.1971882e-004
 9.1403467e-004
 9.0821570e-004
 9.0230041e-004
 8.9632749e-004
 8.9033367e-004
 8.8436052e-004
 8.7844493e-004
 8.7262550e-004
 8.6693920e-004
 8.6142740e-004
 8.5612712e-004
 8.5107348e-004
 8.4627303e-004
 8.4172224e-004
 8.3741377e-004
 8.3334174e-004
 8.2950009e-004
 8.2588207e-004
 8.2248333e-004
 8.1929693e-004
 8.1631693e-004
 8.1353670e-004
 8.1095158e-004
 8.0855488e-004
 8.0634048e-004
 8.0430205e-004
 8.0243446e-004
 8.0073130e-004
 7.9918641e-004
 7.9779362e-004
 7.9654768e-004
 7.9544197e-004
 7.9447072e-004
 7.9362764e-004
 7.9290697e-004
 7.9230277e-004
 7.9180894e-004
 7.9141941e-004
 7.9112826e-004
 7.9092954e-004
 7.9081708e-004
 7.9078699e-004
 7.9085032e-004
 7.9102581e-004
 7.9133187e-004
