s07_ASD Record=2332:  error bars to preceding                
 4.0873361e-004
 3.7338358e-004
 3.3563338e-004
 2.9868921e-004
 2.6553130e-004
 2.3801601e-004
 2.1655737e-004
 2.0045380e-004
 1.8845327e-004
 1.7928476e-004
 1.7199051e-004
 1.6598566e-004
 1.6096894e-004
 1.5677857e-004
 1.5323541e-004
 1.5005472e-004
 1.4691397e-004
 1.4362577e-004
 1.4026782e-004
 1.3718169e-004
 1.3483662e-004
 1.3363537e-004
 1.3380544e-004
 1.3545385e-004
 1.3870778e-004
 1.4378723e-004
 1.5084105e-004
 1.5953546e-004
 1.6876668e-004
 1.7688921e-004
 1.8230417e-004
 1.8403542e-004
 1.8187209e-004
 1.7627282e-004
 1.6850694e-004
 1.6036685e-004
 1.5340745e-004
 1.4850395e-004
 1.4575665e-004
 1.4470790e-004
 1.4477466e-004
 1.4563285e-004
 1.4734558e-004
 1.5021110e-004
 1.5447497e-004
 1.6010007e-004
 1.6667186e-004
 1.7339934e-004
 1.7916335e-004
 1.8266868e-004
 1.8275647e-004
 1.7881161e-004
 1.7108431e-004
 1.6077531e-004
 1.4987115e-004
 1.4092702e-004
 1.3669091e-004
 1.3906501e-004
 1.4855035e-004
 1.6431314e-004
 1.8118729e-004
 1.9389279e-004
 2.0062755e-004
 1.9975755e-004
 1.9107026e-004
 1.7878183e-004
 1.6757050e-004
 1.6005980e-004
 1.5703333e-004
 1.5763778e-004
 1.5997197e-004
 1.6205490e-004
 1.6259452e-004
 1.6120607e-004
 1.5824984e-004
 1.5451397e-004
 1.5089153e-004
 1.4815159e-004
 1.4681534e-004
 1.4706845e-004
 1.4866504e-004
 1.5088807e-004
 1.5271876e-004
 1.5329025e-004
 1.5245839e-004
 1.5108894e-004
 1.5071689e-004
 1.5264373e-004
 1.5703218e-004
 1.6267621e-004
 1.6767977e-004
 1.7059622e-004
 1.7120884e-004
 1.7045380e-004
 1.6972280e-004
 1.7020725e-004
 1.7270570e-004
 1.7778095e-004
 1.8575093e-004
 1.9623320e-004
 2.0760950e-004
 2.1712607e-004
 2.2186605e-004
 2.2008989e-004
 2.1235623e-004
 2.0156437e-004
 1.9128175e-004
 1.8354962e-004
 1.7786009e-004
 1.7208117e-004
 1.6458609e-004
 1.5575244e-004
 1.4765811e-004
 1.4254120e-004
 1.4151577e-004
 1.4433960e-004
 1.4979135e-004
 1.5602515e-004
 1.6098795e-004
 1.6328083e-004
 1.6315002e-004
 1.6263932e-004
 1.6438676e-004
 1.6978815e-004
 1.7790527e-004
 1.8588298e-004
 1.9049759e-004
 1.8982374e-004
 1.8412746e-004
 1.7554808e-004
 1.6678552e-004
 1.5966360e-004
 1.5458350e-004
 1.5110501e-004
 1.4886873e-004
 1.4786597e-004
 1.4794827e-004
 1.4837141e-004
 1.4804398e-004
 1.4626882e-004
 1.4334507e-004
 1.4074861e-004
 1.4080583e-004
 1.4560664e-004
 1.5540747e-004
 1.6789585e-004
 1.7941892e-004
 1.8717216e-004
 1.9016721e-004
 1.8851311e-004
 1.8265129e-004
 1.7367816e-004
 1.6378911e-004
 1.5546127e-004
 1.4979481e-004
 1.4587110e-004
 1.4210794e-004
 1.3830615e-004
 1.3615306e-004
 1.3752270e-004
 1.4230734e-004
 1.4807157e-004
 1.5195896e-004
 1.5292858e-004
 1.5209055e-004
 1.5110002e-004
 1.5090634e-004
 1.5261312e-004
 1.5881864e-004
 1.7192824e-004
 1.8968126e-004
 2.0380999e-004
 2.0594664e-004
 1.9548896e-004
 1.8026390e-004
 1.6936997e-004
 1.6645966e-004
 1.6924797e-004
 1.7319349e-004
 1.7502581e-004
 1.7421620e-004
 1.7201502e-004
 1.6892501e-004
 1.6367143e-004
 1.5558969e-004
 1.4712573e-004
 1.4203579e-004
 1.4125947e-004
 1.4249975e-004
 1.4410564e-004
 1.4741447e-004
 1.5406079e-004
 1.6204975e-004
 1.6646093e-004
 1.6473734e-004
 1.5981721e-004
 1.5645004e-004
 1.5556016e-004
 1.5449572e-004
 1.5199826e-004
 1.4994100e-004
 1.4980992e-004
 1.4992556e-004
 1.4739179e-004
 1.4175584e-004
 1.3566850e-004
 1.3218772e-004
 1.3255230e-004
 1.3699917e-004
 1.4616121e-004
 1.5957050e-004
 1.7315244e-004
 1.8057303e-004
 1.7828024e-004
 1.6870954e-004
 1.5809282e-004
 1.5128091e-004
 1.4885586e-004
 1.4909384e-004
 1.5189491e-004
 1.5976565e-004
 1.7478505e-004
 1.9515154e-004
 2.1514794e-004
 2.2864230e-004
 2.3242086e-004
 2.2631361e-004
 2.1170321e-004
 1.9159095e-004
 1.7115791e-004
 1.5594292e-004
 1.4928667e-004
 1.5245570e-004
 1.6526641e-004
 1.8359532e-004
 1.9805507e-004
 2.0011366e-004
 1.9046981e-004
 1.7846411e-004
 1.7263352e-004
 1.7338710e-004
 1.7433285e-004
 1.6897588e-004
 1.5610768e-004
 1.3998034e-004
 1.2617117e-004
 1.1743797e-004
 1.1352111e-004
 1.1435430e-004
 1.2102808e-004
 1.3189379e-004
 1.4163343e-004
 1.4699152e-004
 1.4904284e-004
 1.4858125e-004
 1.4551744e-004
 1.4280457e-004
 1.4299210e-004
 1.4405027e-004
 1.4475065e-004
 1.4734255e-004
 1.5184500e-004
 1.5478741e-004
 1.5317550e-004
 1.4581048e-004
 1.3485624e-004
 1.2797174e-004
 1.3282786e-004
 1.4731835e-004
 1.6128266e-004
 1.6919681e-004
 1.7323886e-004
 1.7507643e-004
 1.7503093e-004
 1.7549608e-004
 1.7671792e-004
 1.7584454e-004
 1.7363568e-004
 1.7359525e-004
 1.7389329e-004
 1.6810925e-004
 1.5485958e-004
 1.4217429e-004
 1.3905151e-004
 1.4611268e-004
 1.5728024e-004
 1.6603364e-004
 1.6876012e-004
 1.6631205e-004
 1.6446163e-004
 1.6996991e-004
 1.8327011e-004
 1.9590309e-004
 1.9702391e-004
 1.8346056e-004
 1.6444060e-004
 1.5566759e-004
 1.6630020e-004
 1.9052438e-004
 2.1169151e-004
 2.1601224e-004
 2.0447934e-004
 1.9063866e-004
 1.8592115e-004
 1.9000280e-004
 1.9538113e-004
 1.9693881e-004
 1.9585965e-004
 1.9659111e-004
 2.0143000e-004
 2.0834600e-004
 2.1355170e-004
 2.1520788e-004
 2.1475178e-004
 2.1540110e-004
 2.1887719e-004
 2.2240836e-004
 2.1895190e-004
 2.0147416e-004
 1.7027024e-004
 1.3669096e-004
 1.1627209e-004
 1.1818034e-004
 1.4168497e-004
 1.7847492e-004
 2.1547248e-004
 2.3883226e-004
 2.4021138e-004
 2.2128821e-004
 1.9200602e-004
 1.6461608e-004
 1.4874876e-004
 1.4882564e-004
 1.6194105e-004
 1.7733265e-004
 1.8154444e-004
 1.6850384e-004
 1.4592666e-004
 1.3000297e-004
 1.3157920e-004
 1.4679598e-004
 1.6179956e-004
 1.6707504e-004
 1.6719260e-004
 1.7621776e-004
 2.0300855e-004
 2.4082448e-004
 2.7149639e-004
 2.7871449e-004
 2.5784693e-004
 2.1699513e-004
 1.7270574e-004
 1.4367337e-004
 1.3831536e-004
 1.4337499e-004
 1.4279978e-004
 1.3639644e-004
 1.3683031e-004
 1.5480860e-004
 1.8511293e-004
 2.0814332e-004
 2.1096866e-004
 2.0102055e-004
 1.9068045e-004
 1.8045756e-004
 1.6763904e-004
 1.5829799e-004
 1.5898464e-004
 1.6585889e-004
 1.7118512e-004
 1.7358155e-004
 1.7592932e-004
 1.7899094e-004
 1.8168510e-004
 1.8503563e-004
 1.9330109e-004
 2.0906300e-004
 2.2452396e-004
 2.2404159e-004
 2.0522451e-004
 1.8943644e-004
 1.9852532e-004
 2.2916883e-004
 2.5814597e-004
 2.6528435e-004
 2.5029285e-004
 2.3062204e-004
 2.2001992e-004
 2.1470390e-004
 2.0733399e-004
 2.0485080e-004
 2.2364121e-004
 2.6934416e-004
 3.2156214e-004
 3.4189815e-004
 3.1104800e-004
 2.5221394e-004
 1.9905555e-004
 1.7052215e-004
 1.6454590e-004
 1.6571285e-004
 1.6146028e-004
 1.4984352e-004
 1.3969500e-004
 1.3972676e-004
 1.5089913e-004
 1.6749809e-004
 1.8256970e-004
 1.9241025e-004
 1.9706381e-004
 1.9849304e-004
 2.0063439e-004
 2.0888410e-004
 2.2631806e-004
 2.4796295e-004
 2.6138447e-004
 2.5593574e-004
 2.3320578e-004
 2.0675418e-004
 1.9184075e-004
 1.9721636e-004
 2.2420076e-004
 2.6772838e-004
 3.1286594e-004
 3.3807819e-004
 3.2731329e-004
 2.7937253e-004
 2.0939091e-004
 1.4182564e-004
 1.0270844e-004
 8.0972575e-005
 8.5450978e-005
 1.1526718e-004
 1.5839808e-004
 1.9834205e-004
 2.1858590e-004
 2.0635738e-004
 1.7348918e-004
 1.4172592e-004
 1.3284078e-004
 1.6400391e-004
 2.2204377e-004
 2.8152211e-004
 3.1696813e-004
 3.0751794e-004
 2.6285765e-004
 2.0505673e-004
 1.5621581e-004
 1.3525302e-004
 1.3983643e-004
 1.6284308e-004
 1.8513620e-004
 1.9850525e-004
 2.0011290e-004
 1.9493949e-004
 1.8830421e-004
 1.8552822e-004
 1.9171085e-004
 2.0698855e-004
 2.2656398e-004
 2.4543612e-004
 2.5859557e-004
 2.6124527e-004
 2.5319529e-004
 2.3880192e-004
 2.2261888e-004
 2.0919333e-004
 2.0292171e-004
 2.0470811e-004
 2.1203858e-004
 2.2225748e-004
 2.3270545e-004
 2.4072698e-004
 2.4441039e-004
 2.4473321e-004
 2.4337514e-004
 2.4201577e-004
 2.4233438e-004
 2.4601026e-004
 2.5365889e-004
 2.6179585e-004
 2.6595432e-004
 2.6166518e-004
 2.4445870e-004
 2.0987084e-004
 1.5343288e-004
 7.4430347e-005
-1.3475437e-005
-9.3242968e-005
-1.4779347e-004
-1.6007778e-004
-1.1303285e-004
 1.0414617e-005
 2.2729524e-004
 5.4597436e-004
 9.4171357e-004
 1.3821699e-003
 1.8348064e-003
 2.2672936e-003
 2.6470965e-003
 2.9418399e-003
 3.1191071e-003
 3.1568627e-003
 3.0720432e-003
 2.8906630e-003
 2.6386764e-003
 2.3421377e-003
 2.0269745e-003
 1.7192556e-003
 1.4449059e-003
 1.2242177e-003
 1.0561037e-003
 9.3466835e-004
 8.5395365e-004
 8.0802129e-004
 7.9094688e-004
 7.9679012e-004
 8.1961404e-004
 8.5348822e-004
 8.9246873e-004
 9.3062886e-004
 9.6202409e-004
 9.8207511e-004
 9.9108415e-004
 9.9046959e-004
 9.8164775e-004
 9.6603279e-004
 9.4504462e-004
 9.2009740e-004
 8.9260394e-004
 8.6398685e-004
 8.3565549e-004
 8.0903276e-004
 7.8552851e-004
 7.6623709e-004
 7.5107452e-004
 7.3970453e-004
 7.3178456e-004
 7.2697684e-004
 7.2494021e-004
 7.2533533e-004
 7.2782254e-004
 7.3206139e-004
 7.3771225e-004
 7.4443629e-004
 7.5185148e-004
 7.5943698e-004
 7.6663704e-004
 7.7289954e-004
 7.7766879e-004
 7.8039238e-004
 7.8051537e-004
 7.7748421e-004
 7.7074545e-004
 7.5974368e-004
 7.4421673e-004
 7.2490133e-004
 7.0274906e-004
 6.7872007e-004
 6.5376324e-004
 6.2883936e-004
 6.0489710e-004
 5.8289705e-004
 5.6378858e-004
 5.4853107e-004
 5.3777394e-004
 5.3114304e-004
 5.2803929e-004
 5.2786648e-004
 5.3002738e-004
 5.3392432e-004
 5.3896027e-004
 5.4453901e-004
 5.5006205e-004
 5.5493350e-004
 5.5869605e-004
 5.6136923e-004
 5.6307117e-004
 5.6392112e-004
 5.6403765e-004
 5.6353962e-004
 5.6254584e-004
 5.6117488e-004
 5.5954594e-004
 5.5774720e-004
 5.5576634e-004
 5.5357063e-004
 5.5112632e-004
 5.4840086e-004
 5.4536026e-004
 5.4197217e-004
 5.3820258e-004
 5.3406740e-004
 5.2973937e-004
 5.2542577e-004
 5.2133208e-004
 5.1766547e-004
 5.1463168e-004
 5.1243766e-004
 5.1128922e-004
 5.1127485e-004
 5.1209755e-004
 5.1338237e-004
 5.1475386e-004
 5.1583705e-004
 5.1625667e-004
 5.1563751e-004
 5.1360473e-004
 5.1010790e-004
 5.0614693e-004
 5.0293125e-004
 5.0210941e-004
 5.0471904e-004
 5.1179150e-004
 5.2385201e-004
 5.4027850e-004
 5.5936584e-004
 5.7866296e-004
 5.9536443e-004
 6.0664763e-004
 6.1021978e-004
 6.0521811e-004
 5.9276738e-004
 5.7541119e-004
 5.5624085e-004
 5.3829199e-004
 5.2401226e-004
 5.1471294e-004
 5.1040715e-004
 5.1013415e-004
 5.1246805e-004
 5.1591295e-004
 5.1919738e-004
 5.2150514e-004
 5.2255596e-004
 5.2248850e-004
 5.2166061e-004
 5.2048487e-004
 5.1932031e-004
 5.1840534e-004
 5.1783794e-004
 5.1760272e-004
 5.1762047e-004
 5.1779102e-004
 5.1802164e-004
 5.1824294e-004
 5.1841390e-004
 5.1851687e-004
 5.1854923e-004
 5.1851594e-004
 5.1842560e-004
 5.1807862e-004
 5.1798776e-004
 5.1788520e-004
 5.1777926e-004
 5.1767880e-004
 5.1759277e-004
 5.1752909e-004
 5.1749428e-004
 5.1749253e-004
 5.1752530e-004
 5.1759061e-004
 5.1768339e-004
 5.1779562e-004
 5.1791786e-004
 5.1804102e-004
 5.1815785e-004
 5.1826425e-004
 5.1835942e-004
 5.1844580e-004
 5.1852752e-004
 5.1860942e-004
 5.1869493e-004
 5.1878550e-004
 5.1887968e-004
 5.1897322e-004
 5.1905937e-004
 5.1912980e-004
 5.1917601e-004
 5.1919091e-004
 5.1917118e-004
 5.1911769e-004
 5.1903614e-004
 5.1893585e-004
 5.1882822e-004
 5.1872549e-004
 5.1863841e-004
 5.1857502e-004
 5.1853945e-004
 5.1853165e-004
 5.1854760e-004
 5.1858008e-004
 5.1862036e-004
 5.1865971e-004
 5.1869068e-004
 5.1870866e-004
 5.1871210e-004
 5.1870290e-004
 5.1868544e-004
 5.1866600e-004
 5.1865098e-004
 5.1864586e-004
 5.1865389e-004
 5.1867525e-004
 5.1870744e-004
 5.1874522e-004
 5.1878212e-004
 5.1881158e-004
 5.1882863e-004
 5.1883084e-004
 5.1881938e-004
 5.1879860e-004
 5.1877566e-004
 5.1875913e-004
 5.1875738e-004
 5.1877712e-004
 5.1882182e-004
 5.1889120e-004
 5.1898102e-004
 5.1908387e-004
 5.1919027e-004
 5.1929045e-004
 5.1937602e-004
 5.1944121e-004
 5.1948387e-004
 5.1950576e-004
 5.1951146e-004
 5.1950768e-004
 5.1950163e-004
 5.1949930e-004
 5.1950448e-004
 5.1951833e-004
 5.1953900e-004
 5.1956251e-004
 5.1958347e-004
 5.1959598e-004
 5.1959459e-004
 5.1957503e-004
 5.1953446e-004
 5.1947188e-004
 5.1938830e-004
 5.1928684e-004
 5.1917270e-004
 5.1905296e-004
 5.1893591e-004
 5.1883003e-004
 5.1874272e-004
 5.1867898e-004
 5.1864015e-004
 5.1862339e-004
 5.1862211e-004
 5.1862729e-004
 5.1862915e-004
 5.1861966e-004
 5.1859423e-004
 5.1855296e-004
 5.1850069e-004
 5.1844586e-004
 5.1839865e-004
 5.1836885e-004
 5.1836361e-004
 5.1838643e-004
 5.1843643e-004
 5.1850919e-004
 5.1859772e-004
 5.1869446e-004
 5.1879254e-004
 5.1888690e-004
 5.1897485e-004
 5.1905593e-004
 5.1913108e-004
 5.1920151e-004
 5.1926781e-004
 5.1932927e-004
 5.1938352e-004
 5.1942706e-004
 5.1945623e-004
 5.1946833e-004
 5.1946269e-004
 5.1944121e-004
 5.1940855e-004
 5.1937101e-004
 5.1933539e-004
 5.1930727e-004
 5.1929010e-004
 5.1928434e-004
 5.1928783e-004
 5.1929674e-004
 5.1930686e-004
 5.1931490e-004
 5.1931897e-004
 5.1931868e-004
 5.1931437e-004
 5.1930570e-004
 5.1929086e-004
 5.1926606e-004
 5.1922596e-004
 5.1916507e-004
 5.1907933e-004
 5.1896786e-004
 5.1883422e-004
 5.1868637e-004
 5.1853585e-004
 5.1839574e-004
 5.1827868e-004
 5.1819475e-004
 5.1815005e-004
 5.1814632e-004
 5.1818130e-004
 5.1825005e-004
 5.1834615e-004
 5.1846326e-004
 5.1859574e-004
 5.1873957e-004
 5.1889161e-004
 5.1904953e-004
 5.1921071e-004
 5.1937194e-004
 5.1952869e-004
 5.1967544e-004
 5.1980565e-004
 5.1991269e-004
 5.1999069e-004
 5.2003487e-004
 5.2004278e-004
 5.2001385e-004
 5.1994954e-004
 5.1985274e-004
 5.1972707e-004
 5.1957596e-004
 5.1940267e-004
 5.1920942e-004
 5.1899796e-004
 5.1876978e-004
 5.1852653e-004
 5.1827071e-004
 5.1800575e-004
 5.1773613e-004
 5.1746756e-004
 5.1720615e-004
 5.1695853e-004
 5.1673135e-004
 5.1653059e-004
 5.1636173e-004
 5.1622884e-004
 5.1613466e-004
 5.1608006e-004
 5.1606388e-004
 5.1608268e-004
 5.1613140e-004
 5.1620387e-004
 5.1629357e-004
 5.1639491e-004
 5.1650405e-004
 5.1661913e-004
 5.1674037e-004
 5.1686901e-004
 5.1700621e-004
 5.1715143e-004
 5.1730179e-004
 5.1745115e-004
 5.1759096e-004
 5.1771133e-004
 5.1780324e-004
 5.1786005e-004
 5.1787955e-004
 5.1786460e-004
 5.1782298e-004
 5.1776634e-004
 5.1770807e-004
 5.1766122e-004
 5.1763613e-004
 5.1763875e-004
 5.1766972e-004
 5.1772455e-004
 5.1779451e-004
 5.1786850e-004
 5.1793497e-004
 5.1798433e-004
 5.1801023e-004
 5.1801070e-004
 5.1798805e-004
 5.1794801e-004
 5.1789853e-004
 5.1784801e-004
 5.1780400e-004
 5.1777234e-004
 5.1775656e-004
 5.1775854e-004
 5.1777851e-004
 5.1781611e-004
 5.1787088e-004
 5.1794242e-004
 5.1803043e-004
 5.1813410e-004
 5.1825191e-004
 5.1838061e-004
 5.1851524e-004
 5.1864871e-004
 5.1877217e-004
 5.1887543e-004
 5.1894825e-004
 5.1898108e-004
 5.1896658e-004
 5.1890092e-004
 5.1878468e-004
 5.1862339e-004
 5.1842787e-004
 5.1821308e-004
 5.1799713e-004
 5.1779905e-004
 5.1763642e-004
 5.1752280e-004
 5.1746581e-004
 5.1746616e-004
 5.1751721e-004
 5.1760644e-004
 5.1771745e-004
 5.1783281e-004
 5.1793677e-004
 5.1801762e-004
 5.1806931e-004
 5.1809137e-004
 5.1808852e-004
 5.1806885e-004
 5.1804213e-004
 5.1801762e-004
 5.1800272e-004
 5.1800185e-004
 5.1801628e-004
 5.1804440e-004
 5.1808252e-004
 5.1812595e-004
 5.1817024e-004
 5.1821215e-004
 5.1825045e-004
 5.1828666e-004
 5.1832490e-004
 5.1837199e-004
 5.1843695e-004
 5.1853037e-004
 5.1866338e-004
 5.1884627e-004
 5.1908696e-004
 5.1938940e-004
 5.1975140e-004
 5.2016339e-004
 5.2060757e-004
 5.2105822e-004
 5.2148401e-004
 5.2185077e-004
 5.2212662e-004
 5.2228640e-004
 5.2231620e-004
 5.2221620e-004
 5.2200083e-004
 5.2169664e-004
 5.2133761e-004
 5.2095967e-004
 5.2059430e-004
 5.2026432e-004
 5.1998091e-004
 5.1974400e-004
 5.1954424e-004
 5.1936682e-004
 5.1919586e-004
 5.1901827e-004
 5.1882630e-004
 5.1861850e-004
 5.1839923e-004
 5.1817711e-004
 5.1796250e-004
 5.1776512e-004
 5.1759242e-004
 5.1744812e-004
 5.1733229e-004
 5.1724171e-004
 5.1717146e-004
 5.1711604e-004
 5.1707093e-004
 5.1703362e-004
 5.1700394e-004
 5.1698403e-004
 5.1697745e-004
 5.1698840e-004
 5.1702064e-004
 5.1707641e-004
 5.1715609e-004
 5.1725795e-004
 5.1737810e-004
 5.1751098e-004
 5.1764981e-004
 5.1778735e-004
 5.1791617e-004
 5.1802950e-004
 5.1812176e-004
 5.1818893e-004
 5.1822915e-004
 5.1824277e-004
 5.1823270e-004
 5.1820383e-004
 5.1816291e-004
 5.1811727e-004
 5.1807426e-004
 5.1803980e-004
 5.1801786e-004
 5.1800924e-004
 5.1801180e-004
 5.1802018e-004
 5.1802665e-004
 5.1802211e-004
 5.1799754e-004
 5.1794562e-004
 5.1786227e-004
 5.1774801e-004
 5.1760889e-004
 5.1745633e-004
 5.1730638e-004
 5.1717769e-004
 5.1708869e-004
 5.1705434e-004
 5.1708281e-004
 5.1717268e-004
 5.1731209e-004
 5.1747932e-004
 5.1764620e-004
 5.1778276e-004
 5.1786314e-004
 5.1787141e-004
 5.1780557e-004
 5.1767880e-004
 5.1751797e-004
 5.1735877e-004
 5.1723915e-004
 5.1719224e-004
 5.1723974e-004
 5.1738834e-004
 5.1762821e-004
 5.1793508e-004
 5.1827432e-004
 5.1860628e-004
 5.1889248e-004
 5.1910011e-004
 5.1920622e-004
 5.1919906e-004
 5.1907863e-004
 5.1885535e-004
 5.1854749e-004
 5.1817863e-004
 5.1777466e-004
 5.1736116e-004
 5.1696121e-004
 5.1659439e-004
 5.1627535e-004
 5.1601417e-004
 5.1581644e-004
 5.1568350e-004
 5.1561341e-004
 5.1560195e-004
 5.1564333e-004
 5.1573111e-004
 5.1585911e-004
 5.1602174e-004
 5.1621429e-004
 5.1643222e-004
 5.1667064e-004
 5.1692314e-004
 5.1718095e-004
 5.1743188e-004
 5.1766145e-004
 5.1785330e-004
 5.1799178e-004
 5.1806436e-004
 5.1806442e-004
 5.1799288e-004
 5.1785883e-004
 5.1767839e-004
 5.1747228e-004
 5.1726255e-004
 5.1706872e-004
 5.1690522e-004
 5.1677908e-004
 5.1669037e-004
 5.1663292e-004
 5.1659701e-004
 5.1657192e-004
 5.1654835e-004
 5.1652052e-004
 5.1648676e-004
 5.1644910e-004
 5.1641220e-004
 5.1638164e-004
 5.1636214e-004
 5.1635626e-004
 5.1636412e-004
 5.1638350e-004
 5.1641115e-004
 5.1644415e-004
 5.1648164e-004
 5.1652564e-004
 5.1658088e-004
 5.1665376e-004
 5.1675079e-004
 5.1687605e-004
 5.1702966e-004
 5.1720667e-004
 5.1739765e-004
 5.1759015e-004
 5.1777094e-004
 5.1792874e-004
 5.1805627e-004
 5.1815144e-004
 5.1821710e-004
 5.1826017e-004
 5.1828945e-004
 5.1831355e-004
 5.1833910e-004
 5.1836966e-004
 5.1840511e-004
 5.1844248e-004
 5.1847659e-004
 5.1850174e-004
 5.1851268e-004
 5.1850564e-004
 5.1847898e-004
 5.1843340e-004
 5.1837164e-004
 5.1829801e-004
 5.1821792e-004
 5.1813712e-004
 5.1806128e-004
 5.1799533e-004
 5.1794283e-004
 5.1790534e-004
 5.1788194e-004
 5.1786879e-004
 5.1786005e-004
 5.1784964e-004
 5.1783456e-004
 5.1782018e-004
 5.1782530e-004
 5.1788654e-004
 5.1805930e-004
 5.1841338e-004
 5.1902287e-004
 5.1995070e-004
 5.2123098e-004
 5.2285451e-004
 5.2476401e-004
 5.2685983e-004
 5.2902335e-004
 5.3114677e-004
 5.3316780e-004
 5.3509476e-004
 5.3701055e-004
 5.3905445e-004
 5.4137746e-004
 5.4408639e-004
 5.4719142e-004
 5.5057165e-004
 5.5398088e-004
 5.5708684e-004
 5.5954367e-004
 5.6107441e-004
 5.6153705e-004
 5.6095951e-004
 5.5953267e-004
 5.5756071e-004
 5.5537804e-004
 5.5326009e-004
 5.5135228e-004
 5.4964726e-004
 5.4801570e-004
 5.4626178e-004
 5.4418744e-004
 5.4163998e-004
 5.3855166e-004
 5.3497037e-004
 5.3105963e-004
 5.2707404e-004
 5.2330480e-004
 5.2001287e-004
 5.1737810e-004
 5.1546691e-004
 5.1423663e-004
 5.1356183e-004
 5.1327964e-004
 5.1323528e-004
 5.1330659e-004
 5.1341276e-004
 5.1351049e-004
 5.1358389e-004
 5.1363336e-004
 5.1366660e-004
 5.1369180e-004
 5.1371421e-004
 5.1373505e-004
 5.1375251e-004
 5.1376352e-004
 5.1376544e-004
 5.1375717e-004
 5.1373977e-004
 5.1371666e-004
 5.1369332e-004
 5.1367708e-004
 5.1367737e-004
 5.1370577e-004
 5.1377580e-004
 5.1390234e-004
 5.1410118e-004
 5.1438744e-004
 5.1477313e-004
 5.1526376e-004
 5.1585463e-004
 5.1652751e-004
 5.1724783e-004
 5.1796535e-004
 5.1861792e-004
 5.1913800e-004
 5.1946379e-004
 5.1955006e-004
 5.1937974e-004
 5.1897072e-004
 5.1837455e-004
 5.1766745e-004
 5.1693845e-004
 5.1627477e-004
 5.1574799e-004
 5.1540509e-004
 5.1526289e-004
 5.1530689e-004
 5.1549339e-004
 5.1575684e-004
 5.1601877e-004
 5.1619898e-004
 5.1622529e-004
 5.1604235e-004
 5.1561656e-004
 5.1493873e-004
 5.1402324e-004
 5.1290536e-004
 5.1163789e-004
 5.1028567e-004
 5.0892157e-004
 5.0762057e-004
 5.0645374e-004
 5.0548388e-004
 5.0475920e-004
 5.0431007e-004
 5.0414557e-004
 5.0425332e-004
 5.0460099e-004
 5.0514075e-004
 5.0581503e-004
 5.0656352e-004
 5.0733035e-004
 5.0806918e-004
 5.0874770e-004
 5.0934800e-004
 5.0986593e-004
 5.1030755e-004
 5.1068468e-004
 5.1101029e-004
 5.1129423e-004
 5.1154086e-004
 5.1174813e-004
 5.1190873e-004
 5.1201257e-004
 5.1205023e-004
 5.1201659e-004
 5.1191344e-004
 5.1175104e-004
 5.1154796e-004
 5.1132886e-004
 5.1112153e-004
 5.1095255e-004
 5.1084341e-004
 5.1080697e-004
 5.1084586e-004
 5.1095191e-004
 5.1110814e-004
 5.1129132e-004
 5.1147607e-004
 5.1163876e-004
 5.1176071e-004
 5.1183056e-004
 5.1184493e-004
 5.1180797e-004
 5.1172916e-004
 5.1162101e-004
 5.1149633e-004
 5.1136554e-004
 5.1123532e-004
 5.1110814e-004
 5.1098276e-004
 5.1085575e-004
 5.1072316e-004
 5.1058287e-004
 5.1043573e-004
 5.1028689e-004
 5.1014533e-004
 5.1002298e-004
 5.0993310e-004
 5.0988776e-004
 5.0989544e-004
 5.0995912e-004
 5.1007484e-004
 5.1023182e-004
 5.1041361e-004
 5.1059981e-004
 5.1076809e-004
 5.1089679e-004
 5.1096670e-004
 5.1096285e-004
 5.1087659e-004
 5.1070761e-004
 5.1046623e-004
 5.1017536e-004
 5.0987292e-004
 5.0961284e-004
 5.0946680e-004
 5.0952355e-004
 5.0988840e-004
 5.1068078e-004
 5.1203102e-004
 5.1407574e-004
 5.1695446e-004
 5.2080024e-004
 5.2573200e-004
 5.3185195e-004
 5.3923309e-004
 5.4791535e-004
 5.5788917e-004
 5.6908786e-004
 5.8138452e-004
 5.9458119e-004
 6.0842105e-004
 6.2258268e-004
 6.3669827e-004
 6.5037864e-004
 6.6322566e-004
 6.7486090e-004
 6.8495044e-004
 6.9321203e-004
 6.9943513e-004
 7.0347515e-004
 7.0525467e-004
 7.0475653e-004
 7.0201565e-004
 6.9711107e-004
 6.9016259e-004
 6.8132643e-004
 6.7079003e-004
 6.5877970e-004
 6.4555305e-004
 6.3141173e-004
 6.1670202e-004
 6.0181279e-004
 5.8718928e-004
 5.7331548e-004
 5.6071393e-004
 5.4991688e-004
 5.4142898e-004
 5.3568947e-004
 5.3301605e-004
 5.3355447e-004
 5.3723902e-004
 5.4377166e-004
 5.5262638e-004
 5.6308805e-004
 5.7432899e-004
 5.8549718e-004
 5.9583853e-004
 6.0479814e-004
 6.1211677e-004
 6.1788858e-004
 6.2256324e-004
 6.2690402e-004
 6.3188438e-004
 6.3854817e-004
 6.4784853e-004
 6.6047814e-004
 6.7674147e-004
 6.9645682e-004
 7.1893650e-004
 7.4304710e-004
 7.6730904e-004
 7.9009077e-004
 8.0978934e-004
 8.2504167e-004
 8.3489920e-004
 8.3893171e-004
 8.3727820e-004
 8.3060603e-004
 8.2000403e-004
 8.0681202e-004
 7.9243502e-004
 7.7814586e-004
 7.6491479e-004
 7.5330766e-004
 7.4342743e-004
 7.3494966e-004
 7.2720734e-004
 7.1932771e-004
 7.1040331e-004
 6.9964927e-004
 6.8655139e-004
 6.7096011e-004
 6.5312255e-004
 6.3367380e-004
 6.1354076e-004
 5.9383607e-004
 5.7570555e-004
 5.6017505e-004
 5.4803753e-004
 5.3975591e-004
 5.3542299e-004
 5.3478341e-004
 5.3729024e-004
 5.4220110e-004
 5.4868794e-004
 5.5595097e-004
 5.6330714e-004
 5.7026197e-004
 5.7653425e-004
 5.8205699e-004
 5.8694399e-004
 5.9142278e-004
 5.9576111e-004
 6.0018146e-004
 6.0479180e-004
 6.0954015e-004
 6.1420084e-004
 6.1840727e-004
 6.2169944e-004
 6.2359025e-004
 6.2363158e-004
 6.2147039e-004
 6.1689178e-004
 6.0983340e-004
 6.0040189e-004
 5.8889389e-004
 5.7579810e-004
 5.6176435e-004
 5.4754718e-004
 5.3394609e-004
 5.2170811e-004
 5.1144970e-004
 5.0357461e-004
 4.9823552e-004
 4.9533759e-004
 4.9274444e-004
 4.9433095e-004
 4.9701426e-004
 5.0019094e-004
 5.0332956e-004
 5.0603162e-004
 5.0806627e-004
 5.0936022e-004
 5.0995289e-004
 5.0994486e-004
 5.0946220e-004
 5.0863711e-004
 5.0759845e-004
 5.0646532e-004
 5.0534226e-004
 5.0431560e-004
 5.0345343e-004
 5.0280808e-004
 5.0241983e-004
 5.0232152e-004
 5.0254160e-004
 5.0310494e-004
 5.0402997e-004
 5.0532422e-004
 5.0697546e-004
 5.0894468e-004
 5.1116390e-004
 5.1353761e-004
 5.1595178e-004
 5.1828043e-004
 5.2039319e-004
 5.2216230e-004
 5.2346836e-004
 5.2421266e-004
 5.2432937e-004
 5.2379782e-004
 5.2264647e-004
 5.2094890e-004
 5.1881192e-004
 5.1636127e-004
 5.1373261e-004
 5.1106146e-004
 5.0847820e-004
 5.0609856e-004
 5.0401257e-004
 5.0227740e-004
 5.0091167e-004
 4.9990090e-004
 4.9920537e-004
 4.9877021e-004
 4.9853430e-004
 4.9843523e-004
 4.9841515e-004
 4.9842644e-004
 4.9843913e-004
 4.9844699e-004
 4.9847044e-004
 4.9855356e-004
 4.9875811e-004
 4.9915613e-004
 4.9982342e-004
 5.0083420e-004
 5.0225330e-004
 5.0412543e-004
 5.0646259e-004
 5.0923106e-004
 5.1234663e-004
 5.1568111e-004
 5.1907153e-004
 5.2233692e-004
 5.2528735e-004
 5.2773516e-004
 5.2950811e-004
 5.3046457e-004
 5.3051632e-004
 5.2964664e-004
 5.2791875e-004
 5.2546716e-004
 5.2248011e-004
 5.1917596e-004
 5.1578763e-004
 5.1254814e-004
 5.0967524e-004
 5.0735625e-004
 5.0572323e-004
 5.0483592e-004
 5.0467270e-004
 5.0513848e-004
 5.0608447e-004
 5.0732971e-004
 5.0867954e-004
 5.0993857e-004
 5.1092519e-004
 5.1148789e-004
 5.1152700e-004
 5.1101291e-004
 5.0999376e-004
 5.0858746e-004
 5.0696387e-004
 5.0532352e-004
 5.0387910e-004
 5.0284294e-004
 5.0241081e-004
 5.0274224e-004
 5.0393533e-004
 5.0600531e-004
 5.0887465e-004
 5.1238376e-004
 5.1631074e-004
 5.2039739e-004
 5.2437134e-004
 5.2795920e-004
 5.3090684e-004
 5.3299899e-004
 5.3408829e-004
 5.3411938e-004
 5.3313811e-004
 5.3128239e-004
 5.2875705e-004
 5.2580814e-004
 5.2269828e-004
 5.1969331e-004
 5.1704637e-004
 5.1497947e-004
 5.1366439e-004
 5.1320274e-004
 5.1361951e-004
 5.1486975e-004
 5.1685754e-004
 5.1945553e-004
 5.2252266e-004
 5.2591204e-004
 5.2947766e-004
 5.3308031e-004
 5.3658918e-004
 5.3988880e-004
 5.4287759e-004
 5.4546783e-004
 5.4758304e-004
 5.4915220e-004
 5.5010914e-004
 5.5039430e-004
 5.4996059e-004
 5.4878637e-004
 5.4689212e-004
 5.4435595e-004
 5.4131803e-004
 5.3797691e-004
 5.3457177e-004
 5.3136738e-004
 5.2863854e-004
 5.2665605e-004
 5.2567373e-004
 5.2590523e-004
 5.2749814e-004
 5.3050905e-004
 5.3489598e-004
 5.4052501e-004
 5.4719805e-004
 5.5467529e-004
 5.6269753e-004
 5.7100336e-004
 5.7933258e-004
 5.8743759e-004
 5.9509563e-004
 6.0211052e-004
 6.0832262e-004
 6.1360013e-004
 6.1783381e-004
 6.2092993e-004
 6.2280183e-004
 6.2337372e-004
 6.2258734e-004
 6.2042073e-004
 6.1691017e-004
 6.1217329e-004
 6.0641422e-004
 5.9991877e-004
 5.9303193e-004
 5.8613060e-004
 5.7960843e-004
 5.7385152e-004
 5.6922162e-004
 5.6602136e-004
 5.6445441e-004
 5.6459254e-004
 5.6636008e-004
 5.6954823e-004
 5.7384989e-004
 5.7890132e-004
 5.8431213e-004
 5.8969198e-004
 5.9467769e-004
 5.9896236e-004
 6.0233974e-004
 6.0473609e-004
 6.0622639e-004
 6.0702005e-004
 6.0742465e-004
 6.0780632e-004
 6.0855586e-004
 6.1006343e-004
 6.1268889e-004
 6.1672746e-004
 6.2236516e-004
 6.2963355e-004
 6.3840195e-004
 6.4838841e-004
 6.5920304e-004
 6.7038281e-004
 6.8144465e-004
 6.9190725e-004
 7.0131512e-004
 7.0929580e-004
 7.1560260e-004
 7.2015682e-004
 7.2307553e-004
 7.2464615e-004
 7.2528317e-004
 7.2547578e-004
 7.2574551e-004
 7.2661095e-004
 7.2855037e-004
 7.3195290e-004
 7.3705806e-004
 7.4389676e-004
 7.5227657e-004
 7.6180161e-004
 7.7191833e-004
 7.8199076e-004
 7.9134322e-004
 7.9930550e-004
 8.0524973e-004
 8.0866227e-004
 8.0920890e-004
 8.0680265e-004
 8.0163084e-004
 7.9412526e-004
 7.8490539e-004
 7.7469356e-004
 7.6426152e-004
 7.5438170e-004
 7.4579450e-004
 7.3914032e-004
 7.3490484e-004
 7.3336397e-004
 7.3455478e-004
 7.3830428e-004
 7.4427965e-004
 7.5205683e-004
 7.6116936e-004
 7.7113300e-004
 7.8148232e-004
 7.9178595e-004
 8.0167694e-004
 8.1086595e-004
 8.1916468e-004
 8.2646892e-004
 8.3273189e-004
 8.3794992e-004
 8.4213767e-004
 8.4531686e-004
 8.4752101e-004
 8.4879581e-004
 8.4920815e-004
 8.4885338e-004
 8.4785878e-004
 8.4637967e-004
 8.4459339e-004
 8.4268855e-004
 8.4085832e-004
 8.3929463e-004
 8.3817670e-004
 8.3765929e-004
 8.3785586e-004
 8.3882309e-004
 8.4055535e-004
 8.4299129e-004
 8.4602617e-004
 8.4953196e-004
 8.5336907e-004
 8.5739099e-004
 8.6145493e-004
 8.6542219e-004
 8.6915924e-004
 8.7254582e-004
 8.7547285e-004
 8.7784207e-004
 8.7956199e-004
 8.8054815e-004
 8.8072068e-004
 8.8000932e-004
 8.7836647e-004
 8.7578839e-004
 8.7234756e-004
 8.6821563e-004
 8.6367608e-004
 8.5911219e-004
 8.5498439e-004
 8.5179287e-004
 8.5005473e-004
 8.5027848e-004
 8.5292768e-004
 8.5837510e-004
 8.6683326e-004
 8.7830645e-004
 8.9256722e-004
 9.0916594e-004
 9.2750712e-004
 9.4689976e-004
 9.6661667e-004
 9.8591484e-004
 1.0041015e-003
 1.0205671e-003
 1.0348323e-003
 1.0466225e-003
 1.0558747e-003
 1.0627124e-003
 1.0674079e-003
 1.0703157e-003
 1.0718276e-003
 1.0723375e-003
 1.0722107e-003
 1.0717419e-003
 1.0711073e-003
 1.0703214e-003
 1.0692200e-003
 1.0674783e-003
 1.0646522e-003
 1.0602274e-003
 1.0536649e-003
 1.0444336e-003
 1.0320584e-003
 1.0161817e-003
 9.9666114e-004
 9.7361993e-004
 9.4748387e-004
 9.1897440e-004
 8.8899751e-004
 8.5857773e-004
 8.2881172e-004
 8.0076675e-004
 7.7544613e-004
 7.5368985e-004
 7.3608651e-004
 7.2284695e-004
 7.1378512e-004
 7.0835918e-004
 7.0575398e-004
 7.0499920e-004
 7.0505711e-004
 7.0489175e-004
 7.0354156e-004
 7.0021651e-004
 6.9441251e-004
 6.8601535e-004
 6.7533943e-004
 6.6309667e-004
 6.5027818e-004
 6.3804403e-004
 6.2763516e-004
 6.2027742e-004
 6.1711110e-004
 6.1907852e-004
 6.2678254e-004
 6.4037053e-004
 6.5948907e-004
 6.8331364e-004
 7.1069674e-004
 7.4029440e-004
 7.7065337e-004
 8.0033834e-004
 8.2799210e-004
 8.5242122e-004
 8.7276188e-004
 8.8856689e-004
 8.9984376e-004
 9.0703217e-004
 9.1087731e-004
 9.1230933e-004
 9.1234245e-004
 9.1200729e-004
 9.1229286e-004
 9.1408286e-004
 9.1808144e-004
 9.2475058e-004
 9.3427702e-004
 9.4660756e-004
 9.6150785e-004
 9.7863982e-004
 9.9760119e-004
 1.0179856e-003
 1.0393930e-003
 1.0614311e-003
 1.0837638e-003
 1.1061117e-003
 1.1282413e-003
 1.1499913e-003
 1.1712366e-003
 1.1918828e-003
 1.2118337e-003
 1.2310179e-003
 1.2493760e-003
 1.2668590e-003
 1.2834698e-003
 1.2992620e-003
 1.3143359e-003
 1.3288542e-003
 1.3430181e-003
 1.3570404e-003
 1.3711517e-003
 1.3855732e-003
 1.4005044e-003
 1.4160799e-003
 1.4323542e-003
 1.4492595e-003
 1.4665799e-003
 1.4839886e-003
 1.5010687e-003
 1.5173390e-003
 1.5323138e-003
 1.5455215e-003
 1.5565639e-003
 1.5651833e-003
 1.5713803e-003
 1.5754912e-003
 1.5782240e-003
 1.5806282e-003
 1.5840008e-003
 1.5897816e-003
 1.5994658e-003
 1.6145204e-003
 1.6362567e-003
 1.6656850e-003
 1.7032924e-003
 1.7488714e-003
 1.8013994e-003
 1.8591797e-003
 1.9200013e-003
 1.9813040e-003
 2.0404488e-003
 2.0948297e-003
 2.1420249e-003
 2.1801400e-003
 2.2080853e-003
 2.2258845e-003
 2.2347798e-003
 2.2371381e-003
 2.2361369e-003
 2.2354363e-003
 2.2388925e-003
 2.2503249e-003
 2.2732306e-003
 2.3104199e-003
 2.3635516e-003
 2.4326632e-003
 2.5160767e-003
 2.6105228e-003
 2.7115946e-003
 2.8141264e-003
 2.9127437e-003
 3.0021234e-003
 3.0773187e-003
 3.1344239e-003
 3.1711545e-003
 3.1874259e-003
 3.1856422e-003
 3.1704188e-003
 3.1480009e-003
 3.1256189e-003
 3.1108952e-003
 3.1114223e-003
 3.1342788e-003
 3.1853803e-003
 3.2687199e-003
 3.3855799e-003
 3.5343673e-003
 3.7108716e-003
 3.9088014e-003
 4.1208314e-003
 4.3390798e-003
 4.5556710e-003
 4.7629569e-003
 4.9543651e-003
 5.1248665e-003
 5.2714273e-003
 5.3934818e-003
 5.4925550e-003
 5.5716624e-003
 5.6348182e-003
 5.6864233e-003
 5.7309219e-003
 5.7724104e-003
 5.8142669e-003
 5.8585950e-003
 5.9057367e-003
 5.9541510e-003
 6.0005672e-003
 6.0404101e-003
 6.0683847e-003
 6.0788696e-003
 6.0662664e-003
 6.0253963e-003
 5.9519913e-003
 5.8432962e-003
 5.6987302e-003
 5.5199564e-003
 5.3107003e-003
 5.0763846e-003
 4.8232027e-003
 4.5577455e-003
 4.2868513e-003
 4.0169163e-003
 3.7537736e-003
 3.5021349e-003
 3.2654456e-003
 3.0453699e-003
 2.8421446e-003
 2.6550847e-003
 2.4827202e-003
 2.3232920e-003
 2.1750664e-003
 2.0362502e-003
 1.9052743e-003
 1.7808643e-003
 1.6622758e-003
 1.5491643e-003
 1.4416329e-003
 1.3401855e-003
 1.2454429e-003
 1.1581194e-003
 1.0789997e-003
 1.0087416e-003
 9.4786007e-004
 8.9665764e-004
 8.5504411e-004
 8.2255917e-004
 7.9839019e-004
 7.8148657e-004
 7.7062962e-004
 7.6454203e-004
 7.6195155e-004
 7.6164905e-004
 7.6258177e-004
 7.6395454e-004
 7.6532323e-004
 7.6663197e-004
 7.6817803e-004
 7.7052030e-004
 7.7437644e-004
 7.8053673e-004
 7.8979356e-004
 8.0288801e-004
 8.2043040e-004
 8.4278674e-004
 8.7001768e-004
 9.0183236e-004
 9.3760778e-004
 9.7652862e-004
 1.0176506e-003
 1.0599864e-003
 1.1025089e-003
 1.1442386e-003
 1.1842356e-003
 1.2215920e-003
 1.2555078e-003
 1.2852674e-003
 1.3102177e-003
 1.3297941e-003
 1.3434706e-003
 1.3507513e-003
 1.3511555e-003
 1.3442262e-003
 1.3295221e-003
 1.3066427e-003
 1.2765867e-003
 1.2454978e-003
 1.1973002e-003
 1.1435726e-003
 1.0857956e-003
 1.0254609e-003
 9.6404541e-004
 9.0307015e-004
 8.4401219e-004
 7.8836299e-004
 7.3761417e-004
 6.9311727e-004
 6.5503968e-004
 6.2285305e-004
 5.9603353e-004
 5.7405268e-004
 5.5639714e-004
 5.4253754e-004
 5.3194998e-004
 5.2410923e-004
 5.1849528e-004
 5.1458203e-004
 5.1184592e-004
 5.0976261e-004
 5.0780945e-004
 5.0550012e-004
 5.0269708e-004
 4.9944920e-004
 4.9580645e-004
 4.9182138e-004
 4.8754393e-004
 4.8302484e-004
 4.7831386e-004
 4.7346394e-004
 4.6852478e-004
 4.6354721e-004
 4.5858082e-004
 4.5367875e-004
 4.4889061e-004
 4.4426718e-004
 4.3985932e-004
 4.3571676e-004
 4.3189235e-004
 4.2843109e-004
 4.2533694e-004
 4.2259114e-004
 4.2017674e-004
 4.1807472e-004
 4.1626682e-004
 4.1473436e-004
 4.1345973e-004
 4.1242427e-004
 4.1160974e-004
 4.1099766e-004
 4.1056986e-004
 4.1030810e-004
 4.1019398e-004
 4.1020924e-004
 4.1033557e-004
 4.1055455e-004
 4.1084801e-004
 4.1119763e-004
 4.1158515e-004
 4.1199211e-004
 4.1240026e-004
 4.1279240e-004
 4.1316118e-004
 4.1350364e-004
 4.1381735e-004
 4.1409969e-004
 4.1434803e-004
 4.1455982e-004
 4.1473235e-004
 4.1486311e-004
 4.1494946e-004
 4.1498878e-004
 4.1497854e-004
 4.1491599e-004
 4.1479865e-004
 4.1462382e-004
 4.1438898e-004
 4.1409151e-004
 4.1372882e-004
 4.1329823e-004
 4.1279706e-004
 4.1222296e-004
 4.1157319e-004
 4.1084512e-004
 4.1003598e-004
 4.0914354e-004
 4.0816501e-004
 4.0709882e-004
 4.0595172e-004
 4.0473553e-004
 4.0346137e-004
 4.0214046e-004
 4.0078416e-004
 3.9940342e-004
 3.9801019e-004
 3.9661553e-004
 3.9523069e-004
 3.9386674e-004
 3.9253553e-004
 3.9124812e-004
 3.9001572e-004
 3.8884950e-004
 3.8776128e-004
 3.8676205e-004
 3.8586315e-004
 3.8507569e-004
 3.8441145e-004
 3.8388142e-004
 3.8349698e-004
 3.8326936e-004
 3.8321008e-004
 3.8333019e-004
 3.8364119e-004
 3.8415429e-004
 3.8488104e-004
 3.8583242e-004
 3.8701977e-004
 3.8845293e-004
 3.9012902e-004
 3.9203785e-004
 3.9417046e-004
