s07_ASD Record=4753:  error bars to preceding                
 2.3461867e-003
 2.1715981e-003
 2.0009971e-003
 1.8564061e-003
 1.7525044e-003
 1.6908020e-003
 1.6617856e-003
 1.6518430e-003
 1.6493163e-003
 1.6470861e-003
 1.6419559e-003
 1.6328417e-003
 1.6195065e-003
 1.6023510e-003
 1.5831972e-003
 1.5660678e-003
 1.5562407e-003
 1.5573476e-003
 1.5683122e-003
 1.5821686e-003
 1.5881631e-003
 1.5770937e-003
 1.5470734e-003
 1.5058938e-003
 1.4690418e-003
 1.4548309e-003
 1.4764586e-003
 1.5342031e-003
 1.6152246e-003
 1.7013558e-003
 1.7768989e-003
 1.8329528e-003
 1.8670920e-003
 1.8815013e-003
 1.8828388e-003
 1.8800998e-003
 1.8803915e-003
 1.8864960e-003
 1.8961063e-003
 1.9027091e-003
 1.8981672e-003
 1.8760804e-003
 1.8347711e-003
 1.7786641e-003
 1.7172706e-003
 1.6619290e-003
 1.6216893e-003
 1.6002051e-003
 1.5950446e-003
 1.5994244e-003
 1.6053016e-003
 1.6064023e-003
 1.6001665e-003
 1.5880656e-003
 1.5743256e-003
 1.5641438e-003
 1.5621812e-003
 1.5710086e-003
 1.5908793e-003
 1.6200298e-003
 1.6507392e-003
 1.6769683e-003
 1.6982963e-003
 1.7156970e-003
 1.7344061e-003
 1.7609742e-003
 1.7952846e-003
 1.8317017e-003
 1.8621291e-003
 1.8780859e-003
 1.8728419e-003
 1.8424582e-003
 1.7857334e-003
 1.7049352e-003
 1.6074824e-003
 1.5069608e-003
 1.4210538e-003
 1.3654931e-003
 1.3465233e-003
 1.3566070e-003
 1.3773111e-003
 1.3889518e-003
 1.3814764e-003
 1.3593730e-003
 1.3373435e-003
 1.3301804e-003
 1.3442673e-003
 1.3761242e-003
 1.4174645e-003
 1.4616227e-003
 1.5064445e-003
 1.5527289e-003
 1.6009568e-003
 1.6496546e-003
 1.6962896e-003
 1.7392250e-003
 1.7788130e-003
 1.8165342e-003
 1.8527032e-003
 1.8843511e-003
 1.9047766e-003
 1.9053100e-003
 1.8788344e-003
 1.8239737e-003
 1.7492176e-003
 1.6738307e-003
 1.6216530e-003
 1.6101244e-003
 1.6406176e-003
 1.6963312e-003
 1.7497051e-003
 1.7740636e-003
 1.7527865e-003
 1.6837987e-003
 1.5804715e-003
 1.4684719e-003
 1.3770377e-003
 1.3271538e-003
 1.3236617e-003
 1.3560785e-003
 1.4066207e-003
 1.4599104e-003
 1.5088178e-003
 1.5531030e-003
 1.5926341e-003
 1.6228737e-003
 1.6391372e-003
 1.6453298e-003
 1.6551639e-003
 1.6811828e-003
 1.7222684e-003
 1.7641073e-003
 1.7931234e-003
 1.8089017e-003
 1.8218757e-003
 1.8401161e-003
 1.8602605e-003
 1.8705011e-003
 1.8593741e-003
 1.8211211e-003
 1.7569015e-003
 1.6766232e-003
 1.6010434e-003
 1.5573812e-003
 1.5656432e-003
 1.6248466e-003
 1.7122814e-003
 1.7978931e-003
 1.8614538e-003
 1.8990685e-003
 1.9170629e-003
 1.9217737e-003
 1.9131525e-003
 1.8835838e-003
 1.8209040e-003
 1.7169660e-003
 1.5809421e-003
 1.4474547e-003
 1.3667071e-003
 1.3768446e-003
 1.4779016e-003
 1.6291669e-003
 1.7724616e-003
 1.8615625e-003
 1.8783151e-003
 1.8345979e-003
 1.7676398e-003
 1.7248896e-003
 1.7344598e-003
 1.7808609e-003
 1.8159787e-003
 1.8031194e-003
 1.7526039e-003
 1.7121135e-003
 1.7215383e-003
 1.7780388e-003
 1.8421202e-003
 1.8696232e-003
 1.8368906e-003
 1.7506974e-003
 1.6485802e-003
 1.5787570e-003
 1.5590061e-003
 1.5601319e-003
 1.5496060e-003
 1.5435466e-003
 1.5888703e-003
 1.6971545e-003
 1.8243791e-003
 1.9181171e-003
 1.9587670e-003
 1.9477818e-003
 1.8813366e-003
 1.7603477e-003
 1.6238914e-003
 1.5469907e-003
 1.5803821e-003
 1.6916465e-003
 1.7823767e-003
 1.7720128e-003
 1.6642520e-003
 1.5379665e-003
 1.4801926e-003
 1.5200274e-003
 1.6199225e-003
 1.7433173e-003
 1.9332911e-003
 2.2754883e-003
 2.7325475e-003
 3.0614343e-003
 2.9978687e-003
 2.5346491e-003
 1.9503713e-003
 1.5554549e-003
 1.4531325e-003
 1.5272691e-003
 1.5950206e-003
 1.5566773e-003
 1.4425345e-003
 1.3508931e-003
 1.3425950e-003
 1.3912491e-003
 1.4336855e-003
 1.4464988e-003
 1.4495880e-003
 1.4585010e-003
 1.4770246e-003
 1.5258549e-003
 1.6290775e-003
 1.7630018e-003
 1.8521365e-003
 1.8350555e-003
 1.7278794e-003
 1.6158118e-003
 1.5792709e-003
 1.6277155e-003
 1.7042451e-003
 1.7428272e-003
 1.7110769e-003
 1.6125912e-003
 1.4754694e-003
 1.3476177e-003
 1.2883071e-003
 1.3389417e-003
 1.4842713e-003
 1.6498845e-003
 1.7599948e-003
 1.7965338e-003
 1.7879242e-003
 1.7554675e-003
 1.7022247e-003
 1.6396873e-003
 1.5839152e-003
 1.5285151e-003
 1.4523161e-003
 1.3642103e-003
 1.3099413e-003
 1.3167552e-003
 1.3613150e-003
 1.4005103e-003
 1.3966181e-003
 1.3301714e-003
 1.2424346e-003
 1.2314679e-003
 1.3417676e-003
 1.4819459e-003
 1.5099513e-003
 1.3918650e-003
 1.2321066e-003
 1.1583096e-003
 1.2179239e-003
 1.3673690e-003
 1.5143452e-003
 1.5795341e-003
 1.5604051e-003
 1.5375005e-003
 1.5858376e-003
 1.6878918e-003
 1.7675357e-003
 1.7936124e-003
 1.8052018e-003
 1.8413770e-003
 1.8729758e-003
 1.8280554e-003
 1.6904660e-003
 1.5488715e-003
 1.5211620e-003
 1.6244302e-003
 1.7568585e-003
 1.8200481e-003
 1.8031271e-003
 1.7407516e-003
 1.6614218e-003
 1.5978701e-003
 1.5786591e-003
 1.5771164e-003
 1.5268571e-003
 1.4213164e-003
 1.3470774e-003
 1.3889569e-003
 1.5393810e-003
 1.7153930e-003
 1.8355255e-003
 1.8743707e-003
 1.8638303e-003
 1.8553609e-003
 1.8791633e-003
 1.9285394e-003
 1.9750739e-003
 1.9976241e-003
 1.9960501e-003
 1.9813310e-003
 1.9628070e-003
 1.9471321e-003
 1.9406920e-003
 1.9448556e-003
 1.9470727e-003
 1.9218104e-003
 1.8497491e-003
 1.7498066e-003
 1.6838234e-003
 1.6972126e-003
 1.7534203e-003
 1.7578680e-003
 1.6525890e-003
 1.4767058e-003
 1.3379070e-003
 1.3245220e-003
 1.4395663e-003
 1.6130299e-003
 1.7650292e-003
 1.8540102e-003
 1.8806631e-003
 1.8673178e-003
 1.8404278e-003
 1.8219160e-003
 1.8233701e-003
 1.8425724e-003
 1.8659991e-003
 1.8754445e-003
 1.8546795e-003
 1.7977938e-003
 1.7211644e-003
 1.6675552e-003
 1.6830899e-003
 1.7702593e-003
 1.8616178e-003
 1.8626364e-003
 1.7424959e-003
 1.5847388e-003
 1.5272934e-003
 1.6248928e-003
 1.7720443e-003
 1.8179080e-003
 1.7954652e-003
 1.8267693e-003
 1.9209578e-003
 1.9639831e-003
 1.8461596e-003
 1.6202666e-003
 1.4996458e-003
 1.6160355e-003
 1.8442037e-003
 1.9639060e-003
 1.8953549e-003
 1.7120139e-003
 1.5245338e-003
 1.3979804e-003
 1.3385883e-003
 1.3347256e-003
 1.3902963e-003
 1.5065144e-003
 1.6561829e-003
 1.7974607e-003
 1.9019553e-003
 1.9630794e-003
 1.9900310e-003
 2.0002325e-003
 2.0108086e-003
 2.0265637e-003
 2.0279472e-003
 1.9717987e-003
 1.8305641e-003
 1.6632068e-003
 1.6060960e-003
 1.7236595e-003
 1.9160102e-003
 2.0440652e-003
 2.0779837e-003
 2.0690798e-003
 2.0548268e-003
 2.0421513e-003
 2.0353401e-003
 2.0402051e-003
 2.0506450e-003
 2.0427506e-003
 1.9879045e-003
 1.8719056e-003
 1.6984202e-003
 1.4996659e-003
 1.3442244e-003
 1.3099984e-003
 1.4065086e-003
 1.5536838e-003
 1.6674339e-003
 1.7145189e-003
 1.7048138e-003
 1.6596250e-003
 1.5918558e-003
 1.5050505e-003
 1.4094084e-003
 1.3435031e-003
 1.3701022e-003
 1.5275038e-003
 1.7605781e-003
 1.9274533e-003
 1.9080101e-003
 1.7269645e-003
 1.5474636e-003
 1.5291820e-003
 1.6934904e-003
 1.9213828e-003
 2.0748244e-003
 2.1117718e-003
 2.0845353e-003
 2.0583749e-003
 2.0645282e-003
 2.0948411e-003
 2.1204592e-003
 2.1222180e-003
 2.1077211e-003
 2.0879777e-003
 2.0732924e-003
 2.0649272e-003
 2.0605160e-003
 2.0576823e-003
 2.0550508e-003
 2.0578119e-003
 2.0738025e-003
 2.1108733e-003
 2.1719222e-003
 2.2273357e-003
 2.2343406e-003
 2.1501116e-003
 1.9518838e-003
 1.7492446e-003
 1.7054986e-003
 1.9841627e-003
 2.7052942e-003
 3.7014771e-003
 4.8319600e-003
 5.4479241e-003
 5.4473518e-003
 4.8150676e-003
 3.7945518e-003
 2.6401335e-003
 1.6066184e-003
 9.4031298e-004
 7.0471287e-004
 7.8184169e-004
 1.0458833e-003
 1.3709607e-003
 1.6345506e-003
 1.7865500e-003
 1.8485027e-003
 1.8449319e-003
 1.8003787e-003
 1.7391429e-003
 1.6799748e-003
 1.6362319e-003
 1.6210217e-003
 1.6474640e-003
 1.7286702e-003
 1.8662233e-003
 2.0168347e-003
 2.1264076e-003
 2.1407914e-003
 2.0058563e-003
 1.6675098e-003
 1.1099095e-003
 4.6506512e-004
-9.9767116e-005
-4.1706883e-004
-3.1950616e-004
 3.6028284e-004
 1.7896470e-003
 4.0573850e-003
 6.9507458e-003
 1.0186536e-002
 1.3480150e-002
 1.6548492e-002
 1.9106995e-002
 2.0872388e-002
 2.1560412e-002
 2.0985965e-002
 1.9335637e-002
 1.6883111e-002
 1.3903004e-002
 1.0668679e-002
 7.4549424e-003
 4.5354213e-003
 2.1838848e-003
 6.0323288e-004
-2.7187611e-004
-5.6848186e-004
-4.1391677e-004
 6.4537628e-005
 7.3973078e-004
 1.4842581e-003
 2.1710333e-003
 2.6990585e-003
 3.0650091e-003
 3.2877913e-003
 3.3864495e-003
 3.3799680e-003
 3.2873410e-003
 3.1275430e-003
 2.9196048e-003
 2.6824728e-003
 2.4351969e-003
 2.1967134e-003
 1.9860724e-003
 1.8178732e-003
 1.6910406e-003
 1.6008567e-003
 1.5426552e-003
 1.5117344e-003
 1.5034149e-003
 1.5130045e-003
 1.5358196e-003
 1.5671677e-003
 1.6023684e-003
 1.6367257e-003
 1.6655603e-003
 1.6853971e-003
 1.6971232e-003
 1.7025876e-003
 1.7036437e-003
 1.7021433e-003
 1.6999382e-003
 1.6988807e-003
 1.7008226e-003
 1.7076157e-003
 1.7211114e-003
 1.7431644e-003
 1.7746669e-003
 1.8131675e-003
 1.8554615e-003
 1.8983635e-003
 1.9386676e-003
 1.9731885e-003
 1.9987219e-003
 2.0120784e-003
 2.0100600e-003
 1.9894701e-003
 1.9484069e-003
 1.8894273e-003
 1.8160460e-003
 1.7318059e-003
 1.6402119e-003
 1.5448113e-003
 1.4491065e-003
 1.3566455e-003
 1.2709314e-003
 1.1955102e-003
 1.1330441e-003
 1.0833440e-003
 1.0455758e-003
 1.0189278e-003
 1.0025721e-003
 9.9569128e-004
 9.9746161e-004
 1.0070637e-003
 1.0236736e-003
 1.0464742e-003
 1.0745190e-003
 1.1064705e-003
 1.1408913e-003
 1.1763608e-003
 1.2114408e-003
 1.2447104e-003
 1.2747325e-003
 1.3000849e-003
 1.3193320e-003
 1.3313615e-003
 1.3360999e-003
 1.3336898e-003
 1.3242739e-003
 1.3079982e-003
 1.2850025e-003
 1.2554353e-003
 1.2194337e-003
 1.1774830e-003
 1.1311495e-003
 1.0822455e-003
 1.0325619e-003
 9.8391192e-004
 9.3808613e-004
 8.9689734e-004
 8.6214143e-004
 8.3583087e-004
 8.2068308e-004
 8.1954774e-004
 8.3527778e-004
 8.7072985e-004
 9.2874863e-004
 1.0122010e-003
 1.1239185e-003
 1.2632384e-003
 1.4180178e-003
 1.5738847e-003
 1.7033922e-003
 1.8102941e-003
 1.8739259e-003
 1.8851542e-003
 1.8443522e-003
 1.7600566e-003
 1.6463867e-003
 1.5201549e-003
 1.3988238e-003
 1.2983017e-003
 1.2297195e-003
 1.1972574e-003
 1.2000171e-003
 1.2349178e-003
 1.2979623e-003
 1.3837918e-003
 1.4846643e-003
 1.5900409e-003
 1.6872816e-003
 1.7630344e-003
 1.8051427e-003
 1.8056565e-003
 1.7641069e-003
 1.6887112e-003
 1.5944031e-003
 1.4992403e-003
 1.4207744e-003
 1.3724243e-003
 1.3604149e-003
 1.3828101e-003
 1.4311668e-003
 1.4935380e-003
 1.5573509e-003
 1.6117010e-003
 1.6488925e-003
 1.6649326e-003
 1.6589127e-003
 1.6319053e-003
 1.5860690e-003
 1.5242082e-003
 1.3948437e-003
 1.3407104e-003
 1.2847809e-003
 1.2306963e-003
 1.1822187e-003
 1.1430281e-003
 1.1164407e-003
 1.1051610e-003
 1.1109238e-003
 1.1341036e-003
 1.1734059e-003
 1.2257181e-003
 1.2862534e-003
 1.3490403e-003
 1.4078275e-003
 1.4570071e-003
 1.4923608e-003
 1.5116559e-003
 1.5148273e-003
 1.5038607e-003
 1.4822818e-003
 1.4545117e-003
 1.4251563e-003
 1.3983919e-003
 1.3775043e-003
 1.3645581e-003
 1.3601179e-003
 1.3631589e-003
 1.3712755e-003
 1.3811790e-003
 1.3894716e-003
 1.3933814e-003
 1.3913048e-003
 1.3830470e-003
 1.3697323e-003
 1.3534200e-003
 1.3365316e-003
 1.3211799e-003
 1.3086272e-003
 1.2989744e-003
 1.2911971e-003
 1.2835122e-003
 1.2739485e-003
 1.2609648e-003
 1.2439553e-003
 1.2234801e-003
 1.2012144e-003
 1.1796064e-003
 1.1613591e-003
 1.1489079e-003
 1.1439635e-003
 1.1472770e-003
 1.1586058e-003
 1.1768951e-003
 1.2005627e-003
 1.2278502e-003
 1.2570902e-003
 1.2868926e-003
 1.3162023e-003
 1.3442016e-003
 1.3701863e-003
 1.3933764e-003
 1.4128133e-003
 1.4273543e-003
 1.4357767e-003
 1.4370199e-003
 1.4304785e-003
 1.4162835e-003
 1.3954752e-003
 1.3700220e-003
 1.3426266e-003
 1.3163454e-003
 1.2941291e-003
 1.2783071e-003
 1.2702094e-003
 1.2699360e-003
 1.2763650e-003
 1.2873753e-003
 1.3002427e-003
 1.3121109e-003
 1.3204697e-003
 1.3235416e-003
 1.3205108e-003
 1.3115788e-003
 1.2978470e-003
 1.2810623e-003
 1.2632742e-003
 1.2465089e-003
 1.2324785e-003
 1.2223978e-003
 1.2169363e-003
 1.2162561e-003
 1.2201325e-003
 1.2280784e-003
 1.2394472e-003
 1.2534660e-003
 1.2692338e-003
 1.2856723e-003
 1.3015139e-003
 1.3153454e-003
 1.3257115e-003
 1.3313051e-003
 1.3311584e-003
 1.3248151e-003
 1.3124041e-003
 1.2946086e-003
 1.2725069e-003
 1.2473650e-003
 1.2204039e-003
 1.1926146e-003
 1.1647061e-003
 1.1371194e-003
 1.1101781e-003
 1.0842466e-003
 1.0598677e-003
 1.0378573e-003
 1.0192686e-003
 1.0052642e-003
 9.9693635e-004
 9.9507766e-004
 9.9999644e-004
 1.0113830e-003
 1.0282822e-003
 1.0491449e-003
 1.0719962e-003
 1.0946409e-003
 1.1149318e-003
 1.1310461e-003
 1.1417135e-003
 1.1464173e-003
 1.1454859e-003
 1.1400916e-003
 1.1321183e-003
 1.1239230e-003
 1.1179915e-003
 1.1165593e-003
 1.1212332e-003
 1.1327051e-003
 1.1506008e-003
 1.1735118e-003
 1.1992226e-003
 1.2250479e-003
 1.2482825e-003
 1.2665889e-003
 1.2783161e-003
 1.2826577e-003
 1.2796366e-003
 1.2699676e-003
 1.2548413e-003
 1.2356985e-003
 1.2140323e-003
 1.1912805e-003
 1.1687357e-003
 1.1475203e-003
 1.1285304e-003
 1.1123579e-003
 1.0992184e-003
 1.0888602e-003
 1.0805581e-003
 1.0731806e-003
 1.0653653e-003
 1.0557845e-003
 1.0434231e-003
 1.0278284e-003
 1.0092380e-003
 9.8854688e-004
 9.6714066e-004
 9.4659469e-004
 9.2832878e-004
 9.1332657e-004
 9.0193353e-004
 8.9383812e-004
 8.8819041e-004
 8.8384963e-004
 8.7970094e-004
 8.7495474e-004
 8.6938025e-004
 8.6341082e-004
 8.5810258e-004
 8.5496105e-004
 8.5565768e-004
 8.6170819e-004
 8.7416568e-004
 8.9340913e-004
 9.1903860e-004
 9.4994059e-004
 9.8443474e-004
 1.0205194e-003
 1.0561353e-003
 1.0893430e-003
 1.1184610e-003
 1.1421138e-003
 1.1591875e-003
 1.1688133e-003
 1.1703358e-003
 1.1633591e-003
 1.1478255e-003
 1.1241281e-003
 1.0931779e-003
 1.0564342e-003
 1.0158160e-003
 9.7350852e-004
 9.3175861e-004
 8.9258444e-004
 8.5760147e-004
 8.2787836e-004
 8.0390077e-004
 7.8565348e-004
 7.7271520e-004
 7.6441519e-004
 7.5995899e-004
 7.5854821e-004
 7.5949158e-004
 7.6231186e-004
 7.6686655e-004
 7.7346177e-004
 7.8293972e-004
 7.9667580e-004
 8.1645517e-004
 8.4420957e-004
 8.8159717e-004
 9.2956331e-004
 9.8788599e-004
 1.0549133e-003
 1.1275747e-003
 1.2016043e-003
 1.2721611e-003
 1.3345025e-003
 1.3847854e-003
 1.4207314e-003
 1.4419812e-003
 1.4501794e-003
 1.4486468e-003
 1.4417836e-003
 1.4342604e-003
 1.4301770e-003
 1.4323151e-003
 1.4416411e-003
 1.4571314e-003
 1.4759771e-003
 1.4941029e-003
 1.5069407e-003
 1.5103007e-003
 1.5011682e-003
 1.4782988e-003
 1.4424981e-003
 1.3965372e-003
 1.3447006e-003
 1.2921395e-003
 1.2440071e-003
 1.2046944e-003
 1.1771431e-003
 1.1624261e-003
 1.1596614e-003
 1.1662071e-003
 1.1781462e-003
 1.1909442e-003
 1.2001827e-003
 1.2022204e-003
 1.1947124e-003
 1.1768934e-003
 1.1496295e-003
 1.1152303e-003
 1.0771342e-003
 1.0394717e-003
 1.0065853e-003
 9.8259584e-004
 9.7093399e-004
 9.7395579e-004
 9.9257322e-004
 1.0260086e-003
 1.0716689e-003
 1.1252959e-003
 1.1813269e-003
 1.2335855e-003
 1.2761848e-003
 1.3044350e-003
 1.3156956e-003
 1.3098292e-003
 1.2892255e-003
 1.2582752e-003
 1.2224603e-003
 1.1871849e-003
 1.1567188e-003
 1.1334134e-003
 1.1174176e-003
 1.1069491e-003
 1.0989683e-003
 1.0901140e-003
 1.0776154e-003
 1.0599756e-003
 1.0373030e-003
 1.0112354e-003
 9.8452100e-004
 9.6043322e-004
 9.4209355e-004
 9.3192945e-004
 9.3128113e-004
 9.4024837e-004
 9.5774367e-004
 9.8172692e-004
 1.0095290e-003
 1.0382395e-003
 1.0650912e-003
 1.0877539e-003
 1.1045879e-003
 1.1147474e-003
 1.1182030e-003
 1.1156457e-003
 1.1083053e-003
 1.0977105e-003
 1.0854376e-003
 1.0728720e-003
 1.0610222e-003
 1.0504326e-003
 1.0411707e-003
 1.0329008e-003
 1.0250235e-003
 1.0168250e-003
 1.0076321e-003
 9.9692610e-004
 9.8441180e-004
 9.7006076e-004
 9.5410494e-004
 9.3703606e-004
 9.1957732e-004
 9.0263586e-004
 8.8724779e-004
 8.7445549e-004
 8.6517475e-004
 8.6002267e-004
 8.5917138e-004
 8.6227222e-004
 8.6848607e-004
 8.7664241e-004
 8.8551053e-004
 8.9412433e-004
 9.0205600e-004
 9.0956630e-004
 9.1755489e-004
 9.2729100e-004
 9.4000524e-004
 9.5642230e-004
 9.7639748e-004
 9.9877641e-004
 1.0215109e-003
 1.0420803e-003
 1.0580511e-003
 1.0676971e-003
 1.0704841e-003
 1.0672970e-003
 1.0603634e-003
 1.0528810e-003
 1.0484344e-003
 1.0503305e-003
 1.0609956e-003
 1.0815474e-003
 1.1116033e-003
 1.1493590e-003
 1.1919200e-003
 1.2357435e-003
 1.2772167e-003
 1.3131266e-003
 1.3410639e-003
 1.3596386e-003
 1.3684775e-003
 1.3680888e-003
 1.3595999e-003
 1.3444716e-003
 1.3242436e-003
 1.3003909e-003
 1.2742743e-003
 1.2471733e-003
 1.2203958e-003
 1.1953249e-003
 1.1734486e-003
 1.1562604e-003
 1.1450744e-003
 1.1407972e-003
 1.1436726e-003
 1.1531047e-003
 1.1675964e-003
 1.1848707e-003
 1.2021487e-003
 1.2166036e-003
 1.2258572e-003
 1.2284687e-003
 1.2242639e-003
 1.2144184e-003
 1.2012543e-003
 1.1877530e-003
 1.1769155e-003
 1.1710790e-003
 1.1714061e-003
 1.1776468e-003
 1.1882681e-003
 1.2008938e-003
 1.2129593e-003
 1.2223695e-003
 1.2280112e-003
 1.2299705e-003
 1.2294071e-003
 1.2281517e-003
 1.2281373e-003
 1.2308342e-003
 1.2368361e-003
 1.2456927e-003
 1.2560290e-003
 1.2658873e-003
 1.2732190e-003
 1.2763931e-003
 1.2745946e-003
 1.2680395e-003
 1.2579486e-003
 1.2462905e-003
 1.2353401e-003
 1.2271700e-003
 1.2231577e-003
 1.2236398e-003
 1.2277877e-003
 1.2337350e-003
 1.2389303e-003
 1.2406458e-003
 1.2365285e-003
 1.2250770e-003
 1.2059440e-003
 1.1800263e-003
 1.1493136e-003
 1.1165326e-003
 1.0847138e-003
 1.0566725e-003
 1.0346029e-003
 1.0197543e-003
 1.0122861e-003
 1.0113079e-003
 1.0150591e-003
 1.0212080e-003
 1.0272042e-003
 1.0306283e-003
 1.0294802e-003
 1.0223864e-003
 1.0087000e-003
 9.8852324e-004
 9.6264074e-004
 9.3243876e-004
 8.9977757e-004
 8.6683693e-004
 8.3597930e-004
 8.0952601e-004
 7.8955921e-004
 7.7766855e-004
 7.7472831e-004
 7.8074791e-004
 7.9482270e-004
 8.1522786e-004
 8.3965831e-004
 8.6559250e-004
 8.9066802e-004
 9.1306475e-004
 9.3172857e-004
 9.4646186e-004
 9.5782848e-004
 9.6689828e-004
 9.7492384e-004
 9.8300504e-004
 9.9181046e-004
 1.0014290e-003
 1.0113420e-003
 1.0205340e-003
 1.0277025e-003
 1.0315145e-003
 1.0308904e-003
 1.0252548e-003
 1.0147411e-003
 1.0003058e-003
 9.8376093e-004
 9.6767233e-004
 9.5516373e-004
 9.4959151e-004
 9.5414196e-004
 9.7139599e-004
 1.0029294e-003
 1.0490030e-003
 1.1084356e-003
 1.1787197e-003
 1.2562668e-003
 1.3369325e-003
 1.4164884e-003
 1.4911529e-003
 1.5579914e-003
 1.6150394e-003
 1.6613046e-003
 1.6965717e-003
 1.7210656e-003
 1.7351755e-003
 1.7391990e-003
 1.7332548e-003
 1.7173151e-003
 1.6913761e-003
 1.6556705e-003
 1.6109158e-003
 1.5584796e-003
 1.5004186e-003
 1.4394573e-003
 1.3787395e-003
 1.3215852e-003
 1.2711163e-003
 1.2298904e-003
 1.1996465e-003
 1.1810798e-003
 1.1738316e-003
 1.1765854e-003
 1.1873117e-003
 1.2035936e-003
 1.2229827e-003
 1.2433337e-003
 1.2630549e-003
 1.2812768e-003
 1.2978333e-003
 1.3131022e-003
 1.3276979e-003
 1.3421265e-003
 1.3565413e-003
 1.3705801e-003
 1.3833124e-003
 1.3932550e-003
 1.3984947e-003
 1.3969602e-003
 1.3867934e-003
 1.3668003e-003
 1.3367952e-003
 1.2978121e-003
 1.2520646e-003
 1.2027464e-003
 1.1536072e-003
 1.1083877e-003
 1.0704086e-003
 1.0422560e-003
 1.0256791e-003
 1.0215418e-003
 1.0298932e-003
 1.0500429e-003
 1.0805653e-003
 1.1193919e-003
 1.1638942e-003
 1.2110730e-003
 1.2577270e-003
 1.3007268e-003
 1.3373240e-003
 1.3654182e-003
 1.3838491e-003
 1.3925310e-003
 1.3924916e-003
 1.3856712e-003
 1.3745262e-003
 1.3615888e-003
 1.3490589e-003
 1.3384745e-003
 1.3305298e-003
 1.3250350e-003
 1.3209510e-003
 1.3166097e-003
 1.3100837e-003
 1.2996576e-003
 1.2843173e-003
 1.2641130e-003
 1.2402604e-003
 1.2149761e-003
 1.1909869e-003
 1.1708954e-003
 1.1564769e-003
 1.1481342e-003
 1.1447655e-003
 1.1440020e-003
 1.1427226e-003
 1.1376960e-003
 1.1262003e-003
 1.1065080e-003
 1.0781261e-003
 1.0419125e-003
 9.9997711e-004
 9.5537334e-004
 9.1171340e-004
 8.7265432e-004
 8.4147969e-004
 8.2070095e-004
 8.1181421e-004
 8.1522082e-004
 8.3023822e-004
 8.5523014e-004
 8.8777486e-004
 9.2491321e-004
 9.6337742e-004
 9.9987502e-004
 1.0313938e-003
 1.0554657e-003
 1.0704660e-003
 1.0757996e-003
 1.0720212e-003
 1.0607949e-003
 1.0447020e-003
 1.0268802e-003
 1.0105679e-003
 9.9858269e-004
 9.9284481e-004
 9.9404331e-004
 1.0014983e-003
 1.0132772e-003
 1.0265535e-003
 1.0381661e-003
 1.0452573e-003
 1.0459056e-003
 1.0395960e-003
 1.0274537e-003
 1.0121622e-003
 9.9759444e-004
 9.8818867e-004
 9.8819123e-004
 1.0009098e-003
 1.0281007e-003
 1.0695946e-003
 1.1232359e-003
 1.1851622e-003
 1.2502695e-003
 1.3129385e-003
 1.3676925e-003
 1.4098594e-003
 1.4360535e-003
 1.4443988e-003
 1.4345867e-003
 1.4077121e-003
 1.3660069e-003
 1.3124793e-003
 1.2506203e-003
 1.1840750e-003
 1.1164858e-003
 1.0513441e-003
 9.9190127e-004
 9.4119011e-004
 9.0197998e-004
 8.7673008e-004
 8.6753530e-004
 8.7597169e-004
 9.0292585e-004
 9.4836700e-004
 1.0111621e-003
 1.0888777e-003
 1.1777938e-003
 1.2729499e-003
 1.3684392e-003
 1.4579182e-003
 1.5351571e-003
 1.5948247e-003
 1.6330859e-003
 1.6481573e-003
 1.6405801e-003
 1.6130031e-003
 1.5696657e-003
 1.5157397e-003
 1.4565820e-003
 1.3970232e-003
 1.3408896e-003
 1.2906620e-003
 1.2473869e-003
 1.2106928e-003
 1.1790612e-003
 1.1503361e-003
 1.1223248e-003
 1.0934278e-003
 1.0631968e-003
 1.0326100e-003
 1.0040896e-003
 9.8116300e-004
 9.6785696e-004
 9.6794893e-004
 9.8417862e-004
 1.0175852e-003
 1.0671754e-003
 1.1300915e-003
 1.2019943e-003
 1.2777615e-003
 1.3521567e-003
 1.4205395e-003
 1.4794320e-003
 1.5267802e-003
 1.5621166e-003
 1.5864662e-003
 1.6021082e-003
 1.6121544e-003
 1.6200293e-003
 1.6289540e-003
 1.6414882e-003
 1.6591832e-003
 1.6824236e-003
 1.7104266e-003
 1.7414147e-003
 1.7729070e-003
 1.8020312e-003
 1.8258916e-003
 1.8418429e-003
 1.8477304e-003
 1.8420273e-003
 1.8238974e-003
 1.7931868e-003
 1.7503934e-003
 1.6966065e-003
 1.6334163e-003
 1.5629004e-003
 1.4875017e-003
 1.4100070e-003
 1.3334230e-003
 1.2608165e-003
 1.1952107e-003
 1.1393772e-003
 1.0956427e-003
 1.0657776e-003
 1.0508467e-003
 1.0511858e-003
 1.0663942e-003
 1.0954138e-003
 1.1366156e-003
 1.1879478e-003
 1.2470265e-003
 1.3112581e-003
 1.3779659e-003
 1.4444315e-003
 1.5080544e-003
 1.5664105e-003
 1.6174071e-003
 1.6594419e-003
 1.6915015e-003
 1.7133154e-003
 1.7253840e-003
 1.7289777e-003
 1.7260209e-003
 1.7188902e-003
 1.7101375e-003
 1.7021823e-003
 1.6969980e-003
 1.6958506e-003
 1.6991358e-003
 1.7063309e-003
 1.7160925e-003
 1.7264690e-003
 1.7352297e-003
 1.7402283e-003
 1.7397796e-003
 1.7329698e-003
 1.7198586e-003
 1.7015263e-003
 1.6799734e-003
 1.6578560e-003
 1.6380961e-003
 1.6234539e-003
 1.6160675e-003
 1.6170914e-003
 1.6264454e-003
 1.6427541e-003
 1.6634590e-003
 1.6851380e-003
 1.7039349e-003
 1.7160934e-003
 1.7184856e-003
 1.7090535e-003
 1.6871281e-003
 1.6535290e-003
 1.6104889e-003
 1.5613420e-003
 1.5101447e-003
 1.4611749e-003
 1.4184322e-003
 1.3852604e-003
 1.3640211e-003
 1.3559686e-003
 1.3611936e-003
 1.3787311e-003
 1.4067537e-003
 1.4428457e-003
 1.4842517e-003
 1.5281278e-003
 1.5717613e-003
 1.6127069e-003
 1.6489055e-003
 1.6786668e-003
 1.7006831e-003
 1.7140220e-003
 1.7180975e-003
 1.7126638e-003
 1.6977435e-003
 1.6736196e-003
 1.6408747e-003
 1.6004021e-003
 1.5533732e-003
 1.5011759e-003
 1.4454001e-003
 1.3877279e-003
 1.3299200e-003
 1.2737338e-003
 1.2208674e-003
 1.1729846e-003
 1.1211456e-003
 1.0863573e-003
 1.0612299e-003
 1.0469512e-003
 1.0442772e-003
 1.0532386e-003
 1.0729919e-003
 1.1019170e-003
 1.1378654e-003
 1.1783940e-003
 1.2209936e-003
 1.2631870e-003
 1.3026666e-003
 1.3374628e-003
 1.3660885e-003
 1.3876662e-003
 1.4019576e-003
 1.4092947e-003
 1.4104473e-003
 1.4064481e-003
 1.3984618e-003
 1.3876827e-003
 1.3752646e-003
 1.3622250e-003
 1.3493558e-003
 1.3371274e-003
 1.3256453e-003
 1.3146931e-003
 1.3038102e-003
 1.2923992e-003
 1.2798099e-003
 1.2654060e-003
 1.2486669e-003
 1.2292998e-003
 1.2074115e-003
 1.1836413e-003
 1.1592071e-003
 1.1358658e-003
 1.1157640e-003
 1.1012680e-003
 1.0948334e-003
 1.0988483e-003
 1.1154463e-003
 1.1462016e-003
 1.1917743e-003
 1.2515478e-003
 1.3235369e-003
 1.4044759e-003
 1.4901697e-003
 1.5759080e-003
 1.6567145e-003
 1.7276858e-003
 1.7842121e-003
 1.8224120e-003
 1.8396294e-003
 1.8348403e-003
 1.8088440e-003
 1.7640856e-003
 1.7042301e-003
 1.6336420e-003
 1.5570439e-003
 1.4791723e-003
 1.4045979e-003
 1.3374132e-003
 1.2808775e-003
 1.2371745e-003
 1.2072630e-003
 1.1909907e-003
 1.1874039e-003
 1.1950561e-003
 1.2122643e-003
 1.2372509e-003
 1.2682310e-003
 1.3034282e-003
 1.3411293e-003
 1.3796755e-003
 1.4174822e-003
 1.4530458e-003
 1.4848959e-003
 1.5116127e-003
 1.5317966e-003
 1.5441120e-003
 1.5473639e-003
 1.5406301e-003
 1.5234456e-003
 1.4959681e-003
 1.4590478e-003
 1.4141416e-003
 1.3631770e-003
 1.3083559e-003
 1.2519844e-003
 1.1964125e-003
 1.1438897e-003
 1.0965040e-003
 1.0560321e-003
 1.0238171e-003
 1.0007545e-003
 9.8730694e-004
 9.8363520e-004
 9.8970672e-004
 1.0053904e-003
 1.0304837e-003
 1.0647079e-003
 1.1076216e-003
 1.1585274e-003
 1.2164073e-003
 1.2798414e-003
 1.3470990e-003
 1.4161764e-003
 1.4849232e-003
 1.5511565e-003
 1.6126833e-003
 1.6674597e-003
 1.7136782e-003
 1.7499706e-003
 1.7755709e-003
 1.7903529e-003
 1.7947849e-003
 1.7897715e-003
 1.7764770e-003
 1.7561843e-003
 1.7302138e-003
 1.6998575e-003
 1.6663055e-003
 1.6306036e-003
 1.5935658e-003
 1.5557797e-003
 1.5176166e-003
 1.4792747e-003
 1.4408757e-003
 1.4024773e-003
 1.3641377e-003
 1.3259237e-003
 1.2879160e-003
 1.2502628e-003
 1.2131606e-003
 1.1768929e-003
 1.1418095e-003
 1.1082967e-003
 1.0767832e-003
 1.0477101e-003
 1.0215116e-003
 9.9863170e-004
 9.7949093e-004
 9.6449879e-004
 9.5403625e-004
 9.4845099e-004
 9.4806805e-004
 9.5319067e-004
 9.6410868e-004
 9.8109455e-004
 1.0043985e-003
 1.0341943e-003
 1.0705345e-003
 1.1132383e-003
 1.1618196e-003
 1.2154757e-003
 1.2730779e-003
 1.3333019e-003
 1.3946716e-003
 1.4556545e-003
 1.5147469e-003
 1.5704966e-003
 1.6216178e-003
 1.6671198e-003
 1.7063647e-003
 1.7391514e-003
 1.7656409e-003
 1.7862740e-003
 1.8016641e-003
 1.8124930e-003
 1.8194659e-003
 1.8232559e-003
 1.8244606e-003
 1.8235462e-003
 1.8208001e-003
 1.8163098e-003
 1.8099849e-003
 1.8016041e-003
 1.7908643e-003
 1.7774337e-003
 1.7609753e-003
 1.7411923e-003
 1.7178711e-003
 1.6909272e-003
 1.6604753e-003
 1.6268233e-003
 1.5904770e-003
 1.5520807e-003
 1.5123487e-003
 1.4720485e-003
 1.4319631e-003
 1.3928616e-003
 1.3555250e-003
 1.3207021e-003
 1.2891360e-003
 1.2615465e-003
 1.2386241e-003
 1.2210561e-003
 1.2095082e-003
 1.2046342e-003
 1.2070400e-003
 1.2172222e-003
 1.2354578e-003
 1.2616664e-003
 1.2952521e-003
 1.3350886e-003
 1.3795493e-003
 1.4266543e-003
 1.4741749e-003
 1.5198272e-003
 1.5613392e-003
 1.5965390e-003
 1.6235739e-003
 1.6410688e-003
 1.6482953e-003
 1.6452671e-003
 1.6326515e-003
 1.6115946e-003
 1.5835504e-003
 1.5500984e-003
 1.5128598e-003
 1.4734735e-003
 1.4335001e-003
 1.3944072e-003
 1.3575633e-003
 1.3241668e-003
 1.2952921e-003
 1.2719390e-003
 1.2550257e-003
 1.2454363e-003
 1.2440010e-003
 1.2514401e-003
 1.2682533e-003
 1.2945870e-003
 1.3300778e-003
 1.3738374e-003
 1.4244949e-003
 1.4802815e-003
 1.5392501e-003
 1.5993485e-003
 1.6585329e-003
 1.7147999e-003
 1.7663810e-003
 1.8118286e-003
 1.8501043e-003
 1.8806912e-003
 1.9035067e-003
 1.9187789e-003
 1.9269499e-003
 1.9285565e-003
 1.9241869e-003
 1.9144793e-003
 1.9001446e-003
 1.8820082e-003
 1.8610691e-003
 1.8384911e-003
 1.8155958e-003
 1.7938381e-003
 1.7747204e-003
 1.7597554e-003
 1.7503981e-003
 1.7478900e-003
 1.7530594e-003
 1.7660426e-003
 1.7860211e-003
 1.8111404e-003
 1.8386068e-003
 1.8649127e-003
 1.8861659e-003
 1.8983162e-003
 1.8973845e-003
 1.8797786e-003
 1.8427164e-003
 1.7847624e-003
 1.7063755e-003
 1.6100243e-003
 1.5000103e-003
 1.3820768e-003
 1.2626937e-003
 1.1486724e-003
 1.0468792e-003
 9.6367841e-004
 9.0450700e-004
 8.7325339e-004
 8.7160169e-004
 8.9886470e-004
 9.5221278e-004
 1.0271844e-003
 1.1184060e-003
 1.2200861e-003
 1.3262877e-003
 1.4313757e-003
 1.5302887e-003
 1.6188748e-003
 1.6943881e-003
 1.7555336e-003
 1.8023584e-003
 1.8358610e-003
 1.8576644e-003
 1.8696638e-003
 1.8738385e-003
 1.8721537e-003
 1.8664536e-003
 1.8583803e-003
 1.8492898e-003
 1.8402238e-003
 1.8319481e-003
 1.8250122e-003
 1.8198399e-003
 1.8167840e-003
 1.8161462e-003
 1.8181470e-003
 1.8228646e-003
 1.8301344e-003
 1.8394723e-003
 1.8500389e-003
 1.8606643e-003
 1.8699501e-003
 1.8763578e-003
 1.8783024e-003
 1.8742412e-003
 1.8628039e-003
 1.8429764e-003
 1.8143657e-003
 1.7773887e-003
 1.7333649e-003
 1.6844689e-003
 1.6334496e-003
 1.5834084e-003
 1.5376268e-003
 1.4993105e-003
 1.4714254e-003
 1.4563806e-003
 1.4556625e-003
 1.4694795e-003
 1.4966533e-003
 1.5347195e-003
 1.5803017e-003
 1.6294793e-003
 1.6780593e-003
 1.7218951e-003
 1.7570956e-003
 1.7803818e-003
 1.7894822e-003
 1.7835341e-003
 1.7631999e-003
 1.7305483e-003
 1.6886581e-003
 1.6412082e-003
 1.5921817e-003
 1.5455452e-003
 1.5050486e-003
 1.4739549e-003
 1.4546247e-003
 1.4482435e-003
 1.4546880e-003
 1.4726430e-003
 1.4999239e-003
 1.5338345e-003
 1.5714184e-003
 1.6097099e-003
 1.6458870e-003
 1.6774520e-003
 1.7025298e-003
 1.7200459e-003
 1.7298238e-003
 1.7324900e-003
 1.7292761e-003
 1.7217638e-003
 1.7117038e-003
 1.7008720e-003
 1.6909626e-003
 1.6834737e-003
 1.6795489e-003
 1.6798625e-003
 1.6845654e-003
 1.6933357e-003
 1.7055043e-003
 1.7201975e-003
 1.7364352e-003
 1.7532278e-003
 1.7696272e-003
 1.7847796e-003
 1.7980251e-003
 1.8089503e-003
 1.8174083e-003
 1.8235079e-003
 1.8275382e-003
 1.8298971e-003
 1.8310322e-003
 1.8314045e-003
 1.8314567e-003
 1.8315819e-003
 1.8320900e-003
 1.8331764e-003
 1.8349092e-003
 1.8372427e-003
 1.8400472e-003
 1.8431429e-003
 1.8463248e-003
 1.8493851e-003
 1.8521256e-003
 1.8543719e-003
 1.8559947e-003
 1.8569236e-003
 1.8571534e-003
 1.8567386e-003
 1.8557769e-003
 1.8543932e-003
 1.8527235e-003
 1.8509080e-003
 1.8490832e-003
 1.8473787e-003
 1.8459071e-003
 1.8447611e-003
 1.8440115e-003
 1.8437072e-003
 1.8438826e-003
 1.8445622e-003
 1.8457645e-003
 1.8475004e-003
 1.8497675e-003
 1.8525339e-003
 1.8557230e-003
 1.8591963e-003
 1.8627442e-003
 1.8660965e-003
 1.8689376e-003
 1.8709237e-003
 1.8717045e-003
 1.8709399e-003
 1.8683292e-003
 1.8636544e-003
 1.8568350e-003
 1.8479757e-003
 1.8373951e-003
 1.8255926e-003
 1.8132043e-003
 1.8009563e-003
 1.7895994e-003
 1.7798784e-003
 1.7724932e-003
 1.7680216e-003
 1.7668506e-003
 1.7691061e-003
 1.7746221e-003
 1.7829711e-003
 1.7935355e-003
 1.8055751e-003
 1.8183065e-003
 1.8309437e-003
 1.8427335e-003
 1.8530296e-003
 1.8613512e-003
 1.8674374e-003
 1.8712835e-003
 1.8731084e-003
 1.8732973e-003
 1.8723344e-003
 1.8707496e-003
 1.8690791e-003
 1.8678351e-003
 1.8674654e-003
 1.8683120e-003
 1.8705705e-003
 1.8742757e-003
 1.8793171e-003
 1.8854791e-003
 1.8924789e-003
 1.9000153e-003
 1.9078015e-003
 1.9156080e-003
 1.9233457e-003
 1.9311518e-003
 1.9394645e-003
 1.9490668e-003
 1.9610499e-003
 1.9767208e-003
 1.9975249e-003
 2.0249486e-003
 2.0604450e-003
 2.1052747e-003
 2.1603671e-003
 2.2260703e-003
 2.3018809e-003
 2.3864512e-003
 2.4776391e-003
 2.5726440e-003
 2.6683817e-003
 2.7615947e-003
 2.8490489e-003
 2.9276069e-003
 2.9945616e-003
 3.0478113e-003
 3.0860559e-003
 3.1089620e-003
 3.1170195e-003
 3.1113324e-003
 3.0933821e-003
 3.0648140e-003
 3.0273488e-003
 2.9826609e-003
 2.9323350e-003
 2.8777746e-003
 2.8201924e-003
 2.7605081e-003
 2.6994091e-003
 2.6374571e-003
 2.5750690e-003
 2.5126114e-003
 2.4504787e-003
 2.3890226e-003
 2.3286243e-003
 2.2696771e-003
 2.2126527e-003
 2.1580216e-003
 2.1062924e-003
 2.0580378e-003
 2.0138058e-003
 1.9741468e-003
 1.9396131e-003
 1.9106565e-003
 1.8875905e-003
 1.8704790e-003
 1.8590630e-003
 1.8527020e-003
 1.8504254e-003
 1.8510177e-003
 1.8531169e-003
 1.8553039e-003
 1.8561723e-003
 1.8544189e-003
 1.8489615e-003
 1.8390968e-003
 1.8246284e-003
 1.8059245e-003
 1.7838562e-003
 1.7596837e-003
 1.7348718e-003
 1.7109787e-003
 1.6895768e-003
 1.6721189e-003
 1.6598308e-003
 1.6535588e-003
 1.6536141e-003
 1.6597320e-003
 1.6711224e-003
 1.6865912e-003
 1.7047152e-003
 1.7239655e-003
 1.7427899e-003
 1.7597335e-003
 1.7735459e-003
 1.7833208e-003
 1.7886476e-003
 1.7896530e-003
 1.7869364e-003
 1.7814307e-003
 1.7742544e-003
 1.7665969e-003
 1.7596389e-003
 1.7544559e-003
 1.7519241e-003
 1.7526025e-003
 1.7566275e-003
 1.7636702e-003
 1.7729582e-003
 1.7833844e-003
 1.7936282e-003
 1.8022751e-003
 1.8078863e-003
 1.8090520e-003
 1.8044011e-003
 1.7926218e-003
 1.7734487e-003
 1.7505119e-003
 1.7125924e-003
 1.6688835e-003
 1.6210445e-003
 1.5707441e-003
 1.5196378e-003
 1.4694182e-003
 1.4217416e-003
 1.3782757e-003
 1.3406886e-003
 1.3104810e-003
 1.2876691e-003
 1.2714252e-003
 1.2609216e-003
 1.2553297e-003
 1.2538243e-003
 1.2555757e-003
 1.2597560e-003
 1.2655393e-003
 1.2720948e-003
 1.2785958e-003
 1.2842147e-003
 1.2881241e-003
 1.2894947e-003
 1.2875719e-003
 1.2822598e-003
 1.2738168e-003
 1.2625011e-003
 1.2485798e-003
 1.2323119e-003
 1.2139591e-003
 1.1937777e-003
 1.1720391e-003
 1.1489998e-003
 1.1249214e-003
 1.1000597e-003
 1.0746878e-003
 1.0490614e-003
 1.0234423e-003
 9.9809142e-004
 9.7326469e-004
 9.4923557e-004
 9.2624227e-004
 9.0437604e-004
 8.8364311e-004
 8.6406374e-004
 8.4564317e-004
 8.2839176e-004
 8.1231608e-004
 7.9743430e-004
 7.8375253e-004
 7.7128143e-004
 7.6003105e-004
 7.5000973e-004
 7.4123236e-004
 7.3370687e-004
 7.2744355e-004
 7.2245183e-004
 7.1874418e-004
 7.1632984e-004
 7.1521907e-004
 7.1542244e-004
 7.1695005e-004
 7.1981235e-004
 7.2401622e-004
 7.2954263e-004
 7.3635421e-004
 7.4441702e-004
 7.5369625e-004
 7.6415710e-004
 7.7576726e-004
 7.8848656e-004
 8.0228265e-004
 8.1712048e-004
 8.3296915e-004
 8.4978627e-004
 8.6754037e-004
 8.8619656e-004
 9.0572488e-004
 9.2608103e-004
 9.4723463e-004
 9.6915069e-004
 9.9179440e-004
 1.0151363e-003
 1.0391306e-003
 1.0637477e-003
 1.0889529e-003
 1.1147173e-003
 1.1409937e-003
 1.1677532e-003
 1.1949554e-003
 1.2225211e-003
 1.2503281e-003
 1.2782746e-003
 1.3062513e-003
 1.3341497e-003
 1.3618674e-003
 1.3892828e-003
 1.4162933e-003
 1.4427903e-003
 1.4686710e-003
 1.4938143e-003
 1.5181177e-003
 1.5414724e-003
 1.5637750e-003
 1.5849054e-003
 1.6047612e-003
 1.6232330e-003
 1.6402157e-003
 1.6555929e-003
 1.6692597e-003
 1.6811077e-003
 1.6910277e-003
 1.6989128e-003
 1.7046500e-003
 1.7081331e-003
 1.7092534e-003
 1.7079011e-003
 1.7039683e-003
 1.6973459e-003
 1.6879478e-003
 1.6758603e-003
 1.6612626e-003
 1.6443263e-003
