s07_ASD Record=4798:  error bars to preceding                
 6.2823080e-004
 6.2340742e-004
 6.1697187e-004
 6.1001396e-004
 6.0358219e-004
 5.9834326e-004
 5.9444876e-004
 5.9166719e-004
 5.8965461e-004
 5.8824284e-004
 5.8763020e-004
 5.8840570e-004
 5.9146108e-004
 5.9781928e-004
 6.0819648e-004
 6.2234217e-004
 6.3857326e-004
 6.5397139e-004
 6.6514168e-004
 6.6935306e-004
 6.6573051e-004
 6.5590156e-004
 6.4357725e-004
 6.3329336e-004
 6.2915531e-004
 6.3399249e-004
 6.4857653e-004
 6.7103998e-004
 6.9694710e-004
 7.2035188e-004
 7.3555746e-004
 7.3895138e-004
 7.2951993e-004
 7.0852233e-004
 6.7990948e-004
 6.4935832e-004
 6.2186253e-004
 6.0052099e-004
 5.8640755e-004
 5.7906285e-004
 5.7725457e-004
 5.7958608e-004
 5.8479881e-004
 5.9183803e-004
 5.9978280e-004
 6.0775061e-004
 6.1485759e-004
 6.2027684e-004
 6.2335492e-004
 6.2371703e-004
 6.2128069e-004
 6.1617157e-004
 6.0863246e-004
 5.9906993e-004
 5.8827049e-004
 5.7768350e-004
 5.6946423e-004
 5.6571030e-004
 5.6774984e-004
 5.7657296e-004
 5.9088727e-004
 6.0744211e-004
 6.2479678e-004
 6.4196624e-004
 6.5792998e-004
 6.7284156e-004
 6.8842259e-004
 7.0710166e-004
 7.3098380e-004
 7.6005165e-004
 7.9040014e-004
 8.1481482e-004
 8.2643644e-004
 8.2309131e-004
 8.0942421e-004
 7.9533027e-004
 7.9108233e-004
 8.0184510e-004
 8.2480808e-004
 8.5043837e-004
 8.6706737e-004
 8.6644321e-004
 8.4761129e-004
 8.1733894e-004
 7.8694971e-004
 7.6709106e-004
 7.6285837e-004
 7.7147322e-004
 7.8352942e-004
 7.8721275e-004
 7.7360455e-004
 7.4063707e-004
 6.9382816e-004
 6.4363418e-004
 6.0131424e-004
 5.7562895e-004
 5.7127938e-004
 5.8871170e-004
 6.2427868e-004
 6.7078014e-004
 7.1927346e-004
 7.6273805e-004
 7.9954503e-004
 8.3382055e-004
 8.7137736e-004
 9.1233535e-004
 9.4683393e-004
 9.5978635e-004
 9.4229454e-004
 9.0082100e-004
 8.5572200e-004
 8.2973490e-004
 8.3496346e-004
 8.6668268e-004
 9.0645964e-004
 9.3202398e-004
 9.2881243e-004
 8.9704647e-004
 8.4985537e-004
 8.0384861e-004
 7.6940382e-004
 7.4752135e-004
 7.3380111e-004
 7.2441692e-004
 7.1903603e-004
 7.1986672e-004
 7.2943448e-004
 7.4932043e-004
 7.7926746e-004
 8.1509654e-004
 8.4686413e-004
 8.6154323e-004
 8.5112476e-004
 8.1963936e-004
 7.8119047e-004
 7.4977934e-004
 7.3047623e-004
 7.1936916e-004
 7.1029708e-004
 7.0125109e-004
 6.9646240e-004
 7.0470461e-004
 7.3465850e-004
 7.8756671e-004
 8.5089775e-004
 9.0058055e-004
 9.1442442e-004
 8.8724709e-004
 8.3402375e-004
 7.7860907e-004
 7.3886581e-004
 7.1928574e-004
 7.1314070e-004
 7.0994208e-004
 7.0314726e-004
 6.9350866e-004
 6.8604696e-004
 6.8422640e-004
 6.8741862e-004
 6.9297716e-004
 6.9869432e-004
 7.0264301e-004
 7.0234103e-004
 6.9622515e-004
 6.8689266e-004
 6.8243034e-004
 6.9258461e-004
 7.2066335e-004
 7.5779227e-004
 7.8739453e-004
 7.9859199e-004
 7.9527171e-004
 7.9017953e-004
 7.9154852e-004
 7.9893507e-004
 8.1093202e-004
 8.3088339e-004
 8.6125982e-004
 8.9484226e-004
 9.1657235e-004
 9.1673440e-004
 9.0074621e-004
 8.8380714e-004
 8.7726122e-004
 8.8216597e-004
 8.9292735e-004
 9.0194051e-004
 9.0177840e-004
 8.8877825e-004
 8.6632546e-004
 8.4216963e-004
 8.2300470e-004
 8.1364659e-004
 8.1735145e-004
 8.3027012e-004
 8.3790638e-004
 8.2596060e-004
 7.9660991e-004
 7.6833885e-004
 7.5765682e-004
 7.6403318e-004
 7.7275175e-004
 7.6953898e-004
 7.5316010e-004
 7.3753431e-004
 7.4183726e-004
 7.7469496e-004
 8.2564511e-004
 8.7232795e-004
 8.9543697e-004
 8.8700466e-004
 8.5025205e-004
 7.9828163e-004
 7.5029681e-004
 7.2056398e-004
 7.0962775e-004
 7.1211194e-004
 7.3337444e-004
 7.8986923e-004
 8.8458677e-004
 9.8318909e-004
 1.0281492e-003
 9.9071965e-004
 9.0260827e-004
 8.1982283e-004
 7.6269027e-004
 7.1188860e-004
 6.5390184e-004
 6.0211204e-004
 5.7344686e-004
 5.6715851e-004
 5.7107024e-004
 5.7517906e-004
 5.7547889e-004
 5.7264871e-004
 5.7016872e-004
 5.7072641e-004
 5.7603605e-004
 5.9331825e-004
 6.3398335e-004
 6.9404335e-004
 7.4186380e-004
 7.4304582e-004
 6.9795724e-004
 6.4128265e-004
 6.0538517e-004
 5.9531012e-004
 5.9734110e-004
 6.0023367e-004
 6.0464774e-004
 6.1517447e-004
 6.2957965e-004
 6.4067694e-004
 6.4695976e-004
 6.5495126e-004
 6.6566165e-004
 6.6564290e-004
 6.4233836e-004
 6.0321955e-004
 5.6932645e-004
 5.5403047e-004
 5.5653154e-004
 5.7445635e-004
 6.1289733e-004
 6.6926156e-004
 7.1291794e-004
 7.0753339e-004
 6.6384149e-004
 6.3783146e-004
 6.5686792e-004
 6.7870400e-004
 6.5310876e-004
 5.9540279e-004
 5.5861718e-004
 5.5963435e-004
 5.7566684e-004
 5.9731759e-004
 6.5707188e-004
 7.9310901e-004
 9.7059546e-004
 1.0729943e-003
 1.0201917e-003
 8.7508431e-004
 7.6323166e-004
 7.2596717e-004
 7.1793282e-004
 6.9080549e-004
 6.3756970e-004
 5.8704976e-004
 5.7812332e-004
 6.2439661e-004
 6.8977097e-004
 7.1367080e-004
 6.7472068e-004
 6.1749911e-004
 6.0644740e-004
 6.5931014e-004
 7.2756503e-004
 7.4452680e-004
 6.9562701e-004
 6.2923203e-004
 5.9690070e-004
 6.0670683e-004
 6.3790730e-004
 6.7334413e-004
 7.0637878e-004
 7.3241355e-004
 7.4756861e-004
 7.5712573e-004
 7.7809929e-004
 8.1950985e-004
 8.5743208e-004
 8.5086259e-004
 7.9407741e-004
 7.3530356e-004
 7.3028088e-004
 7.8495225e-004
 8.4972772e-004
 8.5744262e-004
 7.7794585e-004
 6.4831227e-004
 5.3597719e-004
 4.7904236e-004
 4.7222065e-004
 4.9212889e-004
 5.1861728e-004
 5.4011296e-004
 5.5199972e-004
 5.5468769e-004
 5.5195251e-004
 5.4915459e-004
 5.5161712e-004
 5.6238001e-004
 5.7887606e-004
 5.9174851e-004
 5.9095240e-004
 5.7802809e-004
 5.7302561e-004
 6.0367864e-004
 6.8057550e-004
 7.8085030e-004
 8.5992151e-004
 8.8323466e-004
 8.4904913e-004
 7.8396499e-004
 7.2094210e-004
 6.8157964e-004
 6.7123352e-004
 6.8029843e-004
 6.8744941e-004
 6.6968298e-004
 6.1905704e-004
 5.5300788e-004
 5.0380878e-004
 4.8654992e-004
 4.9475505e-004
 5.2034354e-004
 5.6520390e-004
 6.3583889e-004
 7.1927079e-004
 7.7535759e-004
 7.7125739e-004
 7.1592251e-004
 6.5045932e-004
 6.1448797e-004
 6.2048167e-004
 6.5045519e-004
 6.7797105e-004
 6.9235271e-004
 7.0238428e-004
 7.2162115e-004
 7.4761623e-004
 7.5977802e-004
 7.4759638e-004
 7.2709791e-004
 7.1327522e-004
 6.9789088e-004
 6.7577051e-004
 6.6728209e-004
 6.8823481e-004
 7.1994675e-004
 7.3306292e-004
 7.2355074e-004
 7.1070821e-004
 7.1204855e-004
 7.2544790e-004
 7.3417835e-004
 7.3335529e-004
 7.4121496e-004
 7.7155029e-004
 8.1174547e-004
 8.4411527e-004
 8.6797372e-004
 8.8214769e-004
 8.6777232e-004
 8.1269443e-004
 7.4169901e-004
 6.9862494e-004
 7.2461879e-004
 8.3534850e-004
 9.7225409e-004
 1.0190897e-003
 9.3292340e-004
 7.9014071e-004
 6.8215386e-004
 6.5391738e-004
 7.0977322e-004
 8.3115709e-004
 9.6963329e-004
 1.0516196e-003
 1.0199595e-003
 8.8794035e-004
 7.3649065e-004
 6.5270229e-004
 6.7567872e-004
 7.9333840e-004
 9.6841011e-004
 1.1425287e-003
 1.2425169e-003
 1.2151567e-003
 1.0745712e-003
 9.0060144e-004
 7.7786058e-004
 7.3354814e-004
 7.3875871e-004
 7.5494789e-004
 7.5962191e-004
 7.4878958e-004
 7.2815595e-004
 7.0814101e-004
 6.8573823e-004
 6.6888821e-004
 6.6088518e-004
 6.5987441e-004
 6.6193636e-004
 6.6314614e-004
 6.6038372e-004
 6.5581466e-004
 6.5373530e-004
 6.5844884e-004
 6.7287730e-004
 6.9085788e-004
 7.0255325e-004
 6.9811387e-004
 6.7107443e-004
 6.3732587e-004
 6.2182959e-004
 6.4957998e-004
 7.3957554e-004
 8.7112363e-004
 1.0279723e-003
 1.1231079e-003
 1.1442704e-003
 1.0888593e-003
 9.8716165e-004
 8.7085681e-004
 7.7167084e-004
 7.2019838e-004
 7.2239671e-004
 7.5975450e-004
 8.1271795e-004
 8.6171512e-004
 8.8780164e-004
 8.8562927e-004
 8.6328009e-004
 8.2941027e-004
 7.9266360e-004
 7.6159212e-004
 7.4233994e-004
 7.3871785e-004
 7.5443281e-004
 7.9318887e-004
 8.5869385e-004
 9.5185253e-004
 1.0626122e-003
 1.1783177e-003
 1.2862622e-003
 1.3737899e-003
 1.4282005e-003
 1.4403276e-003
 1.4144620e-003
 1.3581339e-003
 1.2788908e-003
 1.1842498e-003
 1.0817680e-003
 9.7896846e-004
 8.8279368e-004
 7.9800480e-004
 7.2879379e-004
 6.7938818e-004
 6.5398810e-004
 6.5681088e-004
 6.9206901e-004
 7.6396542e-004
 8.7422895e-004
 1.0151227e-003
 1.1767476e-003
 1.3491340e-003
 1.5223905e-003
 1.6865446e-003
 1.8316872e-003
 1.9478999e-003
 2.0277717e-003
 2.0734356e-003
 2.0892078e-003
 2.0794200e-003
 2.0484019e-003
 2.0004737e-003
 1.9399738e-003
 1.8712159e-003
 1.7979631e-003
 1.7218054e-003
 1.6438747e-003
 1.5652759e-003
 1.4871135e-003
 1.4105202e-003
 1.3365918e-003
 1.2664595e-003
 1.2012211e-003
 1.1420060e-003
 1.0899141e-003
 1.0460716e-003
 1.0112204e-003
 9.8480785e-004
 9.6596993e-004
 9.5385249e-004
 9.4759464e-004
 9.4633992e-004
 9.4922900e-004
 9.5540495e-004
 9.6400804e-004
 9.7418221e-004
 9.8506687e-004
 9.9580642e-004
 1.0056425e-003
 1.0141861e-003
 1.0211252e-003
 1.0261518e-003
 1.0289547e-003
 1.0292248e-003
 1.0266521e-003
 1.0209259e-003
 1.0117381e-003
 9.9877792e-004
 9.8173367e-004
 9.6054305e-004
 9.3599159e-004
 9.0906362e-004
 8.8073133e-004
 8.5198000e-004
 8.2378119e-004
 7.9712033e-004
 7.7296956e-004
 7.5231324e-004
 7.3612493e-004
 7.2508649e-004
 7.1883248e-004
 7.1677420e-004
 7.1832346e-004
 7.2289177e-004
 7.2988932e-004
 7.3872897e-004
 7.4881996e-004
 7.5957575e-004
 7.7040523e-004
 7.8086997e-004
 7.9103292e-004
 8.0106955e-004
 8.1115082e-004
 8.2145230e-004
 8.3214487e-004
 8.4340275e-004
 8.5540098e-004
 8.6830964e-004
 8.8230526e-004
 8.9740637e-004
 9.1312930e-004
 9.2887529e-004
 9.4405317e-004
 9.5806469e-004
 9.7031816e-004
 9.8021585e-004
 9.8716537e-004
 9.9056994e-004
 9.9003920e-004
 9.8585687e-004
 9.7844913e-004
 9.6823944e-004
 9.5565530e-004
 9.4111939e-004
 9.2505995e-004
 9.0789871e-004
 8.9017989e-004
 8.7281829e-004
 8.5681531e-004
 8.4316422e-004
 8.3286519e-004
 8.2691305e-004
 8.2630618e-004
 8.3204027e-004
 8.4451854e-004
 8.6219760e-004
 8.8314613e-004
 9.0542372e-004
 9.2709996e-004
 9.4623439e-004
 9.6089591e-004
 9.6914580e-004
 9.6962345e-004
 9.6281286e-004
 9.4956870e-004
 9.3153783e-004
 9.0780447e-004
 8.8050083e-004
 8.5050554e-004
 8.1870263e-004
 7.8604493e-004
 7.5357017e-004
 7.2236441e-004
 6.9352303e-004
 6.6803722e-004
 6.4659660e-004
 6.2943756e-004
 6.1647769e-004
 6.0750992e-004
 6.0233945e-004
 6.0091313e-004
 6.0345384e-004
 6.1051169e-004
 6.2286988e-004
 6.4136437e-004
 6.6657091e-004
 6.9827429e-004
 7.3485455e-004
 7.7307090e-004
 8.0844224e-004
 8.3600747e-004
 8.5124635e-004
 8.5122522e-004
 8.3566090e-004
 8.0726296e-004
 7.7108847e-004
 7.3332974e-004
 6.9996039e-004
 6.7540060e-004
 6.6147331e-004
 6.5708085e-004
 6.5877958e-004
 6.6192343e-004
 6.6198374e-004
 6.5580645e-004
 6.3384481e-004
 6.2711688e-004
 6.2202429e-004
 6.1915943e-004
 6.1902666e-004
 6.2187715e-004
 6.2758022e-004
 6.3556572e-004
 6.4481137e-004
 6.5394555e-004
 6.6142890e-004
 6.6581130e-004
 6.6601363e-004
 6.6157634e-004
 6.5276353e-004
 6.4053206e-004
 6.2640180e-004
 6.1221677e-004
 5.9987261e-004
 5.9101469e-004
 5.8679824e-004
 5.8775721e-004
 5.9377425e-004
 6.0416484e-004
 6.1785249e-004
 6.3355052e-004
 6.4997730e-004
 6.6614128e-004
 6.8155042e-004
 6.9631584e-004
 7.1105629e-004
 7.2661974e-004
 7.4376818e-004
 7.6286652e-004
 7.8370492e-004
 8.0547511e-004
 8.2687609e-004
 8.4638095e-004
 8.6251745e-004
 8.7414740e-004
 8.8064303e-004
 8.8192313e-004
 8.7839057e-004
 8.7078643e-004
 8.6003362e-004
 8.4709807e-004
 8.3291554e-004
 8.1835443e-004
 8.0420094e-004
 7.9115952e-004
 7.7980605e-004
 7.7054620e-004
 7.6355517e-004
 7.5875351e-004
 7.5584423e-004
 7.5440388e-004
 7.5402437e-004
 7.5445254e-004
 7.5568503e-004
 7.5797335e-004
 7.6173287e-004
 7.6737371e-004
 7.7511405e-004
 7.8484527e-004
 7.9609262e-004
 8.0810941e-004
 8.2007644e-004
 8.3132519e-004
 8.4153784e-004
 8.5081049e-004
 8.5957954e-004
 8.6841563e-004
 8.7774458e-004
 8.8761642e-004
 8.9757843e-004
 9.0672879e-004
 9.1393106e-004
 9.1811433e-004
 9.1858290e-004
 9.1521285e-004
 9.0848678e-004
 8.9934393e-004
 8.8891300e-004
 8.7819417e-004
 8.6781912e-004
 8.5793663e-004
 8.4826135e-004
 8.3826878e-004
 8.2744577e-004
 8.1551989e-004
 8.0260815e-004
 7.8921241e-004
 7.7610818e-004
 7.6413306e-004
 7.5395533e-004
 7.4590155e-004
 7.3985918e-004
 7.3530967e-004
 7.3145475e-004
 7.2741392e-004
 7.2244724e-004
 7.1613915e-004
 7.0852006e-004
 7.0008432e-004
 6.9170410e-004
 6.8446848e-004
 6.7945581e-004
 6.7751337e-004
 6.7906670e-004
 6.8401446e-004
 6.9172063e-004
 7.0111681e-004
 7.1087707e-004
 7.1964826e-004
 7.2628196e-004
 7.3001406e-004
 7.3057815e-004
 7.2821684e-004
 7.2359946e-004
 7.1766053e-004
 7.1140059e-004
 7.0568250e-004
 7.0107053e-004
 6.9775467e-004
 6.9556281e-004
 6.9407129e-004
 6.9277460e-004
 6.9127476e-004
 6.8943831e-004
 6.8747258e-004
 6.8590278e-004
 6.8544660e-004
 6.8682013e-004
 6.9052359e-004
 6.9666619e-004
 7.0487283e-004
 7.1430986e-004
 7.2383322e-004
 7.3221844e-004
 7.3844451e-004
 7.4195577e-004
 7.4283365e-004
 7.4183953e-004
 7.4029097e-004
 7.3978869e-004
 7.4184156e-004
 7.4747438e-004
 7.5692084e-004
 7.6948351e-004
 7.8362541e-004
 7.9729350e-004
 8.0838235e-004
 8.1526377e-004
 8.1720075e-004
 8.1456488e-004
 8.0876885e-004
 8.0194161e-004
 7.9641823e-004
 7.9419400e-004
 7.9646573e-004
 8.0338545e-004
 8.1406371e-004
 8.2681683e-004
 8.3955564e-004
 8.5023436e-004
 8.5724238e-004
 8.5965078e-004
 8.5730816e-004
 8.5077278e-004
 8.4113894e-004
 8.2979881e-004
 8.1821322e-004
 8.0770871e-004
 7.9932925e-004
 7.9376268e-004
 7.9130533e-004
 7.9188519e-004
 7.9510873e-004
 8.0033834e-004
 8.0677867e-004
 8.1357855e-004
 8.1992080e-004
 8.2510867e-004
 8.2862953e-004
 8.3018537e-004
 8.2969968e-004
 8.2729233e-004
 8.2323834e-004
 8.1791414e-004
 8.1175042e-004
 8.0518977e-004
 7.9865218e-004
 7.9251622e-004
 7.8709133e-004
 7.8259967e-004
 7.7914790e-004
 7.7670394e-004
 7.7508867e-004
 7.7398430e-004
 7.7297463e-004
 7.7160995e-004
 7.6948974e-004
 7.6634728e-004
 7.6210959e-004
 7.5692328e-004
 7.5112894e-004
 7.4518682e-004
 7.3957775e-004
 7.3468505e-004
 7.3070283e-004
 7.2757679e-004
 7.2499976e-004
 7.2246435e-004
 7.1935699e-004
 7.1507669e-004
 7.0915784e-004
 7.0136145e-004
 6.9173059e-004
 6.8058667e-004
 6.6847051e-004
 6.5606146e-004
 6.4406474e-004
 6.3313812e-004
 6.2384398e-004
 6.1665673e-004
 6.1202352e-004
 6.1042851e-004
 6.1244657e-004
 6.1872834e-004
 6.2991044e-004
 6.4643519e-004
 6.6834560e-004
 6.9507374e-004
 7.2532968e-004
 7.5714011e-004
 7.8800932e-004
 8.1527303e-004
 8.3647337e-004
 8.4976183e-004
 8.5418875e-004
 8.4981608e-004
 8.3766028e-004
 8.1945001e-004
 7.9729920e-004
 7.7332614e-004
 7.4936077e-004
 7.2673918e-004
 7.0623943e-004
 6.8817724e-004
 6.7256286e-004
 6.5933604e-004
 6.4856099e-004
 6.4055540e-004
 6.3592312e-004
 6.3545496e-004
 6.3994300e-004
 6.4993184e-004
 6.6548662e-004
 6.8601570e-004
 7.1023818e-004
 7.3626562e-004
 7.6184032e-004
 7.8466866e-004
 8.0275349e-004
 8.1471197e-004
 8.1997900e-004
 8.1885786e-004
 8.1243471e-004
 8.0235943e-004
 7.9054706e-004
 7.7884708e-004
 7.6876202e-004
 7.6122873e-004
 7.5653289e-004
 7.5433351e-004
 7.5380428e-004
 7.5385312e-004
 7.5337000e-004
 7.5145677e-004
 7.4759399e-004
 7.4171292e-004
 7.3417422e-004
 7.2565186e-004
 7.1697368e-004
 7.0893596e-004
 7.0213852e-004
 6.9687853e-004
 6.9309684e-004
 6.9040171e-004
 6.8814348e-004
 6.8553066e-004
 6.8176683e-004
 6.7618443e-004
 6.6835701e-004
 6.5818621e-004
 6.4593548e-004
 6.3223456e-004
 6.1802927e-004
 6.0449034e-004
 5.9290876e-004
 5.8454758e-004
 5.8050902e-004
 5.8159220e-004
 5.8818224e-004
 6.0017040e-004
 6.1693316e-004
 6.3735514e-004
 6.5992557e-004
 6.8289996e-004
 7.0447649e-004
 7.2303135e-004
 7.3730305e-004
 7.4655848e-004
 7.5067452e-004
 7.5011782e-004
 7.4584363e-004
 7.3910994e-004
 7.3126086e-004
 7.2350539e-004
 7.1675482e-004
 7.1152713e-004
 7.0794002e-004
 7.0578727e-004
 7.0465828e-004
 7.0408103e-004
 7.0364733e-004
 7.0309965e-004
 7.0236903e-004
 7.0156361e-004
 7.0092158e-004
 7.0074369e-004
 7.0132199e-004
 7.0287834e-004
 7.0552254e-004
 7.0923031e-004
 7.1384350e-004
 7.1909145e-004
 7.2461989e-004
 7.3003425e-004
 7.3494902e-004
 7.3903147e-004
 7.4205321e-004
 7.4392866e-004
 7.4475032e-004
 7.4480870e-004
 7.4459310e-004
 7.4476993e-004
 7.4613286e-004
 7.4952532e-004
 7.5574423e-004
 7.6542766e-004
 7.7896111e-004
 7.9639681e-004
 8.1742753e-004
 8.4142387e-004
 8.6749840e-004
 8.9465175e-004
 9.2189148e-004
 9.4836741e-004
 9.7346527e-004
 9.9680875e-004
 1.0182413e-003
 1.0377115e-003
 1.0551607e-003
 1.0704107e-003
 1.0830754e-003
 1.0925577e-003
 1.0981214e-003
 1.0990299e-003
 1.0947478e-003
 1.0851481e-003
 1.0706838e-003
 1.0524619e-003
 1.0322102e-003
 1.0120790e-003
 9.9435868e-004
 9.8111283e-004
 9.7383058e-004
 9.7318768e-004
 9.7894820e-004
 9.9005341e-004
 1.0048593e-003
 1.0214749e-003
 1.0380794e-003
 1.0531861e-003
 1.0657443e-003
 1.0751204e-003
 1.0809718e-003
 1.0830791e-003
 1.0812308e-003
 1.0751926e-003
 1.0647897e-003
 1.0500598e-003
 1.0314382e-003
 1.0098851e-003
 9.8689820e-004
 9.6442294e-004
 9.4460457e-004
 9.2950574e-004
 9.2078251e-004
 9.1942138e-004
 9.2558027e-004
 9.3854644e-004
 9.5681456e-004
 9.7826985e-004
 1.0004536e-003
 1.0208338e-003
 1.0371160e-003
 1.0474861e-003
 1.0508242e-003
 1.0468288e-003
 1.0360437e-003
 1.0197745e-003
 9.9990796e-004
 9.7863260e-004
 9.5809734e-004
 9.4009360e-004
 9.2577294e-004
 9.1548549e-004
 9.0878707e-004
 9.0458500e-004
 9.0142910e-004
 8.9786144e-004
 8.9275633e-004
 8.8557828e-004
 8.7649102e-004
 8.6631824e-004
 8.5635891e-004
 8.4811141e-004
 8.4298698e-004
 8.4204809e-004
 8.4584631e-004
 8.5435883e-004
 8.6703943e-004
 8.8293559e-004
 9.0086955e-004
 9.1960235e-004
 9.3798863e-004
 9.5508655e-004
 9.7019022e-004
 9.8283100e-004
 9.9273527e-004
 9.9974964e-004
 1.0037876e-003
 1.0047804e-003
 1.0026682e-003
 9.9741807e-004
 9.8907133e-004
 9.7779534e-004
 9.6393964e-004
 9.4806589e-004
 9.3094108e-004
 9.1351772e-004
 8.9685409e-004
 8.8204315e-004
 8.7010965e-004
 8.6191541e-004
 8.5809291e-004
 8.5898768e-004
 8.6464395e-004
 8.7481493e-004
 8.8901108e-004
 9.0655865e-004
 9.2667900e-004
 9.4857812e-004
 9.7150198e-004
 9.9481316e-004
 1.0180065e-003
 1.0407260e-003
 1.0627575e-003
 1.0839724e-003
 1.1042950e-003
 1.1236235e-003
 1.1417782e-003
 1.1584596e-003
 1.1732066e-003
 1.1854153e-003
 1.1943616e-003
 1.1992792e-003
 1.1994590e-003
 1.1943612e-003
 1.1837330e-003
 1.1677069e-003
 1.1468596e-003
 1.1222055e-003
 1.0951573e-003
 1.0673867e-003
 1.0406850e-003
 1.0167670e-003
 9.9707954e-004
 9.8266429e-004
 9.7404321e-004
 9.7118213e-004
 9.7353174e-004
 9.8012597e-004
 9.8973222e-004
 1.0010260e-003
 1.0127685e-003
 1.0239393e-003
 1.0338406e-003
 1.0421232e-003
 1.0487754e-003
 1.0540703e-003
 1.0584879e-003
 1.0626463e-003
 1.0672302e-003
 1.0729309e-003
 1.0803803e-003
 1.0900631e-003
 1.1022191e-003
 1.1167232e-003
 1.1329909e-003
 1.1499394e-003
 1.1660132e-003
 1.1793245e-003
 1.1878912e-003
 1.1899493e-003
 1.1843046e-003
 1.1706275e-003
 1.1496372e-003
 1.1229654e-003
 1.0928846e-003
 1.0619280e-003
 1.0325572e-003
 1.0068973e-003
 9.8650157e-004
 9.7212876e-004
 9.6358056e-004
 9.5970731e-004
 9.5856562e-004
 9.5776829e-004
 9.5492817e-004
 9.4811496e-004
 9.3624869e-004
 9.1934303e-004
 8.9846435e-004
 8.7541714e-004
 8.5228443e-004
 8.3099573e-004
 8.1296044e-004
 7.9887529e-004
 7.8871794e-004
 7.8184321e-004
 7.7723310e-004
 7.7383441e-004
 7.7088317e-004
 7.6814840e-004
 7.6601258e-004
 7.6536625e-004
 7.6733867e-004
 7.7293091e-004
 7.8264996e-004
 7.9624349e-004
 8.1265357e-004
 8.3019066e-004
 8.4686669e-004
 8.6075329e-004
 8.7032851e-004
 8.7469909e-004
 8.7370683e-004
 8.6798827e-004
 8.5886667e-004
 8.4809319e-004
 8.3746825e-004
 8.2843320e-004
 8.2170649e-004
 8.1708969e-004
 8.1349758e-004
 8.0919644e-004
 8.0221536e-004
 7.9082412e-004
 7.7397301e-004
 7.5154047e-004
 7.2432857e-004
 6.9392915e-004
 6.6246337e-004
 6.3227850e-004
 6.0570112e-004
 5.8480410e-004
 5.7125348e-004
 5.6614069e-004
 5.6987524e-004
 5.8212213e-004
 6.0179149e-004
 6.2707748e-004
 6.5558113e-004
 6.8453758e-004
 7.1107608e-004
 7.3255843e-004
 7.4692199e-004
 7.5295661e-004
 7.5051264e-004
 7.4054539e-004
 7.2500954e-004
 7.0657447e-004
 6.8823330e-004
 6.7281723e-004
 6.6255673e-004
 6.5871625e-004
 6.6140509e-004
 6.6959223e-004
 6.8132469e-004
 6.9410109e-004
 7.0534460e-004
 7.1288273e-004
 7.1533158e-004
 7.1234268e-004
 7.0465007e-004
 6.9393148e-004
 6.8250264e-004
 6.7293050e-004
 6.6760724e-004
 6.6839578e-004
 6.7637052e-004
 6.9171505e-004
 7.1375369e-004
 7.4111117e-004
 7.7196641e-004
 8.0429838e-004
 8.3616638e-004
 8.6588052e-004
 8.9213700e-004
 9.1407169e-004
 9.3121862e-004
 9.4346452e-004
 9.5094554e-004
 9.5396774e-004
 9.5293380e-004
 9.4829447e-004
 9.4052643e-004
 9.3013607e-004
 9.1767253e-004
 9.0373767e-004
 8.8900415e-004
 8.7419228e-004
 8.6005015e-004
 8.4729388e-004
 8.3653344e-004
 8.2820735e-004
 8.2251342e-004
 8.1937242e-004
 8.1843743e-004
 8.1914704e-004
 8.2083000e-004
 8.2284067e-004
 8.2470896e-004
 8.2626927e-004
 8.2774664e-004
 8.2976982e-004
 8.3330367e-004
 8.3949725e-004
 8.4945629e-004
 8.6399226e-004
 8.8337070e-004
 9.0713269e-004
 9.3404279e-004
 9.6218206e-004
 9.8920299e-004
 1.0126090e-003
 1.0300911e-003
 1.0398284e-003
 1.0406893e-003
 1.0323317e-003
 1.0152798e-003
 9.9090941e-004
 9.6128572e-004
 9.2893461e-004
 8.9652179e-004
 8.6650840e-004
 8.4087625e-004
 8.2089531e-004
 8.0706709e-004
 7.9915678e-004
 7.9634337e-004
 7.9743733e-004
 8.0110790e-004
 8.0608984e-004
 8.1134681e-004
 8.1616599e-004
 8.2018279e-004
 8.2338211e-004
 8.2607719e-004
 8.2888838e-004
 8.3271554e-004
 8.3870022e-004
 8.4818446e-004
 8.6262356e-004
 8.8346656e-004
 9.1201364e-004
 9.4922661e-004
 9.9555450e-004
 1.0508030e-003
 1.1139928e-003
 1.1833974e-003
 1.2565767e-003
 1.3305638e-003
 1.4021251e-003
 1.4679679e-003
 1.5250747e-003
 1.5708794e-003
 1.6034646e-003
 1.6216601e-003
 1.6250365e-003
 1.6138729e-003
 1.5890563e-003
 1.5519741e-003
 1.5043796e-003
 1.4483234e-003
 1.3860244e-003
 1.3198422e-003
 1.2521939e-003
 1.1854643e-003
 1.1219861e-003
 1.0639422e-003
 1.0132756e-003
 9.7166910e-004
 9.4044616e-004
 9.2057075e-004
 9.1260433e-004
 9.1669738e-004
 9.3258364e-004
 9.5957500e-004
 9.9654228e-004
 1.0419156e-003
 1.0937271e-003
 1.1496304e-003
 1.2070584e-003
 1.2633398e-003
 1.3159307e-003
 1.3626702e-003
 1.4019730e-003
 1.4330670e-003
 1.4560741e-003
 1.4720351e-003
 1.4827939e-003
 1.4907497e-003
 1.4985371e-003
 1.5086370e-003
 1.5229984e-003
 1.5427265e-003
 1.5678661e-003
 1.5973463e-003
 1.6291034e-003
 1.6603172e-003
 1.6878225e-003
 1.7085308e-003
 1.7198925e-003
 1.7202767e-003
 1.7092187e-003
 1.6875066e-003
 1.6570929e-003
 1.6208342e-003
 1.5820850e-003
 1.5442729e-003
 1.5104065e-003
 1.4827191e-003
 1.4623872e-003
 1.4494207e-003
 1.4427429e-003
 1.4403994e-003
 1.4399063e-003
 1.4386518e-003
 1.4343038e-003
 1.4251599e-003
 1.4103900e-003
 1.3901304e-003
 1.3654444e-003
 1.3381205e-003
 1.3104121e-003
 1.2846986e-003
 1.2631479e-003
 1.2474557e-003
 1.2386360e-003
 1.2369450e-003
 1.2418745e-003
 1.2522702e-003
 1.2665216e-003
 1.2828178e-003
 1.2993905e-003
 1.3147426e-003
 1.3278199e-003
 1.3380705e-003
 1.3454043e-003
 1.3500626e-003
 1.3524682e-003
 1.3530665e-003
 1.3521854e-003
 1.3499317e-003
 1.3461186e-003
 1.3402188e-003
 1.3313486e-003
 1.3183024e-003
 1.2996397e-003
 1.2738276e-003
 1.2394687e-003
 1.1955287e-003
 1.1416441e-003
 1.0783406e-003
 1.0071009e-003
 9.3040359e-004
 8.4782165e-004
 7.6570339e-004
 6.8955391e-004
 6.2346261e-004
 5.7084771e-004
 5.3388439e-004
 5.1324855e-004
 5.0823792e-004
 5.1717920e-004
 5.3787668e-004
 5.6794292e-004
 6.0496561e-004
 6.4661884e-004
 6.9077610e-004
 7.3557551e-004
 7.7949598e-004
 8.2137465e-004
 8.6032914e-004
 8.9572073e-004
 9.2703715e-004
 9.5385069e-004
 9.7581133e-004
 9.9266774e-004
 1.0043866e-003
 1.0112775e-003
 1.0141339e-003
 1.0142854e-003
 1.0135416e-003
 1.0140631e-003
 1.0182121e-003
 1.0284134e-003
 1.0470238e-003
 1.0761260e-003
 1.1172522e-003
 1.1709895e-003
 1.2366577e-003
 1.3122094e-003
 1.3943142e-003
 1.4787122e-003
 1.5606256e-003
 1.6350141e-003
 1.6969227e-003
 1.7417343e-003
 1.7656483e-003
 1.7662309e-003
 1.7428930e-003
 1.6970887e-003
 1.6321305e-003
 1.5527013e-003
 1.4642626e-003
 1.3726669e-003
 1.2837342e-003
 1.2029907e-003
 1.1351996e-003
 1.0838199e-003
 1.0505992e-003
 1.0353412e-003
 1.0361238e-003
 1.0497370e-003
 1.0722139e-003
 1.0992376e-003
 1.1264639e-003
 1.1497724e-003
 1.1656089e-003
 1.1713810e-003
 1.1657904e-003
 1.1489834e-003
 1.1223998e-003
 1.0884476e-003
 1.0500910e-003
 1.0105614e-003
 9.7311905e-004
 9.4083464e-004
 9.1637071e-004
 9.0165791e-004
 8.9765916e-004
 9.0425019e-004
 9.2033215e-004
 9.4408117e-004
 9.7325345e-004
 1.0054032e-003
 1.0380562e-003
 1.0688682e-003
 1.0957698e-003
 1.1171979e-003
 1.1322491e-003
 1.1407642e-003
 1.1432561e-003
 1.1407284e-003
 1.1344808e-003
 1.1259464e-003
 1.1165859e-003
 1.1077914e-003
 1.1007927e-003
 1.0965359e-003
 1.0955813e-003
 1.0980646e-003
 1.1037370e-003
 1.1120657e-003
 1.1223467e-003
 1.1338008e-003
 1.1456243e-003
 1.1570428e-003
 1.1673465e-003
 1.1759442e-003
 1.1824087e-003
 1.1864876e-003
 1.1880924e-003
 1.1872518e-003
 1.1840679e-003
 1.1786809e-003
 1.1712568e-003
 1.1619903e-003
 1.1511339e-003
 1.1390309e-003
 1.1261418e-003
 1.1130666e-003
 1.1005270e-003
 1.0893294e-003
 1.0803363e-003
 1.0744199e-003
 1.0724295e-003
 1.0751222e-003
 1.0830672e-003
 1.0965152e-003
 1.1152942e-003
 1.1387528e-003
 1.1658100e-003
 1.1950795e-003
 1.2249751e-003
 1.2538453e-003
 1.2800340e-003
 1.3019828e-003
 1.3183592e-003
 1.3281876e-003
 1.3309972e-003
 1.3268644e-003
 1.3163667e-003
 1.3004448e-003
 1.2802620e-003
 1.2570854e-003
 1.2321952e-003
 1.2068448e-003
 1.1821709e-003
 1.1591405e-003
 1.1384761e-003
 1.1206232e-003
 1.1057927e-003
 1.0940083e-003
 1.0851909e-003
 1.0792079e-003
 1.0759052e-003
 1.0751307e-003
 1.0767410e-003
 1.0806130e-003
 1.0866496e-003
 1.0947859e-003
 1.1049809e-003
 1.1172181e-003
 1.1314887e-003
 1.1477871e-003
 1.1661102e-003
 1.1864355e-003
 1.2087103e-003
 1.2328408e-003
 1.2586558e-003
 1.2859225e-003
 1.3143322e-003
 1.3435270e-003
 1.3731293e-003
 1.4027336e-003
 1.4319421e-003
 1.4603430e-003
 1.4875227e-003
 1.5130739e-003
 1.5365719e-003
 1.5575987e-003
 1.5757231e-003
 1.5905121e-003
 1.6015383e-003
 1.6083748e-003
 1.6106220e-003
 1.6079375e-003
 1.6001012e-003
 1.5870918e-003
 1.5691649e-003
 1.5468709e-003
 1.5210382e-003
 1.4926976e-003
 1.4629884e-003
 1.4331121e-003
 1.4042691e-003
 1.3775973e-003
 1.3541266e-003
 1.3346713e-003
 1.3197773e-003
 1.3096821e-003
 1.3043423e-003
 1.3035145e-003
 1.3068307e-003
 1.3138640e-003
 1.3241715e-003
 1.3373056e-003
 1.3528472e-003
 1.3704172e-003
 1.3896760e-003
 1.4103545e-003
 1.4322314e-003
 1.4551296e-003
 1.4788781e-003
 1.5033309e-003
 1.5283402e-003
 1.5537231e-003
 1.5792778e-003
 1.6047409e-003
 1.6297464e-003
 1.6538537e-003
 1.6765317e-003
 1.6971930e-003
 1.7151993e-003
 1.7299154e-003
 1.7407134e-003
 1.7470018e-003
 1.7482893e-003
 1.7442344e-003
 1.7347074e-003
 1.7198084e-003
 1.6998415e-003
 1.6752800e-003
 1.6466777e-003
 1.6146419e-003
 1.5798016e-003
 1.5428483e-003
 1.5045132e-003
 1.4656307e-003
 1.4272046e-003
 1.3903668e-003
 1.3563924e-003
 1.3266838e-003
 1.3026755e-003
 1.2858215e-003
 1.2775271e-003
 1.2790546e-003
 1.2913522e-003
 1.3148653e-003
 1.3493265e-003
 1.3937138e-003
 1.4463203e-003
 1.5048889e-003
 1.5668962e-003
 1.6296909e-003
 1.6905776e-003
 1.7470429e-003
 1.7968698e-003
 1.8383755e-003
 1.8705617e-003
 1.8932518e-003
 1.9069741e-003
 1.9127745e-003
 1.9120234e-003
 1.9062301e-003
 1.8969389e-003
 1.8856296e-003
 1.8736236e-003
 1.8619670e-003
 1.8513438e-003
 1.8420182e-003
 1.8338847e-003
 1.8265705e-003
 1.8195346e-003
 1.8121651e-003
 1.8038532e-003
 1.7940494e-003
 1.7823558e-003
 1.7686246e-003
 1.7530621e-003
 1.7362465e-003
 1.7190989e-003
 1.7028055e-003
 1.6886875e-003
 1.6781219e-003
 1.6724584e-003
 1.6728867e-003
 1.6802753e-003
 1.6949398e-003
 1.7164585e-003
 1.7435880e-003
 1.7743510e-003
 1.8062025e-003
 1.8362993e-003
 1.8616699e-003
 1.8793684e-003
 1.8867162e-003
 1.8815682e-003
 1.8626938e-003
 1.8300961e-003
 1.7851453e-003
 1.7304323e-003
 1.6694983e-003
 1.6063828e-003
 1.5453527e-003
 1.4907049e-003
 1.4464221e-003
 1.4158851e-003
 1.4014656e-003
 1.4041128e-003
 1.4232438e-003
 1.4568617e-003
 1.5019530e-003
 1.5548884e-003
 1.6117799e-003
 1.6686734e-003
 1.7218611e-003
 1.7681200e-003
 1.8050201e-003
 1.8312884e-003
 1.8468852e-003
 1.8528835e-003
 1.8511950e-003
 1.8442178e-003
 1.8345641e-003
 1.8248676e-003
 1.8175748e-003
 1.8147129e-003
 1.8175965e-003
 1.8265680e-003
 1.8409016e-003
 1.8588901e-003
 1.8781234e-003
 1.8957709e-003
 1.9088121e-003
 1.9142607e-003
 1.9093606e-003
 1.8918775e-003
 1.8604781e-003
 1.8150237e-003
 1.7566967e-003
 1.6879276e-003
 1.6119927e-003
 1.5326876e-003
 1.4540950e-003
 1.3802426e-003
 1.3149524e-003
 1.2615185e-003
 1.2224010e-003
 1.1988364e-003
 1.1907649e-003
 1.1969466e-003
 1.2152620e-003
 1.2430816e-003
 1.2775145e-003
 1.3156391e-003
 1.3546376e-003
 1.3919272e-003
 1.4254046e-003
 1.4535701e-003
 1.4756087e-003
 1.4913033e-003
 1.5009067e-003
 1.5049380e-003
 1.5040491e-003
 1.4989503e-003
 1.4903696e-003
 1.4790543e-003
 1.4657613e-003
 1.4512674e-003
 1.4363672e-003
 1.4218845e-003
 1.4086459e-003
 1.3974849e-003
 1.3892389e-003
 1.3847118e-003
 1.3846470e-003
 1.3896546e-003
 1.4001236e-003
 1.4161491e-003
 1.4374830e-003
 1.4635896e-003
 1.4937097e-003
 1.5269608e-003
 1.5623755e-003
 1.5989982e-003
 1.6359013e-003
 1.6721996e-003
 1.7071532e-003
 1.7401823e-003
 1.7708626e-003
 1.7989549e-003
 1.8243311e-003
 1.8469400e-003
 1.8667514e-003
 1.8837701e-003
 1.8980147e-003
 1.9095179e-003
 1.9183622e-003
 1.9246801e-003
 1.9286575e-003
 1.9305379e-003
 1.9306012e-003
 1.9291501e-003
 1.9264983e-003
 1.9229593e-003
 1.9188371e-003
 1.9144181e-003
 1.9099516e-003
 1.9056399e-003
 1.9016371e-003
 1.8980468e-003
 1.8949390e-003
 1.8923646e-003
 1.8903612e-003
 1.8889606e-003
 1.8881869e-003
 1.8880512e-003
 1.8885423e-003
 1.8896203e-003
 1.8912124e-003
 1.8932167e-003
 1.8955107e-003
 1.8979573e-003
 1.9004159e-003
 1.9027471e-003
 1.9048208e-003
 1.9065253e-003
 1.9077845e-003
 1.9085669e-003
 1.9088911e-003
 1.9088221e-003
 1.9084575e-003
 1.9079157e-003
 1.9073231e-003
 1.9068073e-003
 1.9064884e-003
 1.9064691e-003
 1.9068235e-003
 1.9075862e-003
 1.9087481e-003
 1.9102605e-003
 1.9120469e-003
 1.9140118e-003
 1.9160537e-003
 1.9180712e-003
 1.9199695e-003
 1.9216733e-003
 1.9231375e-003
 1.9243583e-003
 1.9253771e-003
 1.9262774e-003
 1.9271733e-003
 1.9281958e-003
 1.9294829e-003
 1.9311692e-003
 1.9333694e-003
 1.9361615e-003
 1.9395585e-003
 1.9434833e-003
 1.9477637e-003
 1.9521391e-003
 1.9562850e-003
 1.9598375e-003
 1.9624238e-003
 1.9636857e-003
 1.9633195e-003
 1.9611400e-003
 1.9571555e-003
 1.9516434e-003
 1.9451714e-003
 1.9385737e-003
 1.9328783e-003
 1.9292331e-003
 1.9288315e-003
 1.9328691e-003
 1.9424853e-003
 1.9587006e-003
 1.9823376e-003
 2.0139243e-003
 2.0536981e-003
 2.1016265e-003
 2.1574371e-003
 2.2207666e-003
 2.2911760e-003
 2.3682043e-003
 2.4512867e-003
 2.5398289e-003
 2.6331046e-003
 2.7301363e-003
 2.8298087e-003
 2.9308228e-003
 3.0316720e-003
 3.1308418e-003
 3.2267584e-003
 3.3178688e-003
 3.4025889e-003
 3.4794796e-003
 3.5472282e-003
 3.6046538e-003
 3.6508262e-003
 3.6849850e-003
 3.7064806e-003
 3.7147745e-003
 3.7093686e-003
 3.6898318e-003
 3.6558490e-003
 3.6073357e-003
 3.5445739e-003
 3.4684099e-003
 3.3802202e-003
 3.2818874e-003
 3.1757480e-003
 3.0642950e-003
 2.9501130e-003
 2.8358661e-003
 2.7240338e-003
 2.6168849e-003
 2.5162629e-003
 2.4235379e-003
 2.3394034e-003
 2.2640168e-003
 2.1971862e-003
 2.1384240e-003
 2.0871332e-003
 2.0427143e-003
 2.0045356e-003
 1.9720169e-003
 1.9446410e-003
 1.9220064e-003
 1.9037970e-003
 1.8897970e-003
 1.8798701e-003
 1.8739093e-003
 1.8718228e-003
 1.8734984e-003
 1.8787509e-003
 1.8872478e-003
 1.8983990e-003
 1.9112790e-003
 1.9245845e-003
 1.9366752e-003
 1.9456552e-003
 1.9494973e-003
 1.9461291e-003
 1.9335520e-003
 1.9100031e-003
 1.8742059e-003
 1.8257347e-003
 1.7652571e-003
 1.6946815e-003
 1.6170256e-003
 1.5362058e-003
 1.4565870e-003
 1.3827523e-003
 1.3193151e-003
 1.2705390e-003
 1.2400199e-003
 1.2302073e-003
 1.2419287e-003
 1.2742411e-003
 1.3246174e-003
 1.3894645e-003
 1.4645698e-003
 1.5454895e-003
 1.6277240e-003
 1.7070485e-003
 1.7796842e-003
 1.8425062e-003
 1.8933696e-003
 1.9311502e-003
 1.9556668e-003
 1.9675230e-003
 1.9677933e-003
 1.9577858e-003
 1.9388963e-003
 1.9125143e-003
 1.8799999e-003
 1.8427072e-003
 1.8034620e-003
 1.7705414e-003
 1.7255697e-003
 1.6794966e-003
 1.6327834e-003
 1.5859018e-003
 1.5393125e-003
 1.4935099e-003
 1.4489540e-003
 1.4061169e-003
 1.3654705e-003
 1.3274361e-003
 1.2920764e-003
 1.2592153e-003
 1.2286840e-003
 1.2003075e-003
 1.1739306e-003
 1.1493773e-003
 1.1264794e-003
 1.1050629e-003
 1.0849693e-003
 1.0660246e-003
 1.0480605e-003
 1.0309039e-003
 1.0143945e-003
 9.9837058e-004
 9.8277756e-004
 9.6761592e-004
 9.5288351e-004
 9.3858835e-004
 9.2472788e-004
 9.1130321e-004
 8.9831249e-004
 8.8576309e-004
 8.7365269e-004
 8.6198252e-004
 8.5075106e-004
 8.3996472e-004
 8.2962192e-004
 8.1972376e-004
 8.1027136e-004
 8.0126361e-004
 7.9270592e-004
 7.8460242e-004
 7.7700632e-004
 7.6999312e-004
 7.6364423e-004
 7.5803528e-004
 7.5324404e-004
 7.4934750e-004
 7.4642489e-004
 7.4455317e-004
 7.4380991e-004
 7.4427261e-004
 7.4601977e-004
 7.4912806e-004
 7.5367547e-004
 7.5973972e-004
 7.6740049e-004
 7.7673176e-004
 7.8781287e-004
 8.0072141e-004
 8.1553898e-004
 8.3233597e-004
 8.5119368e-004
 8.7216956e-004
 8.9515618e-004
 9.1994175e-004
 9.4633049e-004
 9.7412098e-004
 1.0031119e-003
 1.0331094e-003
 1.0638975e-003
 1.0952824e-003
 1.1270625e-003
 1.1590443e-003
 1.1910112e-003
 1.2227694e-003
 1.2541176e-003
 1.2848621e-003
 1.3147865e-003
 1.3436973e-003
 1.3713929e-003
 1.3976722e-003
 1.4223394e-003
 1.4451817e-003
 1.4660037e-003
 1.4846042e-003
 1.5007856e-003
 1.5143384e-003
 1.5250659e-003
 1.5327921e-003
 1.5375513e-003
 1.5394787e-003
 1.5387136e-003
 1.5353939e-003
 1.5296574e-003
 1.5216401e-003
 1.5114837e-003
 1.4993242e-003
 1.4852997e-003
 1.4695443e-003
 1.4522031e-003
 1.4334108e-003
 1.4133049e-003
 1.3920185e-003
 1.3696997e-003
 1.3464811e-003
 1.3225009e-003
 1.2978909e-003
 1.2728011e-003
 1.2473632e-003
 1.2217152e-003
 1.1959951e-003
 1.1703350e-003
 1.1448844e-003
 1.1197757e-003
 1.0951465e-003
 1.0711291e-003
 1.0478729e-003
 1.0255100e-003
 1.0041684e-003
 9.8389178e-004
 9.6470088e-004
 9.4660156e-004
