s07_ASD Record=8660:  error bars to preceding                
 1.6344424e-003
 1.5527958e-003
 1.4668637e-003
 1.3857804e-003
 1.3160093e-003
 1.2590976e-003
 1.2122157e-003
 1.1704136e-003
 1.1291932e-003
 1.0865637e-003
 1.0437418e-003
 1.0044707e-003
 9.7365602e-004
 9.5581712e-004
 9.5275766e-004
 9.6148642e-004
 9.7454508e-004
 9.8305359e-004
 9.8034251e-004
 9.6468109e-004
 9.4019028e-004
 9.1531896e-004
 8.9942513e-004
 8.9932507e-004
 9.1732753e-004
 9.5055607e-004
 9.9139148e-004
 1.0303285e-003
 1.0601063e-003
 1.0777300e-003
 1.0838654e-003
 1.0809358e-003
 1.0714543e-003
 1.0574231e-003
 1.0404937e-003
 1.0221477e-003
 1.0037357e-003
 9.8623557e-004
 9.6973462e-004
 9.5319870e-004
 9.3503529e-004
 9.1425196e-004
 8.9145557e-004
 8.6899329e-004
 8.5012702e-004
 8.3771726e-004
 8.3313335e-004
 8.3582685e-004
 8.4361469e-004
 8.5343246e-004
 8.6230709e-004
 8.6837530e-004
 8.7176543e-004
 8.7494787e-004
 8.8214688e-004
 8.9798140e-004
 9.2537637e-004
 9.6323225e-004
 1.0067020e-003
 1.0459762e-003
 1.0661362e-003
 1.0660001e-003
 1.0498265e-003
 1.0220197e-003
 9.9346007e-004
 9.7471080e-004
 9.6481125e-004
 9.5648138e-004
 9.4237400e-004
 9.1892801e-004
 8.8826125e-004
 8.5622387e-004
 8.2864513e-004
 8.0909446e-004
 7.9853210e-004
 7.9571456e-004
 7.9768390e-004
 8.0035685e-004
 7.9956371e-004
 7.9250406e-004
 7.7902828e-004
 7.6195749e-004
 7.4601546e-004
 7.3573051e-004
 7.3334161e-004
 7.3796156e-004
 7.4663159e-004
 7.5669977e-004
 7.6786365e-004
 7.8225811e-004
 8.0233999e-004
 8.2816870e-004
 8.5640239e-004
 8.8211900e-004
 9.0218213e-004
 9.1767777e-004
 9.3356817e-004
 9.5525070e-004
 9.8428107e-004
 1.0168218e-003
 1.0461130e-003
 1.0669921e-003
 1.0788431e-003
 1.0850119e-003
 1.0894948e-003
 1.0931012e-003
 1.0923918e-003
 1.0820839e-003
 1.0582597e-003
 1.0201457e-003
 9.7018742e-004
 9.1327063e-004
 8.5538230e-004
 8.0186827e-004
 7.5623672e-004
 7.2068424e-004
 6.9766399e-004
 6.9018337e-004
 6.9975568e-004
 7.2387746e-004
 7.5571227e-004
 7.8630645e-004
 8.0780470e-004
 8.1678183e-004
 8.1691303e-004
 8.1828109e-004
 8.3114539e-004
 8.5761008e-004
 8.8914251e-004
 9.1353216e-004
 9.2491368e-004
 9.2671043e-004
 9.2513137e-004
 9.2154468e-004
 9.1278675e-004
 8.9837878e-004
 8.8513154e-004
 8.8274421e-004
 8.9422980e-004
 9.1045775e-004
 9.1433350e-004
 8.9209806e-004
 8.4367150e-004
 7.8428333e-004
 7.3574344e-004
 7.1360543e-004
 7.1941357e-004
 7.4246421e-004
 7.6782628e-004
 7.8423147e-004
 7.8841735e-004
 7.8612106e-004
 7.8944577e-004
 8.0926920e-004
 8.4589684e-004
 8.8733144e-004
 9.1980008e-004
 9.4056234e-004
 9.5815671e-004
 9.7998581e-004
 1.0025129e-003
 1.0149321e-003
 1.0105041e-003
 9.9281943e-004
 9.7244850e-004
 9.5959863e-004
 9.5899339e-004
 9.6771674e-004
 9.7585301e-004
 9.7299763e-004
 9.5933443e-004
 9.4927574e-004
 9.5849606e-004
 9.8571670e-004
 1.0107772e-003
 1.0123231e-003
 9.8600611e-004
 9.4625389e-004
 9.1363362e-004
 9.0080180e-004
 9.0638216e-004
 9.1826194e-004
 9.2300388e-004
 9.1576792e-004
 9.0381684e-004
 8.9931278e-004
 9.0661185e-004
 9.1805618e-004
 9.2512346e-004
 9.3158381e-004
 9.4972050e-004
 9.8201842e-004
 1.0113724e-003
 1.0142263e-003
 9.8379212e-004
 9.3733665e-004
 8.9953846e-004
 8.8357518e-004
 8.9156744e-004
 9.2370680e-004
 9.7341242e-004
 1.0170210e-003
 1.0251815e-003
 9.9158625e-004
 9.4300043e-004
 9.1440702e-004
 9.1606518e-004
 9.2967681e-004
 9.3542592e-004
 9.3116227e-004
 9.1749919e-004
 8.8043982e-004
 8.1230077e-004
 7.4302201e-004
 7.2289590e-004
 7.6890335e-004
 8.4558851e-004
 9.0336613e-004
 9.2473568e-004
 9.3016744e-004
 9.4749546e-004
 9.8348199e-004
 1.0252438e-003
 1.0606108e-003
 1.0887964e-003
 1.1146021e-003
 1.1406719e-003
 1.1639690e-003
 1.1728724e-003
 1.1508159e-003
 1.0925317e-003
 1.0159882e-003
 9.4957254e-004
 9.0917165e-004
 8.9587230e-004
 9.1038173e-004
 9.5549721e-004
 1.0245888e-003
 1.0981734e-003
 1.1522032e-003
 1.1652438e-003
 1.1274064e-003
 1.0566046e-003
 9.9715532e-004
 9.8043121e-004
 9.9041406e-004
 9.8913838e-004
 9.6788438e-004
 9.4983267e-004
 9.5259561e-004
 9.7618107e-004
 1.0135932e-003
 1.0455444e-003
 1.0448202e-003
 1.0146586e-003
 1.0039113e-003
 1.0475455e-003
 1.1077094e-003
 1.1132410e-003
 1.0517397e-003
 9.8011282e-004
 9.4827981e-004
 9.5372292e-004
 9.6522312e-004
 9.5565390e-004
 9.1496628e-004
 8.5863873e-004
 8.2187139e-004
 8.2416378e-004
 8.4816560e-004
 8.7248819e-004
 9.0360834e-004
 9.5142022e-004
 9.9702459e-004
 1.0134142e-003
 1.0013190e-003
 9.7396504e-004
 9.2406390e-004
 8.4397191e-004
 7.6421822e-004
 7.3390710e-004
 7.6503563e-004
 8.1709330e-004
 8.4845797e-004
 8.5819484e-004
 8.6518767e-004
 8.8048965e-004
 9.1115956e-004
 9.6181978e-004
 1.0174006e-003
 1.0455920e-003
 1.0304449e-003
 9.8888553e-004
 9.4721408e-004
 9.1691088e-004
 8.9783041e-004
 8.8901242e-004
 8.9026237e-004
 9.0468215e-004
 9.4107405e-004
 9.9621725e-004
 1.0346228e-003
 1.0201758e-003
 9.7936695e-004
 9.8905223e-004
 1.0799364e-003
 1.1942340e-003
 1.2563065e-003
 1.2468375e-003
 1.2006768e-003
 1.1725656e-003
 1.2113610e-003
 1.3226480e-003
 1.4343825e-003
 1.4380111e-003
 1.3076193e-003
 1.1669855e-003
 1.2129914e-003
 1.5636169e-003
 2.1014330e-003
 2.4752484e-003
 2.3885653e-003
 1.9106861e-003
 1.4106379e-003
 1.1991384e-003
 1.2888899e-003
 1.4526725e-003
 1.4641024e-003
 1.2809435e-003
 1.0265276e-003
 8.4231980e-004
 7.7656418e-004
 7.8669243e-004
 8.0957997e-004
 8.1610528e-004
 8.1421726e-004
 8.2191959e-004
 8.4559625e-004
 8.7720348e-004
 9.0201764e-004
 9.0615288e-004
 8.8248536e-004
 8.3754485e-004
 7.9478614e-004
 7.8545680e-004
 8.2877313e-004
 9.1732352e-004
 1.0204563e-003
 1.0983744e-003
 1.1156041e-003
 1.0559340e-003
 9.4105961e-004
 8.3409704e-004
 7.9458818e-004
 8.0536108e-004
 8.1303256e-004
 7.9892913e-004
 7.8475563e-004
 8.0330943e-004
 8.6645933e-004
 9.5576327e-004
 1.0426175e-003
 1.1103317e-003
 1.1528815e-003
 1.1635514e-003
 1.1338891e-003
 1.0683374e-003
 1.0050507e-003
 1.0023722e-003
 1.0733115e-003
 1.1566142e-003
 1.1911199e-003
 1.1818184e-003
 1.1558373e-003
 1.1068346e-003
 1.0281040e-003
 9.5514493e-004
 9.3099306e-004
 9.5742784e-004
 1.0058599e-003
 1.0517817e-003
 1.0847180e-003
 1.1092994e-003
 1.1545063e-003
 1.2570758e-003
 1.4030873e-003
 1.5143480e-003
 1.5365817e-003
 1.5016507e-003
 1.4575532e-003
 1.3945400e-003
 1.2920668e-003
 1.1861661e-003
 1.1401564e-003
 1.1746853e-003
 1.2380478e-003
 1.2539164e-003
 1.2005292e-003
 1.1255845e-003
 1.1243561e-003
 1.2170343e-003
 1.2967396e-003
 1.2843601e-003
 1.2003016e-003
 1.0931167e-003
 1.0073781e-003
 9.8312681e-004
 1.0446018e-003
 1.1694869e-003
 1.2907590e-003
 1.3470247e-003
 1.3347671e-003
 1.3063790e-003
 1.3154796e-003
 1.3651407e-003
 1.4079318e-003
 1.3927869e-003
 1.3073450e-003
 1.1791661e-003
 1.0478692e-003
 9.4857003e-004
 9.0908154e-004
 9.4374339e-004
 1.0360359e-003
 1.1436688e-003
 1.2260558e-003
 1.2606252e-003
 1.2434906e-003
 1.1814608e-003
 1.1047493e-003
 1.0098682e-003
 9.3824125e-004
 9.1174449e-004
 9.1996964e-004
 9.3955657e-004
 9.4710907e-004
 9.2456111e-004
 8.8884810e-004
 8.7101286e-004
 9.0214500e-004
 1.0036353e-003
 1.1330850e-003
 1.2222922e-003
 1.2029710e-003
 1.0295962e-003
 8.0701790e-004
 7.0109579e-004
 8.7790925e-004
 1.4636320e-003
 2.3202470e-003
 3.3345304e-003
 3.9354553e-003
 4.0372028e-003
 3.6169982e-003
 2.8660530e-003
 1.9845976e-003
 1.1732201e-003
 6.2592817e-004
 3.9507929e-004
 3.9244586e-004
 5.2370061e-004
 6.9450022e-004
 8.1317028e-004
 8.4657001e-004
 8.1938173e-004
 7.5873313e-004
 6.9173501e-004
 6.4483623e-004
 6.2918116e-004
 6.4094964e-004
 6.7569158e-004
 7.2894664e-004
 7.9626625e-004
 8.7145576e-004
 9.4149489e-004
 9.9174737e-004
 1.0075503e-003
 9.7425445e-004
 8.7721669e-004
 7.1356678e-004
 5.2592065e-004
 3.6774279e-004
 2.9257307e-004
 3.5390287e-004
 6.0521928e-004
 1.1000159e-003
 1.8673922e-003
 2.8427560e-003
 3.9396682e-003
 5.0712097e-003
 6.1509786e-003
 7.0920610e-003
 7.8080087e-003
 8.2119936e-003
 8.2454141e-003
 7.9550119e-003
 7.4123191e-003
 6.6890572e-003
 5.8566560e-003
 4.9869069e-003
 4.1512996e-003
 3.4213401e-003
 2.8519370e-003
 2.4348369e-003
 2.1473758e-003
 1.9667195e-003
 1.8701481e-003
 1.8348722e-003
 1.8381381e-003
 1.8571800e-003
 1.8734699e-003
 1.8841184e-003
 1.8898324e-003
 1.8913227e-003
 1.8892984e-003
 1.8844692e-003
 1.8775436e-003
 1.8692323e-003
 1.8602435e-003
 1.8512883e-003
 1.8430740e-003
 1.8363120e-003
 1.8315315e-003
 1.8286149e-003
 1.8272961e-003
 1.8273096e-003
 1.8283899e-003
 1.8302714e-003
 1.8326886e-003
 1.8353760e-003
 1.8380677e-003
 1.8404984e-003
 1.8424024e-003
 1.8435145e-003
 1.8436521e-003
 1.8429320e-003
 1.8415367e-003
 1.8396494e-003
 1.8374526e-003
 1.8351289e-003
 1.8328618e-003
 1.8308335e-003
 1.8292272e-003
 1.8282254e-003
 1.8280109e-003
 1.8286844e-003
 1.8300568e-003
 1.8318752e-003
 1.8338878e-003
 1.8358412e-003
 1.8374836e-003
 1.8385617e-003
 1.8388237e-003
 1.8380166e-003
 1.8358878e-003
 1.8323021e-003
 1.8275290e-003
 1.8219248e-003
 1.8158481e-003
 1.8096546e-003
 1.8037034e-003
 1.7983500e-003
 1.7939531e-003
 1.7908688e-003
 1.7894553e-003
 1.7899346e-003
 1.7920692e-003
 1.7955236e-003
 1.7999611e-003
 1.8050466e-003
 1.8104435e-003
 1.8158158e-003
 1.8208290e-003
 1.8251453e-003
 1.8284305e-003
 1.8304415e-003
 1.8312554e-003
 1.8310150e-003
 1.8298631e-003
 1.8279431e-003
 1.8253978e-003
 1.8223708e-003
 1.8190045e-003
 1.8154427e-003
 1.8118032e-003
 1.8081206e-003
 1.8044140e-003
 1.8007002e-003
 1.7969979e-003
 1.7933245e-003
 1.7896986e-003
 1.7861372e-003
 1.7826866e-003
 1.7794798e-003
 1.7766708e-003
 1.7744119e-003
 1.7728559e-003
 1.7721561e-003
 1.7724650e-003
 1.7739352e-003
 1.7766285e-003
 1.7803063e-003
 1.7846711e-003
 1.7894234e-003
 1.7942656e-003
 1.7988981e-003
 1.8030237e-003
 1.8063426e-003
 1.8086623e-003
 1.8101268e-003
 1.8109494e-003
 1.8112910e-003
 1.8115024e-003
 1.8117602e-003
 1.8121845e-003
 1.8127598e-003
 1.8133359e-003
 1.8136748e-003
 1.8134979e-003
 1.8125296e-003
 1.8105744e-003
 1.8076418e-003
 1.8040218e-003
 1.8002028e-003
 1.7967472e-003
 1.7941955e-003
 1.7929607e-003
 1.7932139e-003
 1.7948498e-003
 1.7975544e-003
 1.8009158e-003
 1.8045122e-003
 1.8079864e-003
 1.8111063e-003
 1.8137869e-003
 1.8160567e-003
 1.8179966e-003
 1.8196753e-003
 1.8210823e-003
 1.8220708e-003
 1.8223410e-003
 1.8214801e-003
 1.8190542e-003
 1.8147514e-003
 1.8085730e-003
 1.8010074e-003
 1.7930764e-003
 1.7862078e-003
 1.7819459e-003
 1.7815359e-003
 1.7854291e-003
 1.7914948e-003
 1.7890675e-003
 1.7851630e-003
 1.7793291e-003
 1.7713697e-003
 1.7614446e-003
 1.7501059e-003
 1.7382680e-003
 1.7271307e-003
 1.7179981e-003
 1.7120617e-003
 1.7101642e-003
 1.7126130e-003
 1.7191041e-003
 1.7288222e-003
 1.7406370e-003
 1.7533152e-003
 1.7657337e-003
 1.7770140e-003
 1.7866001e-003
 1.7942573e-003
 1.8000086e-003
 1.8040617e-003
 1.8067212e-003
 1.8083173e-003
 1.8091616e-003
 1.8095169e-003
 1.8095755e-003
 1.8094567e-003
 1.8092212e-003
 1.8088907e-003
 1.8084684e-003
 1.8079510e-003
 1.8073332e-003
 1.8066047e-003
 1.8057467e-003
 1.8047309e-003
 1.8035216e-003
 1.8020857e-003
 1.8004056e-003
 1.7984937e-003
 1.7964056e-003
 1.7942445e-003
 1.7921549e-003
 1.7903093e-003
 1.7888807e-003
 1.7880154e-003
 1.7878051e-003
 1.7882687e-003
 1.7893476e-003
 1.7909178e-003
 1.7928127e-003
 1.7948539e-003
 1.7968828e-003
 1.7987795e-003
 1.8004734e-003
 1.8019355e-003
 1.8031618e-003
 1.8041532e-003
 1.8048952e-003
 1.8053496e-003
 1.8054558e-003
 1.8051452e-003
 1.8043619e-003
 1.8030860e-003
 1.8013521e-003
 1.7992569e-003
 1.7969576e-003
 1.7946537e-003
 1.7925627e-003
 1.7908873e-003
 1.7897829e-003
 1.7893323e-003
 1.7895277e-003
 1.7902666e-003
 1.7913583e-003
 1.7925431e-003
 1.7935140e-003
 1.7939454e-003
 1.7935173e-003
 1.7919409e-003
 1.7889827e-003
 1.7844914e-003
 1.7784239e-003
 1.7708773e-003
 1.7621107e-003
 1.7525485e-003
 1.7427657e-003
 1.7334307e-003
 1.7252127e-003
 1.7186778e-003
 1.7141707e-003
 1.7117375e-003
 1.7110972e-003
 1.7116889e-003
 1.7127907e-003
 1.7136849e-003
 1.7138320e-003
 1.7130083e-003
 1.7113647e-003
 1.7093932e-003
 1.7078028e-003
 1.7073423e-003
 1.7086157e-003
 1.7119388e-003
 1.7172731e-003
 1.7242525e-003
 1.7322775e-003
 1.7406587e-003
 1.7487613e-003
 1.7561056e-003
 1.7624247e-003
 1.7676509e-003
 1.7718680e-003
 1.7752410e-003
 1.7779481e-003
 1.7801378e-003
 1.7819148e-003
 1.7833472e-003
 1.7844911e-003
 1.7854128e-003
 1.7862032e-003
 1.7869771e-003
 1.7878572e-003
 1.7889517e-003
 1.7903280e-003
 1.7919904e-003
 1.7938697e-003
 1.7958180e-003
 1.7976199e-003
 1.7990072e-003
 1.7996838e-003
 1.7993548e-003
 1.7977582e-003
 1.7946976e-003
 1.7900752e-003
 1.7839166e-003
 1.7763854e-003
 1.7677887e-003
 1.7585631e-003
 1.7492394e-003
 1.7404062e-003
 1.7326466e-003
 1.7264900e-003
 1.7223558e-003
 1.7205139e-003
 1.7210650e-003
 1.7239348e-003
 1.7288905e-003
 1.7355697e-003
 1.7435258e-003
 1.7522675e-003
 1.7613095e-003
 1.7702021e-003
 1.7785599e-003
 1.7860783e-003
 1.7925288e-003
 1.7977601e-003
 1.8016833e-003
 1.8042648e-003
 1.8055202e-003
 1.8055112e-003
 1.8043490e-003
 1.8021979e-003
 1.7992775e-003
 1.7958584e-003
 1.7922532e-003
 1.7887962e-003
 1.7858138e-003
 1.7835959e-003
 1.7823598e-003
 1.7822251e-003
 1.7831959e-003
 1.7851598e-003
 1.7879020e-003
 1.7911380e-003
 1.7945523e-003
 1.7978444e-003
 1.8007675e-003
 1.8031510e-003
 1.8049069e-003
 1.8060104e-003
 1.8064659e-003
 1.8062597e-003
 1.8053154e-003
 1.8034623e-003
 1.8004315e-003
 1.7958877e-003
 1.7894920e-003
 1.7810017e-003
 1.7703754e-003
 1.7578620e-003
 1.7440632e-003
 1.7299119e-003
 1.7165998e-003
 1.7054200e-003
 1.6975674e-003
 1.6939455e-003
 1.6949966e-003
 1.7006182e-003
 1.7101699e-003
 1.7225848e-003
 1.7365373e-003
 1.7506641e-003
 1.7637491e-003
 1.7748766e-003
 1.7835114e-003
 1.7894915e-003
 1.7929792e-003
 1.7943608e-003
 1.7941463e-003
 1.7928751e-003
 1.7910470e-003
 1.7890806e-003
 1.7872928e-003
 1.7858982e-003
 1.7850149e-003
 1.7846773e-003
 1.7848507e-003
 1.7854499e-003
 1.7863603e-003
 1.7874606e-003
 1.7886457e-003
 1.7898446e-003
 1.7910303e-003
 1.7922187e-003
 1.7934559e-003
 1.7947976e-003
 1.7962820e-003
 1.7979074e-003
 1.7996137e-003
 1.8012794e-003
 1.8027293e-003
 1.8037595e-003
 1.8041700e-003
 1.8038036e-003
 1.8025810e-003
 1.8005266e-003
 1.7977781e-003
 1.7945743e-003
 1.7912282e-003
 1.7880807e-003
 1.7854483e-003
 1.7835761e-003
 1.7825959e-003
 1.7825075e-003
 1.7831770e-003
 1.7843558e-003
 1.7857143e-003
 1.7868853e-003
 1.7875094e-003
 1.7872787e-003
 1.7859730e-003
 1.7834888e-003
 1.7798553e-003
 1.7752422e-003
 1.7699505e-003
 1.7643886e-003
 1.7590378e-003
 1.7543961e-003
 1.7509230e-003
 1.7489761e-003
 1.7487598e-003
 1.7502946e-003
 1.7534096e-003
 1.7577676e-003
 1.7629120e-003
 1.7683372e-003
 1.7735565e-003
 1.7781691e-003
 1.7819069e-003
 1.7846524e-003
 1.7864353e-003
 1.7874016e-003
 1.7877703e-003
 1.7877790e-003
 1.7876324e-003
 1.7874567e-003
 1.7872698e-003
 1.7869681e-003
 1.7863341e-003
 1.7850669e-003
 1.7828315e-003
 1.7793246e-003
 1.7743444e-003
 1.7678482e-003
 1.7599917e-003
 1.7511166e-003
 1.7417020e-003
 1.7322627e-003
 1.7232215e-003
 1.7147964e-003
 1.7069221e-003
 1.6992477e-003
 1.6912364e-003
 1.6823312e-003
 1.6721797e-003
 1.6608336e-003
 1.6488670e-003
 1.6373827e-003
 1.6278530e-003
 1.6218632e-003
 1.6207804e-003
 1.6254511e-003
 1.6359980e-003
 1.6517724e-003
 1.6714589e-003
 1.6933193e-003
 1.7155115e-003
 1.7363728e-003
 1.7546677e-003
 1.7696838e-003
 1.7812370e-003
 1.7895722e-003
 1.7952005e-003
 1.7987384e-003
 1.8007656e-003
 1.8017254e-003
 1.8018757e-003
 1.8012793e-003
 1.7998252e-003
 1.7972715e-003
 1.7933069e-003
 1.7876256e-003
 1.7800194e-003
 1.7704698e-003
 1.7592246e-003
 1.7468514e-003
 1.7342201e-003
 1.7224364e-003
 1.7126995e-003
 1.7061174e-003
 1.7035264e-003
 1.7053325e-003
 1.7114348e-003
 1.7212339e-003
 1.7337414e-003
 1.7477421e-003
 1.7619942e-003
 1.7754149e-003
 1.7871968e-003
 1.7968765e-003
 1.8043091e-003
 1.8096052e-003
 1.8130365e-003
 1.8149383e-003
 1.8156398e-003
 1.8154237e-003
 1.8145182e-003
 1.8131100e-003
 1.8113670e-003
 1.8094580e-003
 1.8075616e-003
 1.8058616e-003
 1.8045285e-003
 1.8036984e-003
 1.8034487e-003
 1.8037837e-003
 1.8046314e-003
 1.8058539e-003
 1.8072699e-003
 1.8086864e-003
 1.8099312e-003
 1.8108815e-003
 1.8114818e-003
 1.8117474e-003
 1.8117557e-003
 1.8116249e-003
 1.8114879e-003
 1.8114665e-003
 1.8116506e-003
 1.8120867e-003
 1.8127768e-003
 1.8136859e-003
 1.8147551e-003
 1.8159177e-003
 1.8171117e-003
 1.8182904e-003
 1.8194237e-003
 1.8204964e-003
 1.8214990e-003
 1.8224193e-003
 1.8232355e-003
 1.8239110e-003
 1.8243991e-003
 1.8246511e-003
 1.8246303e-003
 1.8243252e-003
 1.8237616e-003
 1.8230057e-003
 1.8221599e-003
 1.8213487e-003
 1.8206991e-003
 1.8203182e-003
 1.8202729e-003
 1.8205768e-003
 1.8211873e-003
 1.8220119e-003
 1.8229247e-003
 1.8237900e-003
 1.8244869e-003
 1.8249308e-003
 1.8250896e-003
 1.8249879e-003
 1.8247013e-003
 1.8243392e-003
 1.8240222e-003
 1.8238567e-003
 1.8239138e-003
 1.8242146e-003
 1.8247291e-003
 1.8253840e-003
 1.8260799e-003
 1.8267132e-003
 1.8271975e-003
 1.8274797e-003
 1.8275472e-003
 1.8274260e-003
 1.8271704e-003
 1.8268465e-003
 1.8265146e-003
 1.8262139e-003
 1.8259537e-003
 1.8257127e-003
 1.8254479e-003
 1.8251091e-003
 1.8246586e-003
 1.8240870e-003
 1.8234239e-003
 1.8227383e-003
 1.8221284e-003
 1.8217023e-003
 1.8215552e-003
 1.8217480e-003
 1.8222925e-003
 1.8231485e-003
 1.8242309e-003
 1.8254264e-003
 1.8266148e-003
 1.8276895e-003
 1.8285720e-003
 1.8292209e-003
 1.8296310e-003
 1.8298278e-003
 1.8298583e-003
 1.8297813e-003
 1.8296600e-003
 1.8295553e-003
 1.8295209e-003
 1.8296008e-003
 1.8298232e-003
 1.8301981e-003
 1.8307118e-003
 1.8313265e-003
 1.8319814e-003
 1.8325988e-003
 1.8330947e-003
 1.8333918e-003
 1.8334326e-003
 1.8331908e-003
 1.8326788e-003
 1.8319470e-003
 1.8310781e-003
 1.8301741e-003
 1.8293399e-003
 1.8286651e-003
 1.8282086e-003
 1.8279871e-003
 1.8279732e-003
 1.8280986e-003
 1.8282685e-003
 1.8283793e-003
 1.8283391e-003
 1.8280852e-003
 1.8275977e-003
 1.8269042e-003
 1.8260760e-003
 1.8252181e-003
 1.8244551e-003
 1.8239147e-003
 1.8237142e-003
 1.8239500e-003
 1.8246915e-003
 1.8259791e-003
 1.8278244e-003
 1.8302109e-003
 1.8330970e-003
 1.8364146e-003
 1.8400700e-003
 1.8439458e-003
 1.8478989e-003
 1.8517661e-003
 1.8553713e-003
 1.8585321e-003
 1.8610761e-003
 1.8628530e-003
 1.8637507e-003
 1.8637100e-003
 1.8627330e-003
 1.8608884e-003
 1.8583096e-003
 1.8551843e-003
 1.8517380e-003
 1.8482148e-003
 1.8448507e-003
 1.8418547e-003
 1.8393871e-003
 1.8375474e-003
 1.8363720e-003
 1.8358378e-003
 1.8358767e-003
 1.8363930e-003
 1.8372823e-003
 1.8384471e-003
 1.8398048e-003
 1.8412906e-003
 1.8428497e-003
 1.8444291e-003
 1.8459663e-003
 1.8473843e-003
 1.8485942e-003
 1.8495028e-003
 1.8500251e-003
 1.8500950e-003
 1.8496715e-003
 1.8487484e-003
 1.8473645e-003
 1.8456039e-003
 1.8435932e-003
 1.8414884e-003
 1.8394551e-003
 1.8376487e-003
 1.8361934e-003
 1.8351693e-003
 1.8346021e-003
 1.8344665e-003
 1.8347013e-003
 1.8352268e-003
 1.8359621e-003
 1.8368384e-003
 1.8378077e-003
 1.8388444e-003
 1.8399423e-003
 1.8411087e-003
 1.8423529e-003
 1.8436781e-003
 1.8450700e-003
 1.8464939e-003
 1.8478942e-003
 1.8491984e-003
 1.8503269e-003
 1.8512022e-003
 1.8517583e-003
 1.8519490e-003
 1.8517466e-003
 1.8511401e-003
 1.8501288e-003
 1.8487162e-003
 1.8469008e-003
 1.8446697e-003
 1.8419941e-003
 1.8388270e-003
 1.8351013e-003
 1.8307312e-003
 1.8256244e-003
 1.8196971e-003
 1.8128935e-003
 1.8052200e-003
 1.7967694e-003
 1.7877583e-003
 1.7785423e-003
 1.7696061e-003
 1.7615324e-003
 1.7549330e-003
 1.7503833e-003
 1.7483421e-003
 1.7490889e-003
 1.7526851e-003
 1.7589693e-003
 1.7675604e-003
 1.7778920e-003
 1.7892823e-003
 1.8010045e-003
 1.8123807e-003
 1.8228454e-003
 1.8320017e-003
 1.8396461e-003
 1.8457518e-003
 1.8504369e-003
 1.8539167e-003
 1.8564445e-003
 1.8582651e-003
 1.8595763e-003
 1.8605096e-003
 1.8611276e-003
 1.8614337e-003
 1.8613952e-003
 1.8609661e-003
 1.8601109e-003
 1.8588217e-003
 1.8571267e-003
 1.8550897e-003
 1.8528037e-003
 1.8503785e-003
 1.8479256e-003
 1.8455486e-003
 1.8433330e-003
 1.8413439e-003
 1.8396287e-003
 1.8382210e-003
 1.8371516e-003
 1.8364534e-003
 1.8361674e-003
 1.8363408e-003
 1.8370191e-003
 1.8382332e-003
 1.8399804e-003
 1.8422065e-003
 1.8447880e-003
 1.8475273e-003
 1.8501548e-003
 1.8523493e-003
 1.8537717e-003
 1.8541085e-003
 1.8531204e-003
 1.8506878e-003
 1.8468437e-003
 1.8417854e-003
 1.8358676e-003
 1.8295649e-003
 1.8234234e-003
 1.8179963e-003
 1.8137781e-003
 1.8111545e-003
 1.8103626e-003
 1.8114767e-003
 1.8144144e-003
 1.8189633e-003
 1.8248159e-003
 1.8316120e-003
 1.8389814e-003
 1.8465708e-003
 1.8540719e-003
 1.8612265e-003
 1.8678313e-003
 1.8737349e-003
 1.8788247e-003
 1.8830238e-003
 1.8862790e-003
 1.8885589e-003
 1.8898528e-003
 1.8901709e-003
 1.8895465e-003
 1.8880381e-003
 1.8857300e-003
 1.8827284e-003
 1.8791539e-003
 1.8751253e-003
 1.8707508e-003
 1.8661141e-003
 1.8612648e-003
 1.8562173e-003
 1.8509476e-003
 1.8454052e-003
 1.8395260e-003
 1.8332532e-003
 1.8265708e-003
 1.8195335e-003
 1.8122934e-003
 1.8051259e-003
 1.7984230e-003
 1.7926791e-003
 1.7884426e-003
 1.7862492e-003
 1.7865464e-003
 1.7896143e-003
 1.7954990e-003
 1.8039834e-003
 1.8146179e-003
 1.8267657e-003
 1.8396886e-003
 1.8526217e-003
 1.8648565e-003
 1.8758093e-003
 1.8850495e-003
 1.8923247e-003
 1.8975548e-003
 1.9008187e-003
 1.9023205e-003
 1.9023480e-003
 1.9012322e-003
 1.8993091e-003
 1.8968926e-003
 1.8942528e-003
 1.8916089e-003
 1.8891261e-003
 1.8869194e-003
 1.8850606e-003
 1.8835831e-003
 1.8824899e-003
 1.8817569e-003
 1.8813382e-003
 1.8811714e-003
 1.8811827e-003
 1.8812929e-003
 1.8814240e-003
 1.8815057e-003
 1.8814802e-003
 1.8813070e-003
 1.8809640e-003
 1.8804496e-003
 1.8797799e-003
 1.8789879e-003
 1.8781211e-003
 1.8772379e-003
 1.8764071e-003
 1.8757038e-003
 1.8752087e-003
 1.8750038e-003
 1.8751699e-003
 1.8757815e-003
 1.8769021e-003
 1.8785793e-003
 1.8808399e-003
 1.8836878e-003
 1.8870994e-003
 1.8910260e-003
 1.8953920e-003
 1.9000964e-003
 1.9050174e-003
 1.9100092e-003
 1.9149095e-003
 1.9195388e-003
 1.9237086e-003
 1.9272312e-003
 1.9299304e-003
 1.9316607e-003
 1.9323236e-003
 1.9318876e-003
 1.9304025e-003
 1.9280072e-003
 1.9249273e-003
 1.9214584e-003
 1.9179418e-003
 1.9147252e-003
 1.9121221e-003
 1.9103693e-003
 1.9095910e-003
 1.9097782e-003
 1.9107837e-003
 1.9123374e-003
 1.9140812e-003
 1.9156178e-003
 1.9165674e-003
 1.9166246e-003
 1.9156062e-003
 1.9134835e-003
 1.9103908e-003
 1.9066151e-003
 1.9025578e-003
 1.8986856e-003
 1.8954678e-003
 1.8933135e-003
 1.8925214e-003
 1.8932400e-003
 1.8954534e-003
 1.8989872e-003
 1.9035377e-003
 1.9087105e-003
 1.9140693e-003
 1.9191875e-003
 1.9236848e-003
 1.9272635e-003
 1.9297214e-003
 1.9309639e-003
 1.9310005e-003
 1.9299344e-003
 1.9279489e-003
 1.9252931e-003
 1.9222667e-003
 1.9192027e-003
 1.9164486e-003
 1.9143411e-003
 1.9131881e-003
 1.9132458e-003
 1.9146983e-003
 1.9176397e-003
 1.9220650e-003
 1.9278682e-003
 1.9348379e-003
 1.9426496e-003
 1.9508686e-003
 1.9589739e-003
 1.9663961e-003
 1.9725601e-003
 1.9769482e-003
 1.9791580e-003
 1.9789597e-003
 1.9763161e-003
 1.9713868e-003
 1.9661500e-003
 1.9571059e-003
 1.9470705e-003
 1.9365981e-003
 1.9261966e-003
 1.9162741e-003
 1.9071187e-003
 1.8989027e-003
 1.8917120e-003
 1.8855894e-003
 1.8805530e-003
 1.8766124e-003
 1.8737657e-003
 1.8719912e-003
 1.8712401e-003
 1.8714285e-003
 1.8724347e-003
 1.8741009e-003
 1.8762421e-003
 1.8786561e-003
 1.8811333e-003
 1.8834663e-003
 1.8854581e-003
 1.8869402e-003
 1.8877902e-003
 1.8879506e-003
 1.8874375e-003
 1.8863332e-003
 1.8847674e-003
 1.8828991e-003
 1.8809000e-003
 1.8789434e-003
 1.8771965e-003
 1.8758083e-003
 1.8749001e-003
 1.8745535e-003
 1.8748074e-003
 1.8756621e-003
 1.8770890e-003
 1.8790428e-003
 1.8814687e-003
 1.8843100e-003
 1.8875089e-003
 1.8910076e-003
 1.8947524e-003
 1.8986899e-003
 1.9027721e-003
 1.9069525e-003
 1.9111859e-003
 1.9154307e-003
 1.9196429e-003
 1.9237803e-003
 1.9277973e-003
 1.9316439e-003
 1.9352647e-003
 1.9385933e-003
 1.9415542e-003
 1.9440617e-003
 1.9460231e-003
 1.9473429e-003
 1.9479243e-003
 1.9476746e-003
 1.9465126e-003
 1.9443816e-003
 1.9412638e-003
 1.9371964e-003
 1.9322769e-003
 1.9266554e-003
 1.9205243e-003
 1.9140966e-003
 1.9075978e-003
 1.9012523e-003
 1.8952704e-003
 1.8898378e-003
 1.8850913e-003
 1.8811069e-003
 1.8778909e-003
 1.8753858e-003
 1.8734891e-003
 1.8720700e-003
 1.8709865e-003
 1.8700960e-003
 1.8692666e-003
 1.8683934e-003
 1.8674146e-003
 1.8663282e-003
 1.8651984e-003
 1.8641487e-003
 1.8633467e-003
 1.8629855e-003
 1.8632686e-003
 1.8643957e-003
 1.8665476e-003
 1.8698617e-003
 1.8744026e-003
 1.8801388e-003
 1.8869276e-003
 1.8945321e-003
 1.9026404e-003
 1.9108980e-003
 1.9189354e-003
 1.9263810e-003
 1.9328903e-003
 1.9381677e-003
 1.9420061e-003
 1.9443181e-003
 1.9451469e-003
 1.9446552e-003
 1.9430929e-003
 1.9407623e-003
 1.9379881e-003
 1.9350983e-003
 1.9324023e-003
 1.9301685e-003
 1.9285954e-003
 1.9277851e-003
 1.9277351e-003
 1.9283462e-003
 1.9294500e-003
 1.9308353e-003
 1.9322734e-003
 1.9335329e-003
 1.9343974e-003
 1.9346845e-003
 1.9342690e-003
 1.9331038e-003
 1.9312283e-003
 1.9287606e-003
 1.9258749e-003
 1.9227812e-003
 1.9197030e-003
 1.9168654e-003
 1.9144794e-003
 1.9127243e-003
 1.9117267e-003
 1.9115401e-003
 1.9121383e-003
 1.9134223e-003
 1.9152403e-003
 1.9174083e-003
 1.9197285e-003
 1.9220029e-003
 1.9240445e-003
 1.9256952e-003
 1.9268438e-003
 1.9274437e-003
 1.9275194e-003
 1.9271600e-003
 1.9265016e-003
 1.9257087e-003
 1.9249581e-003
 1.9244265e-003
 1.9242789e-003
 1.9246531e-003
 1.9256407e-003
 1.9272704e-003
 1.9295025e-003
 1.9322331e-003
 1.9353143e-003
 1.9385690e-003
 1.9418087e-003
 1.9448458e-003
 1.9475024e-003
 1.9496278e-003
 1.9511163e-003
 1.9519215e-003
 1.9520652e-003
 1.9516284e-003
 1.9507376e-003
 1.9495451e-003
 1.9482155e-003
 1.9469135e-003
 1.9457948e-003
 1.9449923e-003
 1.9446010e-003
 1.9446642e-003
 1.9451678e-003
 1.9460465e-003
 1.9471962e-003
 1.9484910e-003
 1.9497942e-003
 1.9509691e-003
 1.9518861e-003
 1.9524348e-003
 1.9525364e-003
 1.9521548e-003
 1.9513018e-003
 1.9500317e-003
 1.9484314e-003
 1.9466052e-003
 1.9446671e-003
 1.9427318e-003
 1.9409076e-003
 1.9392897e-003
 1.9379491e-003
 1.9369249e-003
 1.9362210e-003
 1.9358087e-003
 1.9356359e-003
 1.9356366e-003
 1.9357384e-003
 1.9358679e-003
 1.9359567e-003
 1.9359464e-003
 1.9357973e-003
 1.9354937e-003
 1.9350470e-003
 1.9344933e-003
 1.9338866e-003
 1.9332914e-003
 1.9327770e-003
 1.9324110e-003
 1.9322551e-003
 1.9323555e-003
 1.9327331e-003
 1.9333743e-003
 1.9342280e-003
 1.9352081e-003
 1.9362041e-003
 1.9370896e-003
 1.9377333e-003
 1.9380060e-003
 1.9377904e-003
 1.9369961e-003
 1.9355768e-003
 1.9335476e-003
 1.9309893e-003
 1.9280432e-003
 1.9248970e-003
 1.9217620e-003
 1.9188621e-003
 1.9164186e-003
 1.9146395e-003
 1.9136976e-003
 1.9137097e-003
 1.9147156e-003
 1.9166702e-003
 1.9194520e-003
 1.9228811e-003
 1.9267459e-003
 1.9308187e-003
 1.9348715e-003
 1.9386833e-003
 1.9420611e-003
 1.9448533e-003
 1.9469638e-003
 1.9483618e-003
 1.9490727e-003
 1.9491640e-003
 1.9487288e-003
 1.9478718e-003
 1.9467016e-003
 1.9453235e-003
 1.9438354e-003
 1.9423203e-003
 1.9408435e-003
 1.9394483e-003
 1.9381585e-003
 1.9369852e-003
 1.9359295e-003
 1.9349891e-003
 1.9341605e-003
 1.9334392e-003
 1.9328209e-003
 1.9323024e-003
 1.9318812e-003
 1.9315558e-003
 1.9313254e-003
 1.9311901e-003
 1.9311504e-003
 1.9312067e-003
 1.9313591e-003
 1.9316066e-003
 1.9319464e-003
 1.9323725e-003
 1.9328737e-003
 1.9334344e-003
 1.9340342e-003
 1.9346490e-003
 1.9352532e-003
 1.9358204e-003
 1.9363245e-003
 1.9367418e-003
 1.9370532e-003
 1.9372470e-003
 1.9373223e-003
 1.9372897e-003
 1.9371699e-003
 1.9369919e-003
 1.9367887e-003
 1.9365951e-003
 1.9364455e-003
 1.9363711e-003
 1.9363951e-003
 1.9365286e-003
 1.9367653e-003
 1.9370802e-003
 1.9374313e-003
 1.9377639e-003
 1.9380162e-003
 1.9381237e-003
 1.9380245e-003
 1.9376653e-003
 1.9370110e-003
 1.9360589e-003
 1.9348478e-003
 1.9334636e-003
 1.9320357e-003
 1.9307235e-003
 1.9297050e-003
 1.9291650e-003
 1.9292842e-003
 1.9302251e-003
 1.9321116e-003
 1.9350006e-003
 1.9388616e-003
 1.9435665e-003
 1.9488947e-003
 1.9545639e-003
 1.9602519e-003
 1.9656213e-003
 1.9703326e-003
 1.9740709e-003
 1.9765678e-003
 1.9776309e-003
 1.9771776e-003
 1.9752418e-003
 1.9719668e-003
 1.9675724e-003
 1.9623248e-003
 1.9565159e-003
 1.9504379e-003
 1.9443739e-003
 1.9385805e-003
 1.9332741e-003
 1.9286076e-003
 1.9246680e-003
 1.9214858e-003
 1.9190441e-003
 1.9173005e-003
 1.9162005e-003
 1.9156828e-003
 1.9156844e-003
 1.9161406e-003
 1.9169839e-003
 1.9181443e-003
 1.9195488e-003
 1.9211206e-003
 1.9227811e-003
 1.9244514e-003
 1.9260511e-003
 1.9275023e-003
 1.9287319e-003
 1.9296753e-003
 1.9302847e-003
 1.9305329e-003
 1.9304166e-003
 1.9299539e-003
 1.9291787e-003
 1.9281338e-003
 1.9268678e-003
 1.9254304e-003
 1.9238727e-003
 1.9222479e-003
 1.9206103e-003
 1.9190171e-003
 1.9175278e-003
 1.9162061e-003
 1.9151160e-003
 1.9143228e-003
 1.9138926e-003
 1.9138879e-003
 1.9143663e-003
 1.9153728e-003
 1.9169324e-003
 1.9190433e-003
 1.9216719e-003
 1.9247588e-003
 1.9282238e-003
 1.9319759e-003
 1.9359159e-003
 1.9399464e-003
 1.9439745e-003
 1.9479125e-003
 1.9516911e-003
 1.9552615e-003
 1.9585947e-003
 1.9616850e-003
 1.9645414e-003
 1.9671824e-003
 1.9696315e-003
 1.9719226e-003
 1.9741042e-003
 1.9762553e-003
 1.9785073e-003
 1.9810623e-003
 1.9841979e-003
 1.9882624e-003
 1.9936559e-003
 2.0008092e-003
 2.0101564e-003
 2.0221239e-003
 2.0370930e-003
 2.0553372e-003
 2.0769751e-003
 2.1019066e-003
 2.1297671e-003
 2.1599871e-003
 2.1918358e-003
 2.2244623e-003
 2.2569962e-003
 2.2885604e-003
 2.3183278e-003
 2.3455494e-003
 2.3696651e-003
 2.3903397e-003
 2.4074758e-003
 2.4212184e-003
 2.4318774e-003
 2.4398570e-003
 2.4456214e-003
 2.4496601e-003
 2.4524878e-003
 2.4546587e-003
 2.4567933e-003
 2.4596003e-003
 2.4638828e-003
 2.4705329e-003
 2.4805092e-003
 2.4947966e-003
 2.5143893e-003
 2.5402424e-003
 2.5731667e-003
 2.6137310e-003
 2.6620654e-003
 2.7177271e-003
 2.7795823e-003
 2.8459502e-003
 2.9147225e-003
 2.9834877e-003
 3.0497829e-003
 3.1111769e-003
 3.1653889e-003
 3.2106088e-003
 3.2457234e-003
 3.2705925e-003
 3.2861314e-003
 3.2942421e-003
 3.2975320e-003
 3.2990293e-003
 3.3019467e-003
 3.3094939e-003
 3.3246821e-003
 3.3500844e-003
 3.3875366e-003
 3.4378334e-003
 3.5006723e-003
 3.5747297e-003
 3.6579573e-003
 3.7478027e-003
 3.8415750e-003
 3.9365711e-003
 4.0301732e-003
 4.1201976e-003
 4.2050737e-003
 4.2840084e-003
 4.3571992e-003
 4.4256607e-003
 4.4910400e-003
 4.5553078e-003
 4.6206522e-003
 4.6893014e-003
 4.7633685e-003
 4.8448429e-003
 4.9354234e-003
 5.0363373e-003
 5.1484290e-003
 5.2721468e-003
 5.4075508e-003
 5.5546002e-003
 5.7131131e-003
 5.8828383e-003
 6.0631945e-003
 6.2533263e-003
 6.4517325e-003
 6.6558858e-003
 6.8624197e-003
 7.0670820e-003
 7.2648269e-003
 7.4503780e-003
 7.6182783e-003
 7.7632028e-003
 7.8801531e-003
 7.9651512e-003
 8.0157183e-003
 8.0314176e-003
 8.0141481e-003
 7.9678502e-003
 7.8980271e-003
 7.8110588e-003
 7.7137016e-003
 7.6127886e-003
 7.5147003e-003
 7.4249571e-003
 7.3475754e-003
 7.2846017e-003
 7.2357864e-003
 7.1988679e-003
 7.1701203e-003
 7.1448996e-003
 7.1181529e-003
 7.0847608e-003
 7.0397537e-003
 6.9786133e-003
 6.8975622e-003
 6.7939181e-003
 6.6660941e-003
 6.5135187e-003
 6.3364999e-003
 6.1357059e-003
 5.9120343e-003
 5.6667207e-003
 5.4010791e-003
 5.1168990e-003
 4.8165950e-003
 4.5037456e-003
 4.1827611e-003
 3.8589882e-003
 3.5386991e-003
 3.2283391e-003
 2.9345108e-003
 2.6639213e-003
 2.4226201e-003
 2.2157328e-003
 2.0469371e-003
 1.9175956e-003
 1.8267260e-003
 1.7711768e-003
 1.7462473e-003
 1.7462523e-003
 1.7651032e-003
 1.7966257e-003
 1.8348857e-003
 1.8745228e-003
 1.9111079e-003
 1.9415441e-003
 1.9641644e-003
 1.9786106e-003
 1.9854896e-003
 1.9860079e-003
 1.9816488e-003
 1.9739904e-003
 1.9645733e-003
 1.9547963e-003
 1.9458117e-003
 1.9384150e-003
 1.9330137e-003
 1.9296734e-003
 1.9282106e-003
 1.9283019e-003
 1.9295587e-003
 1.9315744e-003
 1.9339565e-003
 1.9363511e-003
 1.9384641e-003
 1.9400857e-003
 1.9410964e-003
 1.9414620e-003
 1.9412161e-003
 1.9404343e-003
 1.9392133e-003
 1.9376574e-003
 1.9358703e-003
 1.9339530e-003
 1.9320053e-003
 1.9301855e-003
 1.9288645e-003
 1.9272362e-003
 1.9256774e-003
 1.9241503e-003
 1.9226181e-003
 1.9210435e-003
 1.9193899e-003
 1.9176204e-003
 1.9156972e-003
 1.9135840e-003
 1.9112476e-003
 1.9087029e-003
 1.9059880e-003
 1.9031416e-003
 1.9002019e-003
 1.8972092e-003
 1.8942013e-003
 1.8912170e-003
 1.8882949e-003
 1.8854750e-003
 1.8827952e-003
 1.8802946e-003
 1.8780113e-003
 1.8759853e-003
 1.8742509e-003
 1.8728067e-003
 1.8716314e-003
 1.8707039e-003
 1.8700036e-003
 1.8695092e-003
 1.8691992e-003
 1.8690529e-003
 1.8690489e-003
 1.8691662e-003
 1.8693835e-003
 1.8696800e-003
 1.8700343e-003
 1.8704252e-003
 1.8708317e-003
 1.8712329e-003
 1.8716073e-003
 1.8719338e-003
 1.8721933e-003
 1.8723818e-003
 1.8725035e-003
 1.8725634e-003
 1.8725652e-003
 1.8725139e-003
 1.8724133e-003
 1.8722687e-003
 1.8720839e-003
 1.8718634e-003
 1.8716117e-003
 1.8713331e-003
 1.8710323e-003
 1.8707135e-003
 1.8703813e-003
 1.8700402e-003
 1.8696941e-003
 1.8693481e-003
 1.8690061e-003
 1.8686728e-003
 1.8683525e-003
 1.8680498e-003
 1.8677685e-003
 1.8675085e-003
 1.8672679e-003
 1.8670444e-003
 1.8668359e-003
 1.8666402e-003
 1.8664552e-003
 1.8662789e-003
 1.8661089e-003
 1.8659432e-003
 1.8657796e-003
 1.8656161e-003
 1.8654505e-003
 1.8652807e-003
 1.8651043e-003
 1.8649193e-003
 1.8647239e-003
 1.8645156e-003
 1.8642923e-003
 1.8640519e-003
 1.8637923e-003
 1.8635113e-003
 1.8632070e-003
 1.8628767e-003
 1.8625188e-003
 1.8621311e-003
 1.8617116e-003
 1.8612642e-003
 1.8607946e-003
 1.8603086e-003
 1.8598121e-003
 1.8593105e-003
 1.8588102e-003
 1.8583168e-003
 1.8578364e-003
 1.8573742e-003
 1.8569365e-003
 1.8565293e-003
 1.8561581e-003
 1.8558289e-003
 1.8555473e-003
 1.8553195e-003
 1.8551513e-003
 1.8550481e-003
 1.8550161e-003
 1.8550613e-003
 1.8551891e-003
 1.8554054e-003
 1.8557165e-003
 1.8561279e-003
 1.8566453e-003
 1.8572747e-003
 1.8580218e-003
 1.8588931e-003
 1.8598934e-003
 1.8610293e-003
 1.8623038e-003
 1.8637008e-003
 1.8651939e-003
 1.8667581e-003
