s07_ASD Record=8726:  error bars to preceding                
 1.5650935e-003
 1.4274393e-003
 1.3226739e-003
 1.2428116e-003
 1.1855635e-003
 1.1487188e-003
 1.1267496e-003
 1.1114598e-003
 1.0947834e-003
 1.0713743e-003
 1.0395492e-003
 1.0007813e-003
 9.5866167e-004
 9.1813266e-004
 8.8462525e-004
 8.6265372e-004
 8.5440610e-004
 8.5912418e-004
 8.7317388e-004
 8.9081912e-004
 9.0578099e-004
 9.1340812e-004
 9.1251649e-004
 9.0587523e-004
 8.9934474e-004
 9.0027525e-004
 9.1485429e-004
 9.4490533e-004
 9.8664826e-004
 1.0326083e-003
 1.0745676e-003
 1.1062189e-003
 1.1240160e-003
 1.1267442e-003
 1.1160786e-003
 1.0964562e-003
 1.0731042e-003
 1.0507527e-003
 1.0332196e-003
 1.0230890e-003
 1.0211616e-003
 1.0258049e-003
 1.0328732e-003
 1.0368768e-003
 1.0331540e-003
 1.0197536e-003
 9.9770143e-004
 9.6950226e-004
 9.3724951e-004
 9.0204686e-004
 8.6523296e-004
 8.3008321e-004
 8.0205605e-004
 7.8695442e-004
 7.8858697e-004
 8.0815225e-004
 8.4520533e-004
 8.9855638e-004
 9.6665072e-004
 1.0461826e-003
 1.1234954e-003
 1.1856544e-003
 1.2281764e-003
 1.2462160e-003
 1.2373076e-003
 1.2087908e-003
 1.1683177e-003
 1.1198717e-003
 1.0658341e-003
 1.0093768e-003
 9.5536333e-004
 9.0950559e-004
 8.7668950e-004
 8.5974112e-004
 8.5885811e-004
 8.7138772e-004
 8.9215953e-004
 9.1462926e-004
 9.3270146e-004
 9.4243203e-004
 9.4265875e-004
 9.3422207e-004
 9.1846171e-004
 8.9619623e-004
 8.6789590e-004
 8.3475444e-004
 7.9982344e-004
 7.6878065e-004
 7.5063901e-004
 7.5841043e-004
 8.0836302e-004
 9.1541838e-004
 1.0839173e-003
 1.2978758e-003
 1.5181203e-003
 1.6916920e-003
 1.7730204e-003
 1.7466450e-003
 1.6345817e-003
 1.4812278e-003
 1.3299729e-003
 1.2077041e-003
 1.1235249e-003
 1.0759160e-003
 1.0596405e-003
 1.0686460e-003
 1.0953564e-003
 1.1287512e-003
 1.1548027e-003
 1.1615771e-003
 1.1467435e-003
 1.1206940e-003
 1.1002423e-003
 1.0965756e-003
 1.1078956e-003
 1.1229164e-003
 1.1301445e-003
 1.1232140e-003
 1.0995676e-003
 1.0586459e-003
 1.0045548e-003
 9.4916992e-004
 9.0835657e-004
 8.9199934e-004
 8.9732872e-004
 9.1230666e-004
 9.2484709e-004
 9.2853286e-004
 9.2161907e-004
 9.0419478e-004
 8.7811716e-004
 8.4802188e-004
 8.1989245e-004
 7.9849572e-004
 7.8739703e-004
 7.9033629e-004
 8.0931571e-004
 8.4000762e-004
 8.7134558e-004
 8.9248939e-004
 9.0085954e-004
 9.0264890e-004
 9.0539537e-004
 9.1059634e-004
 9.1358158e-004
 9.0955861e-004
 8.9852721e-004
 8.8405341e-004
 8.6852460e-004
 8.5148821e-004
 8.3336839e-004
 8.1948645e-004
 8.1847381e-004
 8.3602901e-004
 8.7033550e-004
 9.1279065e-004
 9.5208542e-004
 9.7850582e-004
 9.8712230e-004
 9.7909232e-004
 9.6058950e-004
 9.4060291e-004
 9.2863070e-004
 9.3094289e-004
 9.4561285e-004
 9.6187124e-004
 9.6778735e-004
 9.5991185e-004
 9.4468443e-004
 9.3185611e-004
 9.2908065e-004
 9.4101357e-004
 9.6796837e-004
 1.0026626e-003
 1.0305363e-003
 1.0365716e-003
 1.0142518e-003
 9.7073399e-004
 9.2486496e-004
 8.9731877e-004
 8.9797011e-004
 9.2200050e-004
 9.5951353e-004
 1.0057376e-003
 1.0567361e-003
 1.0978701e-003
 1.1064177e-003
 1.0716737e-003
 1.0099720e-003
 9.5442060e-004
 9.2699495e-004
 9.2174107e-004
 9.1665803e-004
 8.9921977e-004
 8.7649270e-004
 8.6281652e-004
 8.6348347e-004
 8.7081734e-004
 8.7168696e-004
 8.5768598e-004
 8.3168823e-004
 8.0725102e-004
 8.0013630e-004
 8.1696158e-004
 8.5023779e-004
 8.8500802e-004
 9.1102347e-004
 9.2687487e-004
 9.3217619e-004
 9.2253188e-004
 8.9879346e-004
 8.7477861e-004
 8.6403522e-004
 8.6201454e-004
 8.5377548e-004
 8.3752855e-004
 8.2797272e-004
 8.3660329e-004
 8.5938518e-004
 8.8385487e-004
 9.0041530e-004
 9.0898300e-004
 9.2320965e-004
 9.6422777e-004
 1.0372843e-003
 1.1141384e-003
 1.1507396e-003
 1.1270455e-003
 1.0656390e-003
 1.0130855e-003
 1.0069621e-003
 1.0545020e-003
 1.1315193e-003
 1.1986375e-003
 1.2252138e-003
 1.2050526e-003
 1.1533744e-003
 1.0928656e-003
 1.0440445e-003
 1.0208113e-003
 1.0235654e-003
 1.0355600e-003
 1.0335526e-003
 1.0047528e-003
 9.5234986e-004
 8.9083670e-004
 8.4316748e-004
 8.3505391e-004
 8.7782543e-004
 9.5832912e-004
 1.0546091e-003
 1.1456009e-003
 1.1991380e-003
 1.1846805e-003
 1.1176690e-003
 1.0559491e-003
 1.0338315e-003
 1.0364095e-003
 1.0369236e-003
 1.0230214e-003
 9.9413621e-004
 9.6370454e-004
 9.5841970e-004
 9.9175959e-004
 1.0401960e-003
 1.0631272e-003
 1.0420845e-003
 9.8609517e-004
 9.1335748e-004
 8.5430412e-004
 8.5380569e-004
 9.2244998e-004
 1.0033448e-003
 1.0367655e-003
 1.0214529e-003
 9.8493695e-004
 9.6082548e-004
 9.8890613e-004
 1.0625988e-003
 1.1170801e-003
 1.1110135e-003
 1.0621158e-003
 1.0049253e-003
 9.7281067e-004
 9.9533005e-004
 1.0572117e-003
 1.0998212e-003
 1.0960463e-003
 1.0813187e-003
 1.0871246e-003
 1.0905423e-003
 1.0526592e-003
 9.7437354e-004
 8.9937728e-004
 8.8208774e-004
 9.5411815e-004
 1.0951695e-003
 1.2285546e-003
 1.2769533e-003
 1.2397449e-003
 1.1831702e-003
 1.1487772e-003
 1.1304524e-003
 1.1461655e-003
 1.2384293e-003
 1.3734601e-003
 1.4399807e-003
 1.3967040e-003
 1.3369191e-003
 1.3656199e-003
 1.4805651e-003
 1.5996929e-003
 1.6549550e-003
 1.6447207e-003
 1.6304239e-003
 1.6883967e-003
 1.8250525e-003
 1.9295583e-003
 1.8375802e-003
 1.4956766e-003
 1.0645607e-003
 7.7815878e-004
 7.2000269e-004
 7.9558336e-004
 8.7153947e-004
 8.8236708e-004
 8.3838869e-004
 7.8263076e-004
 7.5356616e-004
 7.7167543e-004
 8.3735323e-004
 9.3194115e-004
 1.0262055e-003
 1.0954916e-003
 1.1303953e-003
 1.1350317e-003
 1.1175969e-003
 1.0833895e-003
 1.0344598e-003
 9.7323454e-004
 9.0558536e-004
 8.4152812e-004
 7.9468777e-004
 7.8082090e-004
 8.1276335e-004
 8.9122826e-004
 9.9865533e-004
 1.1046313e-003
 1.1787940e-003
 1.2011272e-003
 1.1670919e-003
 1.0910989e-003
 1.0059768e-003
 9.4857119e-004
 9.2951988e-004
 9.3564048e-004
 9.5353945e-004
 9.8106312e-004
 1.0199411e-003
 1.0506188e-003
 1.0357784e-003
 9.7755494e-004
 9.4026682e-004
 9.7040960e-004
 1.0324931e-003
 1.0686078e-003
 1.0726677e-003
 1.0653014e-003
 1.0441974e-003
 9.9926011e-004
 9.4926998e-004
 9.3735126e-004
 9.9215598e-004
 1.0878798e-003
 1.1509975e-003
 1.1341191e-003
 1.0695908e-003
 1.0273025e-003
 1.0441899e-003
 1.1053358e-003
 1.1662742e-003
 1.1852353e-003
 1.1482670e-003
 1.0778245e-003
 1.0228570e-003
 1.0310044e-003
 1.1145946e-003
 1.2299785e-003
 1.2986852e-003
 1.2773228e-003
 1.2052627e-003
 1.1690172e-003
 1.2266205e-003
 1.3604630e-003
 1.4874587e-003
 1.5248633e-003
 1.4548590e-003
 1.3048764e-003
 1.1099152e-003
 9.1229600e-004
 7.7297253e-004
 7.5746496e-004
 8.6097652e-004
 9.8882220e-004
 1.0503670e-003
 1.0263004e-003
 9.5803512e-004
 8.9762220e-004
 8.6657883e-004
 8.5318118e-004
 8.4175821e-004
 8.3684223e-004
 8.6266862e-004
 9.3988574e-004
 1.0598361e-003
 1.1853448e-003
 1.2793588e-003
 1.3327496e-003
 1.3640460e-003
 1.3945379e-003
 1.4270258e-003
 1.4450952e-003
 1.4297143e-003
 1.3751629e-003
 1.2896373e-003
 1.1869868e-003
 1.0846143e-003
 1.0047685e-003
 9.7201782e-004
 9.8901871e-004
 1.0341299e-003
 1.0709680e-003
 1.0712199e-003
 1.0412945e-003
 1.0015415e-003
 9.7234611e-004
 9.7080495e-004
 9.9234341e-004
 1.0236599e-003
 1.0514315e-003
 1.0649521e-003
 1.0708310e-003
 1.0826722e-003
 1.1141051e-003
 1.1751965e-003
 1.2525532e-003
 1.3232563e-003
 1.3643620e-003
 1.3569191e-003
 1.3085712e-003
 1.2250729e-003
 1.1513948e-003
 1.0948401e-003
 1.0611078e-003
 1.0436592e-003
 1.0354107e-003
 1.0292867e-003
 1.0183917e-003
 9.9998910e-004
 9.7547646e-004
 9.4641873e-004
 9.1439305e-004
 8.8119815e-004
 8.5393287e-004
 8.4489648e-004
 8.6661556e-004
 9.3162188e-004
 1.0513107e-003
 1.2123825e-003
 1.3772252e-003
 1.5072811e-003
 1.5639286e-003
 1.5085986e-003
 1.3232282e-003
 1.0695814e-003
 8.2866952e-004
 6.8160985e-004
 7.0943928e-004
 9.9321071e-004
 1.5832400e-003
 2.4110307e-003
 3.3798842e-003
 4.3926905e-003
 5.3527951e-003
 6.1630905e-003
 6.7268256e-003
 6.9750636e-003
 6.9452277e-003
 6.7001558e-003
 6.3027404e-003
 5.8157328e-003
 5.3020832e-003
 4.8245140e-003
 4.4459752e-003
 4.2121592e-003
 4.1045952e-003
 4.0895743e-003
 4.1334224e-003
 4.2024646e-003
 4.2630085e-003
 4.2813844e-003
 4.2239064e-003
 4.0669679e-003
 3.8244172e-003
 3.5189358e-003
 3.1730758e-003
 2.8095441e-003
 2.4508792e-003
 2.1197896e-003
 1.8388228e-003
 1.6252059e-003
 1.4759036e-003
 1.3833256e-003
 1.3398258e-003
 1.3377810e-003
 1.3695657e-003
 1.4275609e-003
 1.5041267e-003
 1.5916547e-003
 1.6824980e-003
 1.7690514e-003
 1.8436686e-003
 1.9005151e-003
 1.9401605e-003
 1.9646569e-003
 1.9760397e-003
 1.9763538e-003
 1.9676420e-003
 1.9519451e-003
 1.9313032e-003
 1.9077625e-003
 1.8833596e-003
 1.8601425e-003
 1.8401472e-003
 1.8249300e-003
 1.8142868e-003
 1.8076294e-003
 1.8043658e-003
 1.8039059e-003
 1.8056589e-003
 1.8090339e-003
 1.8134407e-003
 1.8182881e-003
 1.8229854e-003
 1.8269428e-003
 1.8297142e-003
 1.8313668e-003
 1.8320788e-003
 1.8320292e-003
 1.8313967e-003
 1.8303600e-003
 1.8290980e-003
 1.8277894e-003
 1.8266129e-003
 1.8257472e-003
 1.8253144e-003
 1.8252389e-003
 1.8254026e-003
 1.8256878e-003
 1.8259761e-003
 1.8261496e-003
 1.8260902e-003
 1.8256799e-003
 1.8248006e-003
 1.8233344e-003
 1.8212234e-003
 1.8186182e-003
 1.8157117e-003
 1.8126989e-003
 1.8097728e-003
 1.8071284e-003
 1.8049588e-003
 1.8034583e-003
 1.8028211e-003
 1.8032409e-003
 1.8047994e-003
 1.8072017e-003
 1.8100712e-003
 1.8130332e-003
 1.8157120e-003
 1.8177324e-003
 1.8187189e-003
 1.8182958e-003
 1.8160883e-003
 1.8119089e-003
 1.8061954e-003
 1.7995185e-003
 1.7924453e-003
 1.7855467e-003
 1.7793901e-003
 1.7745462e-003
 1.7715826e-003
 1.7708624e-003
 1.7720659e-003
 1.7747338e-003
 1.7784073e-003
 1.7826260e-003
 1.7869318e-003
 1.7908642e-003
 1.7939644e-003
 1.7959215e-003
 1.7969062e-003
 1.7971888e-003
 1.7970386e-003
 1.7967251e-003
 1.7965187e-003
 1.7966884e-003
 1.7975040e-003
 1.7991388e-003
 1.8014547e-003
 1.8042516e-003
 1.8071226e-003
 1.8102161e-003
 1.8131576e-003
 1.8157876e-003
 1.8180278e-003
 1.8198601e-003
 1.8213056e-003
 1.8224025e-003
 1.8231879e-003
 1.8236726e-003
 1.8238025e-003
 1.8234397e-003
 1.8223855e-003
 1.8204217e-003
 1.8173615e-003
 1.8131341e-003
 1.8078871e-003
 1.8020209e-003
 1.7961259e-003
 1.7908751e-003
 1.7869173e-003
 1.7847512e-003
 1.7846018e-003
 1.7863746e-003
 1.7897246e-003
 1.7941742e-003
 1.7992025e-003
 1.8042952e-003
 1.8089694e-003
 1.8127805e-003
 1.8153227e-003
 1.8162405e-003
 1.8152826e-003
 1.8124023e-003
 1.8078588e-003
 1.8022477e-003
 1.7964286e-003
 1.7913744e-003
 1.7879804e-003
 1.7868542e-003
 1.7971533e-003
 1.7979868e-003
 1.7993163e-003
 1.8009603e-003
 1.8027187e-003
 1.8044079e-003
 1.8058890e-003
 1.8070863e-003
 1.8079920e-003
 1.8086619e-003
 1.8091946e-003
 1.8097045e-003
 1.8102928e-003
 1.8110229e-003
 1.8119095e-003
 1.8129220e-003
 1.8139940e-003
 1.8150390e-003
 1.8159635e-003
 1.8166808e-003
 1.8171193e-003
 1.8172282e-003
 1.8169795e-003
 1.8163685e-003
 1.8154122e-003
 1.8141479e-003
 1.8126372e-003
 1.8109611e-003
 1.8092182e-003
 1.8075173e-003
 1.8059650e-003
 1.8046586e-003
 1.8036758e-003
 1.8030694e-003
 1.8028639e-003
 1.8030544e-003
 1.8036095e-003
 1.8044761e-003
 1.8055862e-003
 1.8068646e-003
 1.8082376e-003
 1.8096380e-003
 1.8110091e-003
 1.8123084e-003
 1.8135057e-003
 1.8145827e-003
 1.8155302e-003
 1.8163447e-003
 1.8170256e-003
 1.8175718e-003
 1.8179805e-003
 1.8182457e-003
 1.8183592e-003
 1.8183120e-003
 1.8180966e-003
 1.8177110e-003
 1.8171604e-003
 1.8164592e-003
 1.8156304e-003
 1.8147036e-003
 1.8137115e-003
 1.8126848e-003
 1.8116487e-003
 1.8106200e-003
 1.8096071e-003
 1.8086139e-003
 1.8076423e-003
 1.8066994e-003
 1.8058004e-003
 1.8049701e-003
 1.8042417e-003
 1.8036515e-003
 1.8032324e-003
 1.8030078e-003
 1.8029867e-003
 1.8031609e-003
 1.8035064e-003
 1.8039851e-003
 1.8045492e-003
 1.8051440e-003
 1.8057110e-003
 1.8061902e-003
 1.8065243e-003
 1.8066637e-003
 1.8065731e-003
 1.8062397e-003
 1.8056777e-003
 1.8049284e-003
 1.8040522e-003
 1.8031097e-003
 1.8021398e-003
 1.8011347e-003
 1.8000244e-003
 1.7986763e-003
 1.7969137e-003
 1.7945559e-003
 1.7914682e-003
 1.7876150e-003
 1.7830976e-003
 1.7781650e-003
 1.7731987e-003
 1.7686586e-003
 1.7650169e-003
 1.7626795e-003
 1.7619208e-003
 1.7628417e-003
 1.7653600e-003
 1.7692297e-003
 1.7740860e-003
 1.7795073e-003
 1.7850709e-003
 1.7904096e-003
 1.7952415e-003
 1.7993879e-003
 1.8027707e-003
 1.8053931e-003
 1.8073169e-003
 1.8086359e-003
 1.8094522e-003
 1.8098613e-003
 1.8099413e-003
 1.8097472e-003
 1.8093062e-003
 1.8086102e-003
 1.8076062e-003
 1.8061873e-003
 1.8041908e-003
 1.8014093e-003
 1.7976257e-003
 1.7926638e-003
 1.7864597e-003
 1.7791269e-003
 1.7709999e-003
 1.7626461e-003
 1.7548125e-003
 1.7483348e-003
 1.7440000e-003
 1.7424014e-003
 1.7438235e-003
 1.7481726e-003
 1.7549851e-003
 1.7635000e-003
 1.7727949e-003
 1.7819334e-003
 1.7901124e-003
 1.7967708e-003
 1.8016326e-003
 1.8047050e-003
 1.8062192e-003
 1.8065497e-003
 1.8061255e-003
 1.8053523e-003
 1.8045579e-003
 1.8039653e-003
 1.8036885e-003
 1.8037449e-003
 1.8040794e-003
 1.8045896e-003
 1.8051509e-003
 1.8056361e-003
 1.8059321e-003
 1.8059508e-003
 1.8056376e-003
 1.8049778e-003
 1.8039995e-003
 1.8027737e-003
 1.8014109e-003
 1.8000524e-003
 1.7988548e-003
 1.7979728e-003
 1.7975355e-003
 1.7976267e-003
 1.7982671e-003
 1.7994071e-003
 1.8009284e-003
 1.8026596e-003
 1.8043980e-003
 1.8059377e-003
 1.8070986e-003
 1.8077454e-003
 1.8078020e-003
 1.8072522e-003
 1.8061327e-003
 1.8045182e-003
 1.8025034e-003
 1.8001822e-003
 1.7976263e-003
 1.7948629e-003
 1.7918510e-003
 1.7884641e-003
 1.7844801e-003
 1.7795875e-003
 1.7734249e-003
 1.7656407e-003
 1.7559903e-003
 1.7444404e-003
 1.7312580e-003
 1.7170756e-003
 1.7028678e-003
 1.6898729e-003
 1.6794223e-003
 1.6727243e-003
 1.6706543e-003
 1.6735761e-003
 1.6812601e-003
 1.6929072e-003
 1.7072897e-003
 1.7229529e-003
 1.7384689e-003
 1.7526409e-003
 1.7646606e-003
 1.7741693e-003
 1.7812188e-003
 1.7861747e-003
 1.7895787e-003
 1.7920055e-003
 1.7939542e-003
 1.7957770e-003
 1.7976572e-003
 1.7996272e-003
 1.8016077e-003
 1.8034616e-003
 1.8050425e-003
 1.8062331e-003
 1.8069689e-003
 1.8072448e-003
 1.8071090e-003
 1.8066454e-003
 1.8059512e-003
 1.8051078e-003
 1.8041542e-003
 1.8030599e-003
 1.8017048e-003
 1.7998670e-003
 1.7972242e-003
 1.7933751e-003
 1.7878799e-003
 1.7803296e-003
 1.7704328e-003
 1.7581054e-003
 1.7435629e-003
 1.7273695e-003
 1.7104259e-003
 1.6939054e-003
 1.6790888e-003
 1.6671758e-003
 1.6590632e-003
 1.6551637e-003
 1.6553215e-003
 1.6588352e-003
 1.6646106e-003
 1.6714018e-003
 1.6780925e-003
 1.6839302e-003
 1.6886703e-003
 1.6925735e-003
 1.6962776e-003
 1.7005730e-003
 1.7061488e-003
 1.7133899e-003
 1.7222634e-003
 1.7323302e-003
 1.7428680e-003
 1.7530473e-003
 1.7621289e-003
 1.7696186e-003
 1.7753375e-003
 1.7794220e-003
 1.7822430e-003
 1.7842916e-003
 1.7860578e-003
 1.7879305e-003
 1.7901399e-003
 1.7927437e-003
 1.7956507e-003
 1.7986709e-003
 1.8015702e-003
 1.8041255e-003
 1.8061603e-003
 1.8075671e-003
 1.8083099e-003
 1.8084145e-003
 1.8079509e-003
 1.8070157e-003
 1.8057176e-003
 1.8041673e-003
 1.8024764e-003
 1.8007547e-003
 1.7991122e-003
 1.7976542e-003
 1.7964732e-003
 1.7956391e-003
 1.7951864e-003
 1.7951074e-003
 1.7953493e-003
 1.7958210e-003
 1.7964038e-003
 1.7969634e-003
 1.7973596e-003
 1.7974456e-003
 1.7970620e-003
 1.7960230e-003
 1.7941049e-003
 1.7910434e-003
 1.7865495e-003
 1.7803413e-003
 1.7722015e-003
 1.7620422e-003
 1.7499647e-003
 1.7363182e-003
 1.7217099e-003
 1.7069962e-003
 1.6932177e-003
 1.6814910e-003
 1.6728893e-003
 1.6682937e-003
 1.6682654e-003
 1.6729548e-003
 1.6820638e-003
 1.6948715e-003
 1.7103247e-003
 1.7271861e-003
 1.7441852e-003
 1.7601912e-003
 1.7743215e-003
 1.7860193e-003
 1.7950655e-003
 1.8015273e-003
 1.8056887e-003
 1.8079537e-003
 1.8087655e-003
 1.8085433e-003
 1.8076451e-003
 1.8063542e-003
 1.8048822e-003
 1.8033787e-003
 1.8019415e-003
 1.8006265e-003
 1.7994555e-003
 1.7984242e-003
 1.7975149e-003
 1.7967098e-003
 1.7960056e-003
 1.7954225e-003
 1.7950065e-003
 1.7948213e-003
 1.7949325e-003
 1.7953861e-003
 1.7961911e-003
 1.7973097e-003
 1.7986585e-003
 1.8001238e-003
 1.8015835e-003
 1.8029324e-003
 1.8041037e-003
 1.8050792e-003
 1.8058886e-003
 1.8065972e-003
 1.8072858e-003
 1.8080302e-003
 1.8088823e-003
 1.8098612e-003
 1.8109496e-003
 1.8121023e-003
 1.8132566e-003
 1.8143478e-003
 1.8153208e-003
 1.8161410e-003
 1.8167972e-003
 1.8173018e-003
 1.8176853e-003
 1.8179882e-003
 1.8182534e-003
 1.8185179e-003
 1.8188088e-003
 1.8191405e-003
 1.8195156e-003
 1.8199271e-003
 1.8203610e-003
 1.8207988e-003
 1.8212179e-003
 1.8215918e-003
 1.8218899e-003
 1.8220778e-003
 1.8221200e-003
 1.8219850e-003
 1.8216512e-003
 1.8211150e-003
 1.8203964e-003
 1.8195425e-003
 1.8186250e-003
 1.8177346e-003
 1.8169680e-003
 1.8164141e-003
 1.8161385e-003
 1.8161705e-003
 1.8164957e-003
 1.8170550e-003
 1.8177534e-003
 1.8184751e-003
 1.8191043e-003
 1.8195480e-003
 1.8197537e-003
 1.8197214e-003
 1.8195035e-003
 1.8191938e-003
 1.8189085e-003
 1.8187605e-003
 1.8188374e-003
 1.8191835e-003
 1.8197933e-003
 1.8206151e-003
 1.8215645e-003
 1.8225416e-003
 1.8234500e-003
 1.8242118e-003
 1.8247756e-003
 1.8251184e-003
 1.8252421e-003
 1.8251657e-003
 1.8249184e-003
 1.8245336e-003
 1.8240445e-003
 1.8234838e-003
 1.8228837e-003
 1.8222764e-003
 1.8216949e-003
 1.8211713e-003
 1.8207346e-003
 1.8204075e-003
 1.8202028e-003
 1.8201215e-003
 1.8201513e-003
 1.8202680e-003
 1.8204381e-003
 1.8206243e-003
 1.8207898e-003
 1.8209029e-003
 1.8209408e-003
 1.8208902e-003
 1.8207473e-003
 1.8205155e-003
 1.8202040e-003
 1.8198268e-003
 1.8194040e-003
 1.8189640e-003
 1.8185471e-003
 1.8182067e-003
 1.8180081e-003
 1.8180233e-003
 1.8183197e-003
 1.8189490e-003
 1.8199328e-003
 1.8212546e-003
 1.8228554e-003
 1.8246389e-003
 1.8264845e-003
 1.8282629e-003
 1.8298572e-003
 1.8311780e-003
 1.8321747e-003
 1.8328396e-003
 1.8332030e-003
 1.8333236e-003
 1.8332744e-003
 1.8331285e-003
 1.8329470e-003
 1.8327705e-003
 1.8326150e-003
 1.8324731e-003
 1.8323190e-003
 1.8321149e-003
 1.8318212e-003
 1.8314043e-003
 1.8308447e-003
 1.8301432e-003
 1.8293241e-003
 1.8284366e-003
 1.8275528e-003
 1.8267629e-003
 1.8261699e-003
 1.8258805e-003
 1.8259963e-003
 1.8266034e-003
 1.8277628e-003
 1.8295007e-003
 1.8318028e-003
 1.8346084e-003
 1.8378105e-003
 1.8412608e-003
 1.8447753e-003
 1.8481475e-003
 1.8511651e-003
 1.8536245e-003
 1.8553506e-003
 1.8562109e-003
 1.8561293e-003
 1.8550940e-003
 1.8531599e-003
 1.8504442e-003
 1.8471179e-003
 1.8433903e-003
 1.8394900e-003
 1.8356477e-003
 1.8320751e-003
 1.8289514e-003
 1.8264127e-003
 1.8245458e-003
 1.8233925e-003
 1.8229545e-003
 1.8232056e-003
 1.8241006e-003
 1.8255847e-003
 1.8275945e-003
 1.8300554e-003
 1.8328732e-003
 1.8359211e-003
 1.8390339e-003
 1.8420059e-003
 1.8446080e-003
 1.8466160e-003
 1.8478374e-003
 1.8481391e-003
 1.8474633e-003
 1.8458287e-003
 1.8433402e-003
 1.8401904e-003
 1.8366412e-003
 1.8329966e-003
 1.8295620e-003
 1.8266006e-003
 1.8243052e-003
 1.8227797e-003
 1.8220420e-003
 1.8220373e-003
 1.8226627e-003
 1.8237986e-003
 1.8253279e-003
 1.8271446e-003
 1.8291575e-003
 1.8312868e-003
 1.8334584e-003
 1.8355960e-003
 1.8376177e-003
 1.8394298e-003
 1.8409289e-003
 1.8420040e-003
 1.8425452e-003
 1.8424572e-003
 1.8416743e-003
 1.8401777e-003
 1.8380104e-003
 1.8352898e-003
 1.8322052e-003
 1.8290072e-003
 1.8259839e-003
 1.8234346e-003
 1.8216337e-003
 1.8207955e-003
 1.8210385e-003
 1.8223309e-003
 1.8244368e-003
 1.8268705e-003
 1.8288706e-003
 1.8294095e-003
 1.8272664e-003
 1.8211595e-003
 1.8099489e-003
 1.7928774e-003
 1.7698375e-003
 1.7415776e-003
 1.7097705e-003
 1.6768790e-003
 1.6458114e-003
 1.6195345e-003
 1.6006170e-003
 1.5908403e-003
 1.5909579e-003
 1.6006139e-003
 1.6183697e-003
 1.6418848e-003
 1.6682703e-003
 1.6944957e-003
 1.7178549e-003
 1.7363270e-003
 1.7488457e-003
 1.7553777e-003
 1.7568109e-003
 1.7547170e-003
 1.7510173e-003
 1.7476337e-003
 1.7461767e-003
 1.7477293e-003
 1.7527387e-003
 1.7610317e-003
 1.7719188e-003
 1.7843775e-003
 1.7972455e-003
 1.8094134e-003
 1.8199787e-003
 1.8283274e-003
 1.8341753e-003
 1.8375400e-003
 1.8386865e-003
 1.8380488e-003
 1.8361453e-003
 1.8335002e-003
 1.8305799e-003
 1.8277400e-003
 1.8251879e-003
 1.8229630e-003
 1.8209284e-003
 1.8187843e-003
 1.8161013e-003
 1.8123747e-003
 1.8071033e-003
 1.7998796e-003
 1.7904793e-003
 1.7789488e-003
 1.7656464e-003
 1.7512575e-003
 1.7367470e-003
 1.7232571e-003
 1.7119835e-003
 1.7040076e-003
 1.7001572e-003
 1.7008819e-003
 1.7061899e-003
 1.7156465e-003
 1.7284424e-003
 1.7435047e-003
 1.7596474e-003
 1.7757327e-003
 1.7907922e-003
 1.8041360e-003
 1.8153848e-003
 1.8244695e-003
 1.8315832e-003
 1.8370957e-003
 1.8414680e-003
 1.8451669e-003
 1.8485929e-003
 1.8520394e-003
 1.8556706e-003
 1.8595251e-003
 1.8635358e-003
 1.8675539e-003
 1.8713825e-003
 1.8748021e-003
 1.8775975e-003
 1.8795807e-003
 1.8806064e-003
 1.8805878e-003
 1.8795048e-003
 1.8774089e-003
 1.8744207e-003
 1.8707168e-003
 1.8665082e-003
 1.8620219e-003
 1.8574789e-003
 1.8530736e-003
 1.8489645e-003
 1.8452647e-003
 1.8420427e-003
 1.8393226e-003
 1.8370934e-003
 1.8353248e-003
 1.8339851e-003
 1.8330592e-003
 1.8325649e-003
 1.8325590e-003
 1.8331360e-003
 1.8344146e-003
 1.8365172e-003
 1.8395410e-003
 1.8435327e-003
 1.8484626e-003
 1.8542159e-003
 1.8606033e-003
 1.8673749e-003
 1.8742514e-003
 1.8809485e-003
 1.8872070e-003
 1.8928166e-003
 1.8976240e-003
 1.9015431e-003
 1.9045513e-003
 1.9066847e-003
 1.9080265e-003
 1.9086895e-003
 1.9088023e-003
 1.9084947e-003
 1.9078878e-003
 1.9070853e-003
 1.9061719e-003
 1.9052114e-003
 1.9042487e-003
 1.9033125e-003
 1.9024170e-003
 1.9015656e-003
 1.9007517e-003
 1.8999615e-003
 1.8991755e-003
 1.8983710e-003
 1.8975254e-003
 1.8966181e-003
 1.8956333e-003
 1.8945632e-003
 1.8934089e-003
 1.8921820e-003
 1.8909042e-003
 1.8896064e-003
 1.8883280e-003
 1.8871155e-003
 1.8860203e-003
 1.8850981e-003
 1.8844067e-003
 1.8840056e-003
 1.8839531e-003
 1.8843048e-003
 1.8851102e-003
 1.8864101e-003
 1.8882329e-003
 1.8905915e-003
 1.8934812e-003
 1.8968770e-003
 1.9007337e-003
 1.9049842e-003
 1.9095385e-003
 1.9142863e-003
 1.9190920e-003
 1.9238003e-003
 1.9282348e-003
 1.9322056e-003
 1.9355200e-003
 1.9379945e-003
 1.9394766e-003
 1.9398634e-003
 1.9391244e-003
 1.9373173e-003
 1.9345979e-003
 1.9312162e-003
 1.9274997e-003
 1.9238244e-003
 1.9205721e-003
 1.9180843e-003
 1.9166151e-003
 1.9162904e-003
 1.9170860e-003
 1.9188216e-003
 1.9211799e-003
 1.9237456e-003
 1.9260629e-003
 1.9276993e-003
 1.9283131e-003
 1.9277064e-003
 1.9258625e-003
 1.9229557e-003
 1.9193362e-003
 1.9154848e-003
 1.9119536e-003
 1.9092895e-003
 1.9079604e-003
 1.9082928e-003
 1.9104258e-003
 1.9142956e-003
 1.9196442e-003
 1.9260587e-003
 1.9330212e-003
 1.9399737e-003
 1.9463839e-003
 1.9517938e-003
 1.9558652e-003
 1.9583965e-003
 1.9593337e-003
 1.9587623e-003
 1.9568878e-003
 1.9540095e-003
 1.9504954e-003
 1.9467549e-003
 1.9432126e-003
 1.9402826e-003
 1.9383422e-003
 1.9377151e-003
 1.9386499e-003
 1.9413029e-003
 1.9457216e-003
 1.9518379e-003
 1.9594692e-003
 1.9683130e-003
 1.9779394e-003
 1.9877965e-003
 1.9972392e-003
 2.0055736e-003
 2.0121080e-003
 2.0162279e-003
 2.0174657e-003
 2.0155676e-003
 2.0105196e-003
 2.0025494e-003
 1.9941626e-003
 1.9809664e-003
 1.9665400e-003
 1.9516024e-003
 1.9368218e-003
 1.9227504e-003
 1.9098017e-003
 1.8982539e-003
 1.8882834e-003
 1.8800166e-003
 1.8735478e-003
 1.8689565e-003
 1.8662967e-003
 1.8655770e-003
 1.8667374e-003
 1.8696333e-003
 1.8740296e-003
 1.8796027e-003
 1.8859662e-003
 1.8926917e-003
 1.8993334e-003
 1.9054505e-003
 1.9106254e-003
 1.9145044e-003
 1.9168378e-003
 1.9175229e-003
 1.9166225e-003
 1.9143478e-003
 1.9110176e-003
 1.9070162e-003
 1.9027559e-003
 1.8986505e-003
 1.8950949e-003
 1.8924330e-003
 1.8909286e-003
 1.8907338e-003
 1.8918792e-003
 1.8942849e-003
 1.8977891e-003
 1.9021826e-003
 1.9072315e-003
 1.9126993e-003
 1.9183554e-003
 1.9239915e-003
 1.9294394e-003
 1.9345805e-003
 1.9393567e-003
 1.9437600e-003
 1.9478211e-003
 1.9515950e-003
 1.9551450e-003
 1.9585374e-003
 1.9618289e-003
 1.9650590e-003
 1.9682376e-003
 1.9713321e-003
 1.9742651e-003
 1.9769170e-003
 1.9791382e-003
 1.9807618e-003
 1.9816139e-003
 1.9815250e-003
 1.9803434e-003
 1.9779569e-003
 1.9743175e-003
 1.9694669e-003
 1.9635449e-003
 1.9567779e-003
 1.9494597e-003
 1.9419201e-003
 1.9345072e-003
 1.9275665e-003
 1.9214186e-003
 1.9163365e-003
 1.9125061e-003
 1.9099995e-003
 1.9087613e-003
 1.9086200e-003
 1.9093198e-003
 1.9105548e-003
 1.9119973e-003
 1.9133200e-003
 1.9142193e-003
 1.9144441e-003
 1.9138332e-003
 1.9123463e-003
 1.9100787e-003
 1.9072460e-003
 1.9041537e-003
 1.9011608e-003
 1.8986478e-003
 1.8969943e-003
 1.8965530e-003
 1.8976157e-003
 1.9003716e-003
 1.9048721e-003
 1.9110128e-003
 1.9185529e-003
 1.9271473e-003
 1.9363895e-003
 1.9458490e-003
 1.9550892e-003
 1.9636983e-003
 1.9713105e-003
 1.9776432e-003
 1.9825299e-003
 1.9859266e-003
 1.9879043e-003
 1.9886161e-003
 1.9882654e-003
 1.9870799e-003
 1.9852917e-003
 1.9831266e-003
 1.9807909e-003
 1.9784560e-003
 1.9762467e-003
 1.9742362e-003
 1.9724513e-003
 1.9708837e-003
 1.9695049e-003
 1.9682765e-003
 1.9671572e-003
 1.9661074e-003
 1.9650927e-003
 1.9640899e-003
 1.9630878e-003
 1.9620913e-003
 1.9611188e-003
 1.9601982e-003
 1.9593639e-003
 1.9586522e-003
 1.9580994e-003
 1.9577381e-003
 1.9575926e-003
 1.9576736e-003
 1.9579737e-003
 1.9584650e-003
 1.9591008e-003
 1.9598212e-003
 1.9605584e-003
 1.9612410e-003
 1.9618000e-003
 1.9621723e-003
 1.9623109e-003
 1.9621931e-003
 1.9618308e-003
 1.9612743e-003
 1.9606082e-003
 1.9599413e-003
 1.9593984e-003
 1.9591097e-003
 1.9592037e-003
 1.9597982e-003
 1.9609875e-003
 1.9628257e-003
 1.9653135e-003
 1.9683922e-003
 1.9719482e-003
 1.9758299e-003
 1.9798609e-003
 1.9838547e-003
 1.9876265e-003
 1.9910019e-003
 1.9938326e-003
 1.9960154e-003
 1.9975053e-003
 1.9983242e-003
 1.9985533e-003
 1.9983179e-003
 1.9977696e-003
 1.9970709e-003
 1.9963847e-003
 1.9958634e-003
 1.9956348e-003
 1.9957842e-003
 1.9963407e-003
 1.9972709e-003
 1.9984839e-003
 1.9998474e-003
 2.0012043e-003
 2.0023871e-003
 2.0032285e-003
 2.0035740e-003
 2.0032965e-003
 2.0023151e-003
 2.0006136e-003
 1.9982443e-003
 1.9953244e-003
 1.9920173e-003
 1.9885134e-003
 1.9850163e-003
 1.9817289e-003
 1.9788418e-003
 1.9765184e-003
 1.9748742e-003
 1.9739622e-003
 1.9737640e-003
 1.9741973e-003
 1.9751335e-003
 1.9764160e-003
 1.9778749e-003
 1.9793410e-003
 1.9806542e-003
 1.9816794e-003
 1.9823222e-003
 1.9825429e-003
 1.9823643e-003
 1.9818645e-003
 1.9811615e-003
 1.9803988e-003
 1.9797292e-003
 1.9793045e-003
 1.9792633e-003
 1.9797145e-003
 1.9807161e-003
 1.9822584e-003
 1.9842556e-003
 1.9865541e-003
 1.9889504e-003
 1.9912096e-003
 1.9930871e-003
 1.9943407e-003
 1.9947484e-003
 1.9941349e-003
 1.9924012e-003
 1.9895544e-003
 1.9857157e-003
 1.9811103e-003
 1.9760439e-003
 1.9708641e-003
 1.9659395e-003
 1.9616350e-003
 1.9582959e-003
 1.9562100e-003
 1.9555762e-003
 1.9564712e-003
 1.9588352e-003
 1.9624864e-003
 1.9671512e-003
 1.9725037e-003
 1.9781936e-003
 1.9838691e-003
 1.9891907e-003
 1.9938624e-003
 1.9976550e-003
 2.0004273e-003
 2.0021426e-003
 2.0028534e-003
 2.0026797e-003
 2.0017822e-003
 2.0003393e-003
 1.9985356e-003
 1.9965477e-003
 1.9945365e-003
 1.9926324e-003
 1.9909278e-003
 1.9894692e-003
 1.9882638e-003
 1.9872899e-003
 1.9865073e-003
 1.9858680e-003
 1.9853225e-003
 1.9848226e-003
 1.9843280e-003
 1.9838095e-003
 1.9832547e-003
 1.9826689e-003
 1.9820733e-003
 1.9815019e-003
 1.9809946e-003
 1.9805953e-003
 1.9803473e-003
 1.9802910e-003
 1.9804589e-003
 1.9808712e-003
 1.9815303e-003
 1.9824207e-003
 1.9835087e-003
 1.9847481e-003
 1.9860854e-003
 1.9874645e-003
 1.9888273e-003
 1.9901202e-003
 1.9912960e-003
 1.9923181e-003
 1.9931660e-003
 1.9938366e-003
 1.9943411e-003
 1.9947032e-003
 1.9949526e-003
 1.9951221e-003
 1.9952452e-003
 1.9953540e-003
 1.9954750e-003
 1.9956282e-003
 1.9958224e-003
 1.9960555e-003
 1.9963149e-003
 1.9965800e-003
 1.9968261e-003
 1.9970266e-003
 1.9971549e-003
 1.9971863e-003
 1.9971011e-003
 1.9968883e-003
 1.9965477e-003
 1.9960916e-003
 1.9955439e-003
 1.9949367e-003
 1.9943067e-003
 1.9936925e-003
 1.9931342e-003
 1.9926678e-003
 1.9923260e-003
 1.9921332e-003
 1.9921025e-003
 1.9922352e-003
 1.9925213e-003
 1.9929437e-003
 1.9934790e-003
 1.9941027e-003
 1.9947877e-003
 1.9955058e-003
 1.9962264e-003
 1.9969139e-003
 1.9975272e-003
 1.9980189e-003
 1.9983356e-003
 1.9984192e-003
 1.9982101e-003
 1.9976483e-003
 1.9966767e-003
 1.9952483e-003
 1.9933339e-003
 1.9909381e-003
 1.9881076e-003
 1.9849360e-003
 1.9815627e-003
 1.9781573e-003
 1.9749068e-003
 1.9720085e-003
 1.9696541e-003
 1.9680203e-003
 1.9672499e-003
 1.9674285e-003
 1.9685626e-003
 1.9705747e-003
 1.9733065e-003
 1.9765452e-003
 1.9800430e-003
 1.9835364e-003
 1.9867634e-003
 1.9894782e-003
 1.9914680e-003
 1.9925816e-003
 1.9927488e-003
 1.9919886e-003
 1.9904012e-003
 1.9881469e-003
 1.9854205e-003
 1.9824342e-003
 1.9793985e-003
 1.9765103e-003
 1.9739349e-003
 1.9717799e-003
 1.9700776e-003
 1.9687756e-003
 1.9677470e-003
 1.9668082e-003
 1.9657437e-003
 1.9643279e-003
 1.9623481e-003
 1.9596370e-003
 1.9561267e-003
 1.9519116e-003
 1.9473068e-003
 1.9428766e-003
 1.9394034e-003
 1.9378335e-003
 1.9392098e-003
 1.9446115e-003
 1.9551055e-003
 1.9716879e-003
 1.9951791e-003
 2.0261363e-003
 2.0647505e-003
 2.1107730e-003
 2.1636086e-003
 2.2223794e-003
 2.2860579e-003
 2.3534917e-003
 2.4235446e-003
 2.4950842e-003
 2.5669462e-003
 2.6380552e-003
 2.7073876e-003
 2.7739268e-003
 2.8367576e-003
 2.8949874e-003
 2.9477610e-003
 2.9942051e-003
 3.0335153e-003
 3.0649460e-003
 3.0878619e-003
 3.1018686e-003
 3.1068579e-003
 3.1030460e-003
 3.0909486e-003
 3.0712911e-003
 3.0449443e-003
 3.0128292e-003
 2.9758932e-003
 2.9350731e-003
 2.8913217e-003
 2.8455355e-003
 2.7985719e-003
 2.7512796e-003
 2.7044364e-003
 2.6587930e-003
 2.6151156e-003
 2.5741258e-003
 2.5365448e-003
 2.5030652e-003
 2.4743604e-003
 2.4510100e-003
 2.4335042e-003
 2.4222403e-003
 2.4175080e-003
 2.4195330e-003
 2.4284939e-003
 2.4445388e-003
 2.4677811e-003
 2.4982318e-003
 2.5357511e-003
 2.5799156e-003
 2.6299385e-003
 2.6845797e-003
 2.7422586e-003
 2.8011214e-003
 2.8591107e-003
 2.9141533e-003
 2.9642140e-003
 3.0073950e-003
 3.0422057e-003
 3.0677624e-003
 3.0840246e-003
 3.0918729e-003
 3.0930408e-003
 3.0898750e-003
 3.0850905e-003
 3.0815580e-003
 3.0821403e-003
 3.0895220e-003
 3.1059794e-003
 3.1331123e-003
 3.1715690e-003
 3.2209854e-003
 3.2800615e-003
 3.3468294e-003
 3.4188665e-003
 3.4936203e-003
 3.5685389e-003
 3.6411895e-003
 3.7095931e-003
 3.7724404e-003
 3.8292923e-003
 3.8807685e-003
 3.9283885e-003
 3.9743544e-003
 4.0212376e-003
 4.0718154e-003
 4.1288733e-003
 4.1949926e-003
 4.2724148e-003
 4.3627522e-003
 4.4666827e-003
 4.5839855e-003
 4.7135842e-003
 4.8536663e-003
 5.0021280e-003
 5.1566549e-003
 5.3149234e-003
 5.4745339e-003
 5.6333290e-003
 5.7893726e-003
 5.9409193e-003
 6.0866717e-003
 6.2256269e-003
 6.3569075e-003
 6.4798696e-003
 6.5938975e-003
 6.6984105e-003
 6.7927297e-003
 6.8761860e-003
 6.9479859e-003
 7.0071290e-003
 7.0524979e-003
 7.0828046e-003
 7.0966291e-003
 7.0925117e-003
 7.0689623e-003
 7.0245601e-003
 6.9580246e-003
 6.8684029e-003
 6.7552514e-003
 6.6189421e-003
 6.4605782e-003
 6.2819729e-003
 6.0856109e-003
 5.8741742e-003
 5.6504821e-003
 5.4175635e-003
 5.1782648e-003
 4.9354006e-003
 4.6915784e-003
 4.4493773e-003
 4.2109760e-003
 3.9783572e-003
 3.7535171e-003
 3.5381906e-003
 3.3340610e-003
 3.1428926e-003
 2.9661816e-003
 2.8052342e-003
 2.6609309e-003
 2.5337210e-003
 2.4233598e-003
 2.3290850e-003
 2.2498057e-003
 2.1841263e-003
 2.1305531e-003
 2.0875973e-003
 2.0537511e-003
 2.0275875e-003
 2.0078213e-003
 1.9933186e-003
 1.9831404e-003
 1.9765163e-003
 1.9728064e-003
 1.9714425e-003
 1.9718977e-003
 1.9736688e-003
 1.9762786e-003
 1.9792938e-003
 1.9823483e-003
 1.9851732e-003
 1.9876016e-003
 1.9895623e-003
 1.9910519e-003
 1.9921116e-003
 1.9928019e-003
 1.9931917e-003
 1.9933493e-003
 1.9933390e-003
 1.9932173e-003
 1.9930277e-003
 1.9928010e-003
 1.9925563e-003
 1.9923043e-003
 1.9920501e-003
 1.9917970e-003
 1.9915462e-003
 1.9912985e-003
 1.9910529e-003
 1.9908068e-003
 1.9905544e-003
 1.9902876e-003
 1.9899949e-003
 1.9896629e-003
 1.9892771e-003
 1.9888219e-003
 1.9882824e-003
 1.9876435e-003
 1.9868899e-003
 1.9860077e-003
 1.9850235e-003
 1.9841006e-003
 1.9826838e-003
 1.9810509e-003
 1.9791829e-003
 1.9770605e-003
 1.9746642e-003
 1.9719761e-003
 1.9689766e-003
 1.9656462e-003
 1.9619660e-003
 1.9579218e-003
 1.9535527e-003
 1.9489231e-003
 1.9440992e-003
 1.9391453e-003
 1.9341293e-003
 1.9291159e-003
 1.9241709e-003
 1.9193590e-003
 1.9147480e-003
 1.9104023e-003
 1.9063883e-003
 1.9027703e-003
 1.8996161e-003
 1.8969831e-003
 1.8948654e-003
 1.8932215e-003
 1.8920099e-003
 1.8911895e-003
 1.8907187e-003
 1.8905557e-003
 1.8906597e-003
 1.8909886e-003
 1.8915009e-003
 1.8921555e-003
 1.8929110e-003
 1.8937255e-003
 1.8945576e-003
 1.8953659e-003
 1.8961091e-003
 1.8967456e-003
 1.8972338e-003
 1.8975361e-003
 1.8976505e-003
 1.8975922e-003
 1.8973780e-003
 1.8970233e-003
 1.8965445e-003
 1.8959573e-003
 1.8952785e-003
 1.8945233e-003
 1.8937082e-003
 1.8928493e-003
 1.8919623e-003
 1.8910635e-003
 1.8901692e-003
 1.8892949e-003
 1.8884570e-003
 1.8876713e-003
 1.8869544e-003
 1.8863217e-003
 1.8857896e-003
 1.8853738e-003
 1.8850911e-003
 1.8849549e-003
 1.8849625e-003
 1.8851031e-003
 1.8853648e-003
 1.8857362e-003
 1.8862063e-003
 1.8867635e-003
 1.8873961e-003
 1.8880931e-003
 1.8888430e-003
 1.8896346e-003
 1.8904562e-003
 1.8912962e-003
 1.8921436e-003
 1.8929873e-003
 1.8938152e-003
 1.8946161e-003
 1.8953789e-003
 1.8960920e-003
 1.8967442e-003
 1.8973236e-003
 1.8978195e-003
 1.8982198e-003
 1.8985136e-003
 1.8986895e-003
 1.8987359e-003
 1.8986427e-003
 1.8984122e-003
 1.8980525e-003
 1.8975716e-003
 1.8969774e-003
 1.8962778e-003
 1.8954807e-003
 1.8945945e-003
 1.8936272e-003
 1.8925867e-003
 1.8914806e-003
 1.8903179e-003
 1.8891058e-003
 1.8878526e-003
 1.8865662e-003
 1.8852546e-003
 1.8839263e-003
 1.8825887e-003
 1.8812499e-003
 1.8799185e-003
 1.8786018e-003
 1.8773084e-003
 1.8760458e-003
 1.8748222e-003
 1.8736458e-003
 1.8725245e-003
 1.8714665e-003
 1.8704793e-003
 1.8695715e-003
 1.8687508e-003
 1.8680242e-003
 1.8673878e-003
 1.8668338e-003
 1.8663536e-003
