s07_ASD Record=4150:  error bars to preceding                
 7.4534822e-004
 7.5333664e-004
 7.6523062e-004
 7.7743601e-004
 7.8647299e-004
 7.9053099e-004
 7.8971201e-004
 7.8512210e-004
 7.7783596e-004
 7.6839607e-004
 7.5690856e-004
 7.4343727e-004
 7.2832260e-004
 7.1237487e-004
 6.9686677e-004
 6.8309996e-004
 6.7176740e-004
 6.6265522e-004
 6.5485755e-004
 6.4734265e-004
 6.3962332e-004
 6.3219527e-004
 6.2643824e-004
 6.2403659e-004
 6.2629086e-004
 6.3351996e-004
 6.4458477e-004
 6.5703777e-004
 6.6810008e-004
 6.7575858e-004
 6.7935640e-004
 6.7951158e-004
 6.7753938e-004
 6.7499588e-004
 6.7328691e-004
 6.7294866e-004
 6.7349611e-004
 6.7402999e-004
 6.7411299e-004
 6.7451154e-004
 6.7734130e-004
 6.8545842e-004
 7.0129446e-004
 7.2561408e-004
 7.5677235e-004
 7.9087610e-004
 8.2275824e-004
 8.4729085e-004
 8.6043513e-004
 8.5983920e-004
 8.4513170e-004
 8.1812346e-004
 7.8277913e-004
 7.4455974e-004
 7.0905121e-004
 6.8062765e-004
 6.6142314e-004
 6.5088971e-004
 6.4704608e-004
 6.4737187e-004
 6.4799166e-004
 6.4692937e-004
 6.4419163e-004
 6.4011849e-004
 6.3612947e-004
 6.3389860e-004
 6.3356385e-004
 6.3428213e-004
 6.3512538e-004
 6.3562702e-004
 6.3607004e-004
 6.3715887e-004
 6.3934829e-004
 6.4239668e-004
 6.4536562e-004
 6.4699718e-004
 6.4628018e-004
 6.4296031e-004
 6.3780544e-004
 6.3256978e-004
 6.2967022e-004
 6.3161447e-004
 6.4023456e-004
 6.5587007e-004
 6.7679113e-004
 6.9923367e-004
 7.1831152e-004
 7.2970765e-004
 7.3156325e-004
 7.2575762e-004
 7.1786717e-004
 7.1555370e-004
 7.2576792e-004
 7.5182033e-004
 7.9157489e-004
 8.3757885e-004
 8.7938388e-004
 9.0771314e-004
 9.1853651e-004
 9.1423717e-004
 9.0132799e-004
 8.8648841e-004
 8.7385293e-004
 8.6505368e-004
 8.6085976e-004
 8.6196489e-004
 8.6731563e-004
 8.7177474e-004
 8.6683809e-004
 8.4554480e-004
 8.0794271e-004
 7.6215190e-004
 7.2005077e-004
 6.9144898e-004
 6.8115542e-004
 6.8964495e-004
 7.1445026e-004
 7.5002742e-004
 7.8718149e-004
 8.1484282e-004
 8.2470686e-004
 8.1569201e-004
 7.9438055e-004
 7.7085994e-004
 7.5322430e-004
 7.4464624e-004
 7.4400532e-004
 7.4809720e-004
 7.5327046e-004
 7.5626170e-004
 7.5498078e-004
 7.4912596e-004
 7.3987752e-004
 7.2892639e-004
 7.1801362e-004
 7.0923910e-004
 7.0509035e-004
 7.0745137e-004
 7.1619172e-004
 7.2844484e-004
 7.3935284e-004
 7.4441120e-004
 7.4227789e-004
 7.3568313e-004
 7.2934409e-004
 7.2711060e-004
 7.3138979e-004
 7.4429758e-004
 7.6707319e-004
 7.9692004e-004
 8.2524930e-004
 8.4129511e-004
 8.3929818e-004
 8.2268025e-004
 8.0083113e-004
 7.8142137e-004
 7.6556235e-004
 7.4968272e-004
 7.3097047e-004
 7.1037048e-004
 6.9095660e-004
 6.7483279e-004
 6.6245580e-004
 6.5441558e-004
 6.5303408e-004
 6.6230178e-004
 6.8587170e-004
 7.2275638e-004
 7.6314929e-004
 7.9086307e-004
 7.9411868e-004
 7.7470165e-004
 7.4482849e-004
 7.1643025e-004
 6.9619814e-004
 6.8809692e-004
 6.9416140e-004
 7.1191828e-004
 7.3591736e-004
 7.6352310e-004
 7.9564512e-004
 8.3000294e-004
 8.5715385e-004
 8.6745451e-004
 8.6203596e-004
 8.5319515e-004
 8.5157680e-004
 8.5599191e-004
 8.5918303e-004
 8.5925852e-004
 8.5872051e-004
 8.5532479e-004
 8.4285630e-004
 8.2093751e-004
 7.9696713e-004
 7.7861780e-004
 7.7035726e-004
 7.7490910e-004
 7.8947132e-004
 8.0130610e-004
 7.9687266e-004
 7.7858410e-004
 7.6638308e-004
 7.7871495e-004
 8.1401510e-004
 8.5325004e-004
 8.7959779e-004
 8.9203648e-004
 8.9820742e-004
 8.9920341e-004
 8.8758243e-004
 8.5726398e-004
 8.0846704e-004
 7.4592617e-004
 6.8079756e-004
 6.3220161e-004
 6.1663426e-004
 6.3366839e-004
 6.6755695e-004
 7.0177612e-004
 7.2695140e-004
 7.3964347e-004
 7.4373226e-004
 7.5096986e-004
 7.6913671e-004
 7.8871910e-004
 7.9065200e-004
 7.7027828e-004
 7.4817176e-004
 7.5369544e-004
 7.9754210e-004
 8.5977261e-004
 9.0523809e-004
 9.1276783e-004
 8.9172192e-004
 8.7150058e-004
 8.7425241e-004
 8.9715404e-004
 9.2064036e-004
 9.2807098e-004
 9.1276527e-004
 8.7566092e-004
 8.3025434e-004
 8.0486765e-004
 8.2163443e-004
 8.6835719e-004
 9.0164825e-004
 8.8312890e-004
 8.1346539e-004
 7.3484884e-004
 6.9837045e-004
 7.2458759e-004
 7.9029793e-004
 8.5045130e-004
 8.7505794e-004
 8.6772110e-004
 8.4812130e-004
 8.2856498e-004
 8.1517221e-004
 8.1599655e-004
 8.2886865e-004
 8.3654269e-004
 8.3215965e-004
 8.2846411e-004
 8.3382207e-004
 8.4561051e-004
 8.6143962e-004
 8.7361073e-004
 8.6793548e-004
 8.4082608e-004
 8.0507773e-004
 7.8063388e-004
 7.8079780e-004
 7.9470052e-004
 7.9483591e-004
 7.7517709e-004
 7.5947680e-004
 7.6454075e-004
 7.8225689e-004
 8.0233987e-004
 8.2519557e-004
 8.4355980e-004
 8.3623675e-004
 8.0059719e-004
 7.6627167e-004
 7.5583381e-004
 7.6024065e-004
 7.6411717e-004
 7.6971203e-004
 7.8331231e-004
 7.9813111e-004
 8.0310757e-004
 7.9862244e-004
 7.9647952e-004
 8.0845557e-004
 8.3708070e-004
 8.7496213e-004
 9.0990332e-004
 9.2881039e-004
 9.1902568e-004
 8.7285426e-004
 7.9525047e-004
 7.0537283e-004
 6.2840478e-004
 5.8542320e-004
 5.8560708e-004
 6.1841478e-004
 6.5332022e-004
 6.6262094e-004
 6.5242068e-004
 6.5624062e-004
 6.9025444e-004
 7.3231809e-004
 7.5160817e-004
 7.4168219e-004
 7.1978220e-004
 7.0533605e-004
 7.0540042e-004
 7.1487669e-004
 7.2452310e-004
 7.2974834e-004
 7.3272636e-004
 7.3904073e-004
 7.5315911e-004
 7.7407807e-004
 7.9367834e-004
 8.0122642e-004
 7.9289451e-004
 7.7781163e-004
 7.7195180e-004
 7.8291894e-004
 8.0010010e-004
 8.0184708e-004
 7.7492907e-004
 7.2784233e-004
 6.8416615e-004
 6.6217931e-004
 6.6075521e-004
 6.6494022e-004
 6.6477683e-004
 6.6776894e-004
 6.9108553e-004
 7.3946931e-004
 7.9136615e-004
 8.1194605e-004
 7.8659871e-004
 7.4221462e-004
 7.2759367e-004
 7.6680421e-004
 8.3186262e-004
 8.6770998e-004
 8.5247244e-004
 8.2938408e-004
 8.5053284e-004
 8.8136754e-004
 8.6656876e-004
 8.1788236e-004
 7.8333193e-004
 7.8395935e-004
 8.0970593e-004
 8.4247335e-004
 8.5507811e-004
 8.1512990e-004
 7.2229875e-004
 6.2663143e-004
 5.8253651e-004
 6.0144940e-004
 6.6486245e-004
 7.5169303e-004
 8.3107594e-004
 8.5921708e-004
 8.1756356e-004
 7.3886284e-004
 6.7077193e-004
 6.3013850e-004
 6.0591102e-004
 5.8659434e-004
 5.7525944e-004
 5.8861251e-004
 6.4447103e-004
 7.3856936e-004
 8.2301744e-004
 8.3305169e-004
 7.7320909e-004
 7.3661393e-004
 7.7789952e-004
 8.3044817e-004
 8.2210603e-004
 7.8571436e-004
 7.7488582e-004
 7.6435553e-004
 7.1754109e-004
 6.7368418e-004
 6.9258473e-004
 7.7084749e-004
 8.5770251e-004
 9.1945101e-004
 9.5065532e-004
 9.5317903e-004
 9.2850992e-004
 8.8088925e-004
 8.1994868e-004
 7.5767713e-004
 7.0554105e-004
 6.7142677e-004
 6.5557403e-004
 6.5176550e-004
 6.5147824e-004
 6.4610475e-004
 6.2792405e-004
 5.9418887e-004
 5.5558811e-004
 5.3490809e-004
 5.5068103e-004
 5.9753360e-004
 6.4713514e-004
 6.7238213e-004
 6.7180500e-004
 6.6905870e-004
 6.8946142e-004
 7.3937979e-004
 8.0535858e-004
 8.6846866e-004
 9.1567164e-004
 9.4148947e-004
 9.4550475e-004
 9.3260861e-004
 9.1342756e-004
 9.0149941e-004
 9.0063462e-004
 8.9431228e-004
 8.6325622e-004
 7.9347624e-004
 7.0570281e-004
 6.3462427e-004
 6.1496918e-004
 6.7316648e-004
 7.8112591e-004
 8.8878960e-004
 9.4604032e-004
 9.1289834e-004
 8.1630802e-004
 7.1025954e-004
 6.4881722e-004
 6.7617447e-004
 7.7110971e-004
 8.8588026e-004
 9.7267475e-004
 9.9065923e-004
 9.4553159e-004
 8.4593386e-004
 7.4848818e-004
 6.6546071e-004
 6.0752523e-004
 5.7196780e-004
 5.5547059e-004
 5.5472855e-004
 5.6640152e-004
 5.8650965e-004
 6.1042461e-004
 6.3350052e-004
 6.5108098e-004
 6.5871875e-004
 6.5645331e-004
 6.4875645e-004
 6.4028933e-004
 6.3571020e-004
 6.3951313e-004
 6.5249699e-004
 6.7183422e-004
 6.9455261e-004
 7.1767031e-004
 7.3821394e-004
 7.5403956e-004
 7.6622149e-004
 7.7662274e-004
 7.8710035e-004
 7.9951668e-004
 8.1572880e-004
 8.3696574e-004
 8.6200715e-004
 8.8905572e-004
 9.1630244e-004
 9.4195054e-004
 9.6419145e-004
 9.8122563e-004
 9.9183165e-004
 9.9699467e-004
 9.9823088e-004
 9.9705462e-004
 9.9498034e-004
 9.9352316e-004
 9.9419733e-004
 9.9851785e-004
 1.0074876e-003
 1.0201769e-003
 1.0352047e-003
 1.0511845e-003
 1.0667365e-003
 1.0804738e-003
 1.0910152e-003
 1.0969781e-003
 1.0974172e-003
 1.0930278e-003
 1.0848878e-003
 1.0740724e-003
 1.0616612e-003
 1.0487278e-003
 1.0363526e-003
 1.0256098e-003
 1.0173321e-003
 1.0114408e-003
 1.0076507e-003
 1.0056748e-003
 1.0052269e-003
 1.0060201e-003
 1.0077689e-003
 1.0101860e-003
 1.0129859e-003
 1.0158813e-003
 1.0185867e-003
 1.0208148e-003
 1.0223434e-003
 1.0231782e-003
 1.0233786e-003
 1.0230028e-003
 1.0221095e-003
 1.0207576e-003
 1.0190052e-003
 1.0169112e-003
 1.0145344e-003
 1.0119330e-003
 1.0091662e-003
 1.0062919e-003
 1.0033799e-003
 1.0005353e-003
 9.9787267e-004
 9.9550537e-004
 9.9354819e-004
 9.9211466e-004
 9.9131919e-004
 9.9127530e-004
 9.9209743e-004
 9.9389919e-004
 9.9679537e-004
 1.0007860e-003
 1.0054745e-003
 1.0103758e-003
 1.0150064e-003
 1.0188809e-003
 1.0215156e-003
 1.0224252e-003
 1.0211261e-003
 1.0171336e-003
 1.0099626e-003
 9.9940656e-004
 9.8621543e-004
 9.7134430e-004
 9.5575495e-004
 9.4040117e-004
 9.2624425e-004
 9.1423868e-004
 9.0534490e-004
 9.0051867e-004
 9.0071885e-004
 9.0647378e-004
 9.1684377e-004
 9.3057909e-004
 9.4642461e-004
 9.6313207e-004
 9.7944564e-004
 9.9411549e-004
 1.0058910e-003
 1.0135177e-003
 1.0157455e-003
 1.0118468e-003
 1.0028658e-003
 9.9022256e-004
 9.7533158e-004
 9.5961423e-004
 9.4448478e-004
 9.3136448e-004
 9.2166825e-004
 9.1681577e-004
 9.1770029e-004
 9.2347455e-004
 9.3292654e-004
 9.4484788e-004
 9.5802476e-004
 9.7124971e-004
 9.8330900e-004
 9.9299452e-004
 9.9944510e-004
 1.0029604e-003
 1.0040764e-003
 1.0033301e-003
 1.0012585e-003
 9.9839771e-004
 9.9528511e-004
 9.9245680e-004
 9.9034898e-004
 9.8907133e-004
 9.8866585e-004
 9.8917563e-004
 9.9064270e-004
 9.9310989e-004
 9.9662005e-004
 1.0012147e-003
 1.0067393e-003
 1.0123972e-003
 1.0172655e-003
 1.0199073e-003
 1.0198503e-003
 1.0161767e-003
 1.0084229e-003
 9.9690713e-004
 9.8266394e-004
 9.6722291e-004
 9.5234485e-004
 9.3978230e-004
 9.3086419e-004
 9.2581229e-004
 9.2333241e-004
 9.2104852e-004
 9.1620005e-004
 9.0626383e-004
 8.8979921e-004
 8.6740934e-004
 8.4206491e-004
 8.1850239e-004
 8.0218533e-004
 7.9816236e-004
 8.0959487e-004
 8.3623064e-004
 8.7385299e-004
 9.1519102e-004
 9.5162122e-004
 9.7501010e-004
 9.7971887e-004
 9.6436811e-004
 9.3239767e-004
 8.9103222e-004
 8.4932731e-004
 8.1599149e-004
 7.9724204e-004
 7.9512427e-004
 8.0700155e-004
 8.2648877e-004
 8.4534107e-004
 8.5568527e-004
 8.5221801e-004
 8.0574024e-004
 7.9999742e-004
 7.9571654e-004
 7.9411810e-004
 7.9625862e-004
 8.0274377e-004
 8.1353477e-004
 8.2789856e-004
 8.4445800e-004
 8.6143828e-004
 8.7701570e-004
 8.8972354e-004
 8.9878606e-004
 9.0425648e-004
 9.0688904e-004
 9.0783415e-004
 9.0827688e-004
 9.0912159e-004
 9.1078959e-004
 9.1315998e-004
 9.1564708e-004
 9.1735815e-004
 9.1728318e-004
 9.1446837e-004
 9.0813148e-004
 8.9774939e-004
 8.8315259e-004
 8.6454954e-004
 8.4252673e-004
 8.1800140e-004
 7.9211470e-004
 7.6615746e-004
 7.4147538e-004
 7.1942690e-004
 7.0131052e-004
 6.8828452e-004
 6.8128080e-004
 6.8088225e-004
 6.8722200e-004
 6.9989072e-004
 7.1791041e-004
 7.3976198e-004
 7.6350570e-004
 7.8699115e-004
 8.0810004e-004
 8.2505756e-004
 8.3668472e-004
 8.4260345e-004
 8.4330776e-004
 8.4008137e-004
 8.3477050e-004
 8.2944531e-004
 8.2601077e-004
 8.2584878e-004
 8.2956906e-004
 8.3691604e-004
 8.4684684e-004
 8.5776486e-004
 8.6785719e-004
 8.7544561e-004
 8.7930966e-004
 8.7889016e-004
 8.7436487e-004
 8.6657191e-004
 8.5681927e-004
 8.4661465e-004
 8.3737349e-004
 8.3018158e-004
 8.2563143e-004
 8.2379073e-004
 8.2427717e-004
 8.2642765e-004
 8.2950399e-004
 8.3288312e-004
 8.3617616e-004
 8.3925581e-004
 8.4219110e-004
 8.4511528e-004
 8.4808387e-004
 8.5096125e-004
 8.5338077e-004
 8.5478596e-004
 8.5453672e-004
 8.5205142e-004
 8.4693922e-004
 8.3909178e-004
 8.2870730e-004
 8.1626448e-004
 8.0244546e-004
 7.8803621e-004
 7.7384885e-004
 7.6063629e-004
 7.4905163e-004
 7.3960208e-004
 7.3261047e-004
 7.2818593e-004
 7.2618522e-004
 7.2620320e-004
 7.2759052e-004
 7.2952243e-004
 7.3111261e-004
 7.3156244e-004
 7.3031156e-004
 7.2715949e-004
 7.2231860e-004
 7.1638817e-004
 7.1023655e-004
 7.0482923e-004
 7.0102484e-004
 6.9939060e-004
 7.0008100e-004
 7.0279802e-004
 7.0684770e-004
 7.1127916e-004
 7.1508082e-004
 7.1738561e-004
 7.1765383e-004
 7.1578653e-004
 7.1214820e-004
 7.0748891e-004
 7.0278649e-004
 6.9903524e-004
 6.9703057e-004
 6.9720362e-004
 6.9953431e-004
 7.0356758e-004
 7.0852175e-004
 7.1346224e-004
 7.1748684e-004
 7.1989279e-004
 7.2027702e-004
 7.1857200e-004
 7.1501633e-004
 7.1009150e-004
 7.0444407e-004
 6.9882418e-004
 6.9403392e-004
 6.9088128e-004
 6.9012766e-004
 6.9240294e-004
 6.9809810e-004
 7.0724270e-004
 7.1941351e-004
 7.3369214e-004
 7.4872508e-004
 7.6288986e-004
 7.7452726e-004
 7.8223646e-004
 7.8512571e-004
 7.8299659e-004
 7.7639392e-004
 7.6652237e-004
 7.5503456e-004
 7.4375764e-004
 7.3439191e-004
 7.2825112e-004
 7.2609639e-004
 7.2806352e-004
 7.3370297e-004
 7.4209995e-004
 7.5205578e-004
 7.6227856e-004
 7.7157683e-004
 7.7900017e-004
 7.8393973e-004
 7.8616577e-004
 7.8580360e-004
 7.8326947e-004
 7.7916810e-004
 7.7418046e-004
 7.6894998e-004
 7.6399662e-004
 7.5965922e-004
 7.5607951e-004
 7.5323205e-004
 7.5098017e-004
 7.4915763e-004
 7.4764621e-004
 7.4643723e-004
 7.4566051e-004
 7.4557145e-004
 7.4650184e-004
 7.4878137e-004
 7.5265137e-004
 7.5818371e-004
 7.6523103e-004
 7.7340496e-004
 7.8209833e-004
 7.9054473e-004
 7.9789234e-004
 8.0330111e-004
 8.0603751e-004
 8.0555439e-004
 8.0155802e-004
 7.9404848e-004
 7.8333466e-004
 7.7001320e-004
 7.5493351e-004
 7.3911500e-004
 7.2366645e-004
 7.0967292e-004
 6.9807796e-004
 6.8958953e-004
 6.8458362e-004
 6.8306108e-004
 6.8463472e-004
 6.8857503e-004
 6.9390086e-004
 6.9951738e-004
 7.0437178e-004
 7.0761557e-004
 7.0873776e-004
 7.0763886e-004
 7.0463517e-004
 7.0037658e-004
 6.9570192e-004
 6.9144910e-004
 6.8827794e-004
 6.8653486e-004
 6.8620243e-004
 6.8694341e-004
 6.8822422e-004
 6.8948150e-004
 6.9028471e-004
 6.9044746e-004
 6.9005741e-004
 6.8942382e-004
 6.8896299e-004
 6.8906159e-004
 6.8996235e-004
 6.9170399e-004
 6.9413119e-004
 6.9695985e-004
 6.9987646e-004
 7.0263474e-004
 7.0511794e-004
 7.0735865e-004
 7.0950942e-004
 7.1178697e-004
 7.1440858e-004
 7.1753882e-004
 7.2126248e-004
 7.2558189e-004
 7.3042599e-004
 7.3566963e-004
 7.4114010e-004
 7.4662053e-004
 7.5185136e-004
 7.5653190e-004
 7.6034828e-004
 7.6301285e-004
 7.6432643e-004
 7.6424034e-004
 7.6290150e-004
 7.6066417e-004
 7.5805688e-004
 7.5570296e-004
 7.5420702e-004
 7.5403263e-004
 7.5539219e-004
 7.5817772e-004
 7.6194730e-004
 7.6597783e-004
 7.6936983e-004
 7.7119790e-004
 7.7067496e-004
 7.6730188e-004
 7.6097611e-004
 7.5204013e-004
 7.4125628e-004
 7.2970573e-004
 7.1864959e-004
 7.0934463e-004
 7.0288382e-004
 7.0005510e-004
 7.0125749e-004
 7.0647505e-004
 7.1530079e-004
 7.2699029e-004
 7.4053742e-004
 7.5476093e-004
 7.6837378e-004
 7.8008143e-004
 7.8866642e-004
 7.9310662e-004
 7.9269719e-004
 7.8716676e-004
 7.7676499e-004
 7.6229766e-004
 7.4507995e-004
 7.2679535e-004
 7.0930296e-004
 6.9438323e-004
 6.8348780e-004
 6.7755306e-004
 6.7687844e-004
 6.8112597e-004
 6.8941363e-004
 7.0050138e-004
 7.1300945e-004
 7.2565529e-004
 7.3742884e-004
 7.4770785e-004
 7.5627893e-004
 7.6325744e-004
 7.6895591e-004
 7.7370851e-004
 7.7772012e-004
 7.8097178e-004
 7.8320660e-004
 7.8401004e-004
 7.8295026e-004
 7.7974418e-004
 7.7438878e-004
 7.6722208e-004
 7.5888290e-004
 7.5017643e-004
 7.4189546e-004
 7.3462439e-004
 7.2861183e-004
 7.2372565e-004
 7.1951596e-004
 7.1537169e-004
 7.1071601e-004
 7.0520211e-004
 6.9884845e-004
 6.9208071e-004
 6.8567967e-004
 6.8062870e-004
 6.7791506e-004
 6.7831035e-004
 6.8218750e-004
 6.8940688e-004
 6.9930253e-004
 7.1075931e-004
 7.2238204e-004
 7.3271903e-004
 7.4047985e-004
 7.4472977e-004
 7.4500544e-004
 7.4133778e-004
 7.3419098e-004
 7.2434236e-004
 7.1273517e-004
 7.0033933e-004
 6.8806886e-004
 6.7673018e-004
 6.6703663e-004
 6.5963127e-004
 6.5511052e-004
 6.5403187e-004
 6.5687869e-004
 6.6400284e-004
 6.7555043e-004
 6.9140649e-004
 7.1115210e-004
 7.3408935e-004
 7.5927895e-004
 7.8563427e-004
 8.1203942e-004
 8.3743571e-004
 8.6094061e-004
 8.8189403e-004
 8.9990482e-004
 9.1485825e-004
 9.2687499e-004
 9.3626481e-004
 9.4345497e-004
 9.4889913e-004
 9.5300039e-004
 9.5603458e-004
 9.5810642e-004
 9.5914077e-004
 9.5891522e-004
 9.5713738e-004
 9.5355039e-004
 9.4804825e-004
 9.4076735e-004
 9.3213969e-004
 9.2286902e-004
 9.1385026e-004
 9.0602296e-004
 9.0019713e-004
 8.9689752e-004
 8.9624239e-004
 8.9790410e-004
 9.0114464e-004
 9.0493000e-004
 9.0808829e-004
 9.0949057e-004
 9.0821681e-004
 9.0368453e-004
 8.9572516e-004
 8.8461046e-004
 8.7102631e-004
 8.5599790e-004
 8.4080111e-004
 8.2682498e-004
 8.1544428e-004
 8.0786773e-004
 8.0499641e-004
 8.0731075e-004
 8.1478804e-004
 8.2687574e-004
 8.4252912e-004
 8.6032413e-004
 8.7860541e-004
 8.9569861e-004
 9.1009925e-004
 9.2065922e-004
 9.2671538e-004
 9.2813541e-004
 9.2529628e-004
 9.1898092e-004
 9.1022498e-004
 9.0013165e-004
 8.8970794e-004
 8.7973522e-004
 8.7070663e-004
 8.6285186e-004
 8.5621007e-004
 8.5075264e-004
 8.4649055e-004
 8.4353838e-004
 8.4211084e-004
 8.4244041e-004
 8.4465113e-004
 8.4862899e-004
 8.5394783e-004
 8.5988332e-004
 8.6554134e-004
 8.7005977e-004
 8.7284500e-004
 8.7376271e-004
 8.7321841e-004
 8.7209785e-004
 8.7156956e-004
 8.7279768e-004
 8.7664090e-004
 8.8341592e-004
 8.9278532e-004
 9.0380281e-004
 9.1508089e-004
 9.2506310e-004
 9.3229988e-004
 9.3569915e-004
 9.3468756e-004
 9.2926918e-004
 9.1999030e-004
 9.0783898e-004
 8.9410169e-004
 8.8020170e-004
 8.6756330e-004
 8.5746835e-004
 8.5095613e-004
 8.4872794e-004
 8.5108384e-004
 8.5788994e-004
 8.6858636e-004
 8.8223163e-004
 8.9759548e-004
 9.1329054e-004
 9.2790241e-004
 9.4013312e-004
 9.4891811e-004
 9.5349411e-004
 9.5344312e-004
 9.4868802e-004
 9.3947165e-004
 9.2631177e-004
 9.0996281e-004
 8.9134893e-004
 8.7150955e-004
 8.5150945e-004
 8.3232851e-004
 8.1476785e-004
 7.9933583e-004
 7.8620849e-004
 7.7523361e-004
 7.6601922e-004
 7.5810234e-004
 7.5113587e-004
 7.4507570e-004
 7.4028689e-004
 7.3753885e-004
 7.3787913e-004
 7.4240012e-004
 7.5196003e-004
 7.6692738e-004
 7.8702869e-004
 8.1131537e-004
 8.3828764e-004
 8.6613768e-004
 8.9300855e-004
 9.1728388e-004
 9.3775598e-004
 9.5372542e-004
 9.6499262e-004
 9.7176159e-004
 9.7453431e-004
 9.7399182e-004
 9.7091292e-004
 9.6611620e-004
 9.6042402e-004
 9.5461769e-004
 9.4938412e-004
 9.4523618e-004
 9.4242609e-004
 9.4087917e-004
 9.4016385e-004
 9.3952945e-004
 9.3800708e-004
 9.3456428e-004
 9.2828611e-004
 9.1854582e-004
 9.0514193e-004
 8.8839157e-004
 8.6911744e-004
 8.4857177e-004
 8.2824839e-004
 8.0962939e-004
 7.9399807e-004
 7.8228017e-004
 7.7498949e-004
 7.7224465e-004
 7.7376212e-004
 7.7888806e-004
 7.8670419e-004
 7.9617434e-004
 8.0631883e-004
 8.1637874e-004
 8.2590082e-004
 8.3475601e-004
 8.4305782e-004
 8.5103262e-004
 8.5886673e-004
 8.6657837e-004
 8.7396853e-004
 8.8062068e-004
 8.8595983e-004
 8.8933506e-004
 8.9010730e-004
 8.8776462e-004
 8.8202854e-004
 8.7294419e-004
 8.6092611e-004
 8.4676460e-004
 8.3156355e-004
 8.1661646e-004
 8.0325670e-004
 7.9266337e-004
 7.8570325e-004
 7.8279042e-004
 7.8383338e-004
 7.8829174e-004
 7.9528469e-004
 8.0372649e-004
 8.1247021e-004
 8.2043046e-004
 8.2665356e-004
 8.3039748e-004
 8.3117950e-004
 8.2879874e-004
 8.2332001e-004
 8.1503752e-004
 8.0442009e-004
 7.9204311e-004
 7.7854778e-004
 7.6459331e-004
 7.5084448e-004
 7.3795073e-004
 7.2651979e-004
 7.1710901e-004
 7.1019924e-004
 7.0618337e-004
 7.0534006e-004
 7.0781552e-004
 7.1361032e-004
 7.2258094e-004
 7.3442142e-004
 7.4865832e-004
 7.6466403e-004
 7.8165939e-004
 7.9875404e-004
 8.1497070e-004
 8.2930725e-004
 8.4081333e-004
 8.4866316e-004
 8.5225399e-004
 8.5129339e-004
 8.4586651e-004
 8.3646923e-004
 8.2399510e-004
 8.0966350e-004
 7.9488492e-004
 7.8110170e-004
 7.6958549e-004
 7.6127256e-004
 7.5662672e-004
 7.5558259e-004
 7.5757987e-004
 7.6168159e-004
 7.6676050e-004
 7.7172281e-004
 7.7572808e-004
 7.7835534e-004
 7.7969627e-004
 7.8034215e-004
 7.8127580e-004
 7.8368187e-004
 7.8871124e-004
 7.9724868e-004
 8.0971641e-004
 8.2595932e-004
 8.4523571e-004
 8.6628733e-004
 8.8750734e-004
 9.0716226e-004
 9.2360005e-004
 9.3546772e-004
 9.4184250e-004
 9.4231579e-004
 9.3699322e-004
 9.2643732e-004
 9.1156125e-004
 8.9351455e-004
 8.7355904e-004
 8.5295219e-004
 8.3287829e-004
 8.1436784e-004
 7.9827470e-004
 7.8524544e-004
 7.7570742e-004
 7.6988142e-004
 7.6778542e-004
 7.6926203e-004
 7.7400426e-004
 7.8159512e-004
 7.9154340e-004
 8.0332340e-004
 8.1641518e-004
 8.3032344e-004
 8.4461109e-004
 8.5890113e-004
 8.7288825e-004
 8.8634499e-004
 8.9910789e-004
 9.1108482e-004
 9.2223549e-004
 9.3256793e-004
 9.4213017e-004
 9.5098902e-004
 9.5922570e-004
 9.6691499e-004
 9.7411795e-004
 9.8087720e-004
 9.8720600e-004
 9.9309580e-004
 9.9851354e-004
 1.0034101e-003
 1.0077285e-003
 1.0114055e-003
 1.0143786e-003
 1.0165903e-003
 1.0179973e-003
 1.0185774e-003
 1.0183355e-003
 1.0173107e-003
 1.0155813e-003
 1.0132689e-003
 1.0105346e-003
 1.0075733e-003
 1.0046024e-003
 1.0018429e-003
 9.9950272e-004
 9.9775509e-004
 9.9672179e-004
 9.9646242e-004
 9.9697488e-004
 9.9820306e-004
 1.0000473e-003
 1.0023764e-003
 1.0050392e-003
 1.0078757e-003
 1.0107227e-003
 1.0134233e-003
 1.0158296e-003
 1.0178125e-003
 1.0192713e-003
 1.0201418e-003
 1.0204070e-003
 1.0201046e-003
 1.0193302e-003
 1.0182317e-003
 1.0169973e-003
 1.0158330e-003
 1.0149338e-003
 1.0144516e-003
 1.0144623e-003
 1.0149404e-003
 1.0157451e-003
 1.0166219e-003
 1.0172225e-003
 1.0171441e-003
 1.0159808e-003
 1.0133877e-003
 1.0091390e-003
 1.0031834e-003
 9.9567126e-004
 9.8696561e-004
 9.7761652e-004
 9.6830603e-004
 9.5978088e-004
 9.5276342e-004
 9.4786385e-004
 9.4551232e-004
 9.4590418e-004
 9.4898330e-004
 9.5445255e-004
 9.6181978e-004
 9.7045745e-004
 9.7968581e-004
 9.8884280e-004
 9.9735358e-004
 1.0047815e-003
 1.0108469e-003
 1.0154373e-003
 1.0185838e-003
 1.0204331e-003
 1.0212092e-003
 1.0211729e-003
 1.0205893e-003
 1.0197012e-003
 1.0187136e-003
 1.0177850e-003
 1.0170289e-003
 1.0165165e-003
 1.0162847e-003
 1.0163431e-003
 1.0166805e-003
 1.0172700e-003
 1.0180735e-003
 1.0190452e-003
 1.0201338e-003
 1.0212861e-003
 1.0224490e-003
 1.0235722e-003
 1.0246105e-003
 1.0255250e-003
 1.0262856e-003
 1.0268699e-003
 1.0272658e-003
 1.0274708e-003
 1.0274933e-003
 1.0273528e-003
 1.0270798e-003
 1.0267159e-003
 1.0263110e-003
 1.0259207e-003
 1.0256001e-003
 1.0253973e-003
 1.0253453e-003
 1.0254539e-003
 1.0257043e-003
 1.0260451e-003
 1.0263938e-003
 1.0266433e-003
 1.0266728e-003
 1.0263628e-003
 1.0256125e-003
 1.0243565e-003
 1.0225795e-003
 1.0203234e-003
 1.0176913e-003
 1.0148422e-003
 1.0119760e-003
 1.0093161e-003
 1.0070809e-003
 1.0054611e-003
 1.0045944e-003
 1.0045455e-003
 1.0052985e-003
 1.0067632e-003
 1.0087846e-003
 1.0111562e-003
 1.0136337e-003
 1.0159457e-003
 1.0178071e-003
 1.0189194e-003
 1.0189716e-003
 1.0176469e-003
 1.0146338e-003
 1.0096389e-003
 1.0024034e-003
 9.9273107e-004
 9.8051154e-004
 9.6576364e-004
 9.4866171e-004
 9.2953746e-004
 9.0889039e-004
 8.8723883e-004
 8.6460030e-004
 8.4259262e-004
 8.2200195e-004
 8.0354110e-004
 7.8776316e-004
 7.7503419e-004
 7.6554390e-004
 7.5935357e-004
 7.5645727e-004
 7.5681170e-004
 7.6034665e-004
 7.6694175e-004
 7.7638571e-004
 7.8831689e-004
 8.0218591e-004
 8.1724301e-004
 8.3253981e-004
 8.4699126e-004
 8.5942034e-004
 8.6861971e-004
 8.7341381e-004
 8.7274134e-004
 8.6579780e-004
 8.5221505e-004
 8.3223474e-004
 8.0676877e-004
 7.7734864e-004
 7.4593857e-004
 7.1477384e-004
 6.8619498e-004
 6.6251151e-004
 6.4588274e-004
 6.3810137e-004
 6.4037071e-004
 6.5308635e-004
 6.7576295e-004
 7.0710958e-004
 7.4524008e-004
 7.8792986e-004
 8.3277718e-004
 8.7738497e-004
 9.1945322e-004
 9.5695537e-004
 9.8834059e-004
 1.0126717e-003
 1.0297233e-003
 1.0398910e-003
 1.0440386e-003
 1.0433079e-003
 1.0389691e-003
 1.0323209e-003
 1.0246175e-003
 1.0169892e-003
 1.0103500e-003
 1.0053258e-003
 1.0022183e-003
 1.0010401e-003
 1.0015883e-003
 1.0035320e-003
 1.0064776e-003
 1.0100140e-003
 1.0137348e-003
 1.0172627e-003
 1.0202711e-003
 1.0225006e-003
 1.0237683e-003
 1.0239602e-003
 1.0230126e-003
 1.0208926e-003
 1.0175849e-003
 1.0130869e-003
 1.0074128e-003
 1.0006131e-003
 9.9279033e-004
 9.8412472e-004
 9.7487948e-004
 9.6538925e-004
 9.5604820e-004
 9.4727805e-004
 9.3951571e-004
 9.3319028e-004
 9.2869619e-004
 9.2636049e-004
 9.2639169e-004
 9.2884043e-004
 9.3358057e-004
 9.4032910e-004
 9.4868441e-004
 9.5817470e-004
 9.6830045e-004
 9.7855402e-004
 9.8845456e-004
 9.9756976e-004
 1.0055564e-003
 1.0121948e-003
 1.0173951e-003
 1.0211909e-003
 1.0237030e-003
 1.0251061e-003
 1.0256000e-003
 1.0253919e-003
 1.0246834e-003
 1.0236597e-003
 1.0224780e-003
 1.0212555e-003
 1.0200667e-003
 1.0189466e-003
 1.0179016e-003
 1.0169209e-003
 1.0159852e-003
 1.0150729e-003
 1.0141644e-003
 1.0132450e-003
 1.0123092e-003
 1.0113642e-003
 1.0104309e-003
 1.0095427e-003
 1.0087423e-003
 1.0080775e-003
 1.0075986e-003
 1.0073545e-003
 1.0073892e-003
 1.0077361e-003
 1.0084106e-003
 1.0094038e-003
 1.0106801e-003
 1.0121790e-003
 1.0138227e-003
 1.0155224e-003
 1.0171852e-003
 1.0187175e-003
 1.0200305e-003
 1.0210461e-003
 1.0217032e-003
 1.0219656e-003
 1.0218226e-003
 1.0212881e-003
 1.0203933e-003
 1.0191803e-003
 1.0176963e-003
 1.0159907e-003
 1.0141142e-003
 1.0121175e-003
 1.0100530e-003
 1.0079743e-003
 1.0059358e-003
 1.0039944e-003
 1.0022064e-003
 1.0006296e-003
 9.9932123e-004
 9.9833601e-004
 9.9772424e-004
 9.9752517e-004
 9.9776092e-004
 9.9842949e-004
 9.9950307e-004
 1.0009296e-003
 1.0026403e-003
 1.0045555e-003
 1.0065906e-003
 1.0086616e-003
 1.0106874e-003
 1.0125960e-003
 1.0143305e-003
 1.0158538e-003
 1.0171515e-003
 1.0182289e-003
 1.0191066e-003
 1.0198137e-003
 1.0203832e-003
 1.0208476e-003
 1.0212349e-003
 1.0215621e-003
 1.0218291e-003
 1.0220106e-003
 1.0220554e-003
 1.0218876e-003
 1.0214139e-003
 1.0205304e-003
 1.0191300e-003
 1.0171094e-003
 1.0143793e-003
 1.0108812e-003
 1.0066048e-003
 1.0016096e-003
 9.9602819e-004
 9.9006249e-004
 9.8396454e-004
 9.7801338e-004
 9.7250269e-004
 9.6772308e-004
 9.6394448e-004
 9.6139638e-004
 9.6023583e-004
 9.6052414e-004
 9.6221518e-004
 9.6516695e-004
 9.6916512e-004
 9.7395456e-004
 9.7925891e-004
 9.8480179e-004
 9.9031243e-004
 9.9555089e-004
 1.0003212e-003
 1.0044856e-003
 1.0079767e-003
 1.0107873e-003
 1.0129553e-003
 1.0145442e-003
 1.0156321e-003
 1.0163006e-003
 1.0166306e-003
 1.0166977e-003
 1.0165693e-003
 1.0163001e-003
 1.0159314e-003
 1.0154925e-003
 1.0150037e-003
 1.0144797e-003
 1.0139327e-003
 1.0133735e-003
 1.0128123e-003
 1.0122579e-003
 1.0117172e-003
 1.0111959e-003
 1.0106959e-003
 1.0102176e-003
 1.0097596e-003
 1.0093196e-003
 1.0088943e-003
 1.0084811e-003
 1.0080775e-003
 1.0076818e-003
 1.0072936e-003
 1.0069147e-003
 1.0065488e-003
 1.0062015e-003
 1.0058801e-003
 1.0055925e-003
 1.0053470e-003
 1.0051518e-003
 1.0050145e-003
 1.0049414e-003
 1.0049368e-003
 1.0050015e-003
 1.0051335e-003
 1.0053277e-003
 1.0055768e-003
 1.0058720e-003
 1.0062042e-003
 1.0065632e-003
 1.0069385e-003
 1.0073186e-003
 1.0076899e-003
 1.0080362e-003
 1.0083386e-003
 1.0085758e-003
 1.0087242e-003
 1.0087595e-003
 1.0086574e-003
 1.0083945e-003
 1.0079516e-003
 1.0073163e-003
 1.0064887e-003
 1.0054866e-003
 1.0043452e-003
 1.0031173e-003
 1.0018682e-003
 1.0006699e-003
 9.9959748e-004
 9.9872577e-004
 9.9812355e-004
 9.9784834e-004
 9.9793845e-004
 9.9840516e-004
 9.9923101e-004
 1.0003723e-003
 1.0017651e-003
 1.0033346e-003
 1.0050009e-003
 1.0066819e-003
 1.0082999e-003
 1.0097839e-003
 1.0110749e-003
 1.0121309e-003
 1.0129284e-003
 1.0134610e-003
 1.0137338e-003
 1.0137600e-003
 1.0135564e-003
 1.0131415e-003
 1.0125350e-003
 1.0117581e-003
 1.0108349e-003
 1.0097926e-003
 1.0086617e-003
 1.0074762e-003
 1.0062732e-003
 1.0050904e-003
 1.0039661e-003
 1.0029384e-003
 1.0020427e-003
 1.0013101e-003
 1.0007645e-003
 1.0004193e-003
 1.0002764e-003
 1.0003280e-003
 1.0005584e-003
 1.0009474e-003
 1.0014728e-003
 1.0021111e-003
 1.0028387e-003
 1.0036317e-003
 1.0044656e-003
 1.0053158e-003
 1.0061573e-003
 1.0069638e-003
 1.0077099e-003
 1.0083695e-003
 1.0089166e-003
 1.0093262e-003
 1.0095759e-003
 1.0096479e-003
 1.0095323e-003
 1.0092304e-003
 1.0087552e-003
 1.0081311e-003
 1.0073900e-003
 1.0065684e-003
 1.0057058e-003
 1.0048408e-003
 1.0040104e-003
 1.0032470e-003
 1.0025757e-003
 1.0020111e-003
 1.0015562e-003
 1.0012039e-003
 1.0009395e-003
 1.0007435e-003
 1.0005949e-003
 1.0004722e-003
 1.0003557e-003
 1.0002295e-003
 1.0000848e-003
 9.9992123e-004
 9.9974894e-004
 9.9958701e-004
 9.9946093e-004
 9.9940028e-004
 9.9943636e-004
 9.9959946e-004
 9.9991728e-004
 1.0004098e-003
 1.0010864e-003
 1.0019401e-003
 1.0029472e-003
 1.0040676e-003
 1.0052501e-003
 1.0064372e-003
 1.0075675e-003
 1.0085811e-003
 1.0094227e-003
 1.0100463e-003
 1.0104235e-003
 1.0105486e-003
 1.0104411e-003
 1.0101435e-003
 1.0097153e-003
 1.0092256e-003
 1.0087482e-003
 1.0083566e-003
 1.0081190e-003
 1.0080931e-003
 1.0083176e-003
 1.0088058e-003
 1.0095431e-003
 1.0104893e-003
 1.0115859e-003
 1.0127632e-003
 1.0139461e-003
 1.0150601e-003
 1.0160354e-003
 1.0168122e-003
 1.0173490e-003
 1.0176288e-003
 1.0176615e-003
 1.0174816e-003
 1.0171413e-003
 1.0167034e-003
 1.0162363e-003
 1.0158076e-003
 1.0154819e-003
 1.0153145e-003
 1.0153459e-003
 1.0155962e-003
 1.0160627e-003
 1.0167222e-003
 1.0175366e-003
 1.0184591e-003
 1.0194381e-003
 1.0204221e-003
 1.0213614e-003
 1.0222117e-003
 1.0229388e-003
 1.0235206e-003
 1.0239498e-003
 1.0242319e-003
 1.0243818e-003
 1.0244200e-003
 1.0243697e-003
 1.0242549e-003
 1.0240983e-003
 1.0239203e-003
 1.0237365e-003
 1.0235570e-003
 1.0233849e-003
 1.0232169e-003
 1.0230459e-003
 1.0228618e-003
 1.0226537e-003
 1.0224109e-003
 1.0221251e-003
 1.0217931e-003
 1.0214195e-003
 1.0210203e-003
 1.0206238e-003
 1.0202694e-003
 1.0200045e-003
 1.0198816e-003
 1.0199543e-003
 1.0202754e-003
 1.0208907e-003
 1.0218337e-003
 1.0231165e-003
 1.0247221e-003
 1.0266003e-003
 1.0286728e-003
 1.0308402e-003
 1.0329887e-003
 1.0350015e-003
 1.0367638e-003
 1.0381703e-003
 1.0391409e-003
 1.0396343e-003
 1.0396637e-003
 1.0393012e-003
 1.0386730e-003
 1.0379447e-003
 1.0373063e-003
 1.0369569e-003
 1.0370972e-003
 1.0379180e-003
 1.0395900e-003
 1.0422486e-003
 1.0459794e-003
 1.0508165e-003
 1.0567453e-003
 1.0637178e-003
 1.0716594e-003
 1.0804916e-003
 1.0901357e-003
 1.1005139e-003
 1.1115732e-003
 1.1232913e-003
 1.1356793e-003
 1.1488019e-003
 1.1627623e-003
 1.1776984e-003
 1.1937553e-003
 1.2110986e-003
 1.2299010e-003
 1.2503277e-003
 1.2725686e-003
 1.2968333e-003
 1.3233379e-003
 1.3523431e-003
 1.3841359e-003
 1.4189979e-003
 1.4572414e-003
 1.4991693e-003
 1.5450735e-003
 1.5951517e-003
 1.6495099e-003
 1.7080514e-003
 1.7703570e-003
 1.8357381e-003
 1.9032283e-003
 1.9716064e-003
 2.0395766e-003
 2.1057718e-003
 2.1688335e-003
 2.2273941e-003
 2.2802220e-003
 2.3262317e-003
 2.3645109e-003
 2.3944096e-003
 2.4154761e-003
 2.4273968e-003
 2.4299680e-003
 2.4230299e-003
 2.4064712e-003
 2.3802430e-003
 2.3444230e-003
 2.2992822e-003
 2.2454048e-003
 2.1836516e-003
 2.1151542e-003
 2.0413003e-003
 1.9635509e-003
 1.8834157e-003
 1.8024638e-003
 1.7221574e-003
 1.6438625e-003
 1.5687331e-003
 1.4977116e-003
 1.4313934e-003
 1.3701140e-003
 1.3140575e-003
 1.2632448e-003
 1.2176421e-003
 1.1772178e-003
 1.1418835e-003
 1.1115264e-003
 1.0859712e-003
 1.0649853e-003
 1.0482329e-003
 1.0353067e-003
 1.0257520e-003
 1.0190714e-003
 1.0147563e-003
 1.0123014e-003
 1.0112149e-003
 1.0110441e-003
 1.0114005e-003
 1.0119819e-003
 1.0125823e-003
 1.0130832e-003
 1.0134288e-003
 1.0136026e-003
 1.0136069e-003
 1.0134516e-003
 1.0131495e-003
 1.0127153e-003
 1.0121654e-003
 1.0115186e-003
 1.0107961e-003
 1.0100210e-003
 1.0092193e-003
 1.0084170e-003
 1.0076406e-003
 1.0069169e-003
 1.0062702e-003
 1.0057215e-003
 1.0052864e-003
 1.0049716e-003
 1.0047746e-003
 1.0046853e-003
 1.0046875e-003
 1.0047621e-003
 1.0048884e-003
 1.0050455e-003
 1.0052127e-003
 1.0053704e-003
 1.0055000e-003
 1.0055850e-003
 1.0056107e-003
 1.0055645e-003
 1.0054348e-003
 1.0052115e-003
 1.0048850e-003
 1.0044459e-003
 1.0038858e-003
 1.0031958e-003
 1.0023688e-003
 1.0014367e-003
 1.0005855e-003
 9.9937688e-004
 9.9813053e-004
 9.9689257e-004
 9.9570944e-004
 9.9462701e-004
 9.9369243e-004
 9.9295168e-004
 9.9245110e-004
 9.9223712e-004
 9.9234993e-004
 9.9277101e-004
 9.9345017e-004
 9.9433656e-004
 9.9538011e-004
 9.9652936e-004
 9.9773414e-004
 9.9894358e-004
 1.0001076e-003
 1.0011748e-003
 1.0020948e-003
 1.0028172e-003
 1.0032912e-003
 1.0034661e-003
 1.0032968e-003
 1.0027896e-003
 1.0019774e-003
 1.0008938e-003
 9.9957292e-004
 9.9804788e-004
 9.9635241e-004
 9.9451991e-004
 9.9258439e-004
 9.9057925e-004
 9.8853803e-004
 9.8649401e-004
 9.8448154e-004
 9.8253379e-004
 9.8068442e-004
 9.7896706e-004
 9.7741466e-004
 9.7606186e-004
 9.7493787e-004
 9.7403751e-004
 9.7333716e-004
 9.7281364e-004
 9.7244314e-004
 9.7220205e-004
 9.7206677e-004
 9.7201398e-004
 9.7201968e-004
 9.7206060e-004
 9.7211305e-004
 9.7215339e-004
 9.7215810e-004
 9.7210362e-004
 9.7196625e-004
 9.7172253e-004
 9.7134878e-004
 9.7082154e-004
 9.7011711e-004
 9.6921175e-004
 9.6808223e-004
 9.6670480e-004
 9.6505973e-004
 9.6315943e-004
 9.6103456e-004
 9.5871434e-004
 9.5622858e-004
 9.5360720e-004
 9.5087918e-004
 9.4807555e-004
 9.4522577e-004
 9.4235915e-004
 9.3950506e-004
 9.3669479e-004
 9.3395723e-004
 9.3132199e-004
 9.2881866e-004
 9.2647801e-004
 9.2432916e-004
 9.2240202e-004
 9.2072634e-004
 9.1933151e-004
 9.1824797e-004
 9.1750536e-004
 9.1713329e-004
 9.1716152e-004
 9.1761997e-004
 9.1853831e-004
 9.1994094e-004
 9.2180847e-004
 9.2409825e-004
 9.2676881e-004
 9.2977815e-004
 9.3308435e-004
 9.3664631e-004
 9.4042061e-004
 9.4436592e-004
 9.4844034e-004
 9.5260312e-004
 9.5681020e-004
 9.6102065e-004
 9.6519245e-004
 9.6928503e-004
 9.7325398e-004
 9.7705878e-004
 9.8065729e-004
 9.8400842e-004
 9.8706875e-004
 9.8979694e-004
 9.9215121e-004
 9.9408964e-004
 9.9557056e-004
 9.9655159e-004
 9.9699071e-004
 9.9684636e-004
 9.9607627e-004
 9.9463901e-004
 9.9249231e-004
 9.8960171e-004
 9.8598935e-004
 9.8170748e-004
 9.7680604e-004
