s07_ASD Record=2274:  error bars to preceding                
 3.1477453e-003
 2.9149787e-003
 2.6700348e-003
 2.4390074e-003
 2.2455102e-003
 2.1027066e-003
 2.0108086e-003
 1.9600799e-003
 1.9356274e-003
 1.9218194e-003
 1.9053478e-003
 1.8765152e-003
 1.8294591e-003
 1.7623865e-003
 1.6787607e-003
 1.5877009e-003
 1.5020745e-003
 1.4346463e-003
 1.3941058e-003
 1.3820070e-003
 1.3918200e-003
 1.4115161e-003
 1.4292620e-003
 1.4391153e-003
 1.4436782e-003
 1.4531667e-003
 1.4801958e-003
 1.5311301e-003
 1.6012785e-003
 1.6785733e-003
 1.7503195e-003
 1.8082261e-003
 1.8492175e-003
 1.8741867e-003
 1.8877682e-003
 1.8964504e-003
 1.9051626e-003
 1.9157011e-003
 1.9267808e-003
 1.9350739e-003
 1.9366842e-003
 1.9283470e-003
 1.9081800e-003
 1.8762108e-003
 1.8349068e-003
 1.7895304e-003
 1.7479821e-003
 1.7202579e-003
 1.7188045e-003
 1.7612756e-003
 1.8753032e-003
 2.1006288e-003
 2.4802266e-003
 3.0342459e-003
 3.7258484e-003
 4.4376696e-003
 4.9837981e-003
 5.1966538e-003
 4.9978998e-003
 4.3852068e-003
 3.5630444e-003
 2.7720791e-003
 2.0936928e-003
 1.5902900e-003
 1.3056532e-003
 1.1958828e-003
 1.1912021e-003
 1.2369785e-003
 1.2938894e-003
 1.3372322e-003
 1.3618865e-003
 1.3796960e-003
 1.4072508e-003
 1.4531673e-003
 1.5127418e-003
 1.5719385e-003
 1.6169528e-003
 1.6418884e-003
 1.6490679e-003
 1.6431178e-003
 1.6246770e-003
 1.5889847e-003
 1.5299879e-003
 1.4463576e-003
 1.3450515e-003
 1.2407040e-003
 1.1519630e-003
 1.0967434e-003
 1.0876171e-003
 1.1276824e-003
 1.2080021e-003
 1.3088040e-003
 1.4060078e-003
 1.4812696e-003
 1.5299547e-003
 1.5618183e-003
 1.5930230e-003
 1.6332001e-003
 1.6769222e-003
 1.7066750e-003
 1.7046359e-003
 1.6648374e-003
 1.5982541e-003
 1.5296133e-003
 1.4881898e-003
 1.4940085e-003
 1.5471210e-003
 1.6270803e-003
 1.7017587e-003
 1.7414482e-003
 1.7321876e-003
 1.6825080e-003
 1.6198523e-003
 1.5763143e-003
 1.5703226e-003
 1.5969338e-003
 1.6349333e-003
 1.6646549e-003
 1.6805606e-003
 1.6890217e-003
 1.6968464e-003
 1.7033877e-003
 1.7031016e-003
 1.6947924e-003
 1.6878294e-003
 1.6979387e-003
 1.7344605e-003
 1.7901770e-003
 1.8438722e-003
 1.8734941e-003
 1.8673636e-003
 1.8245979e-003
 1.7486728e-003
 1.6441175e-003
 1.5196134e-003
 1.3910271e-003
 1.2779007e-003
 1.1956536e-003
 1.1520681e-003
 1.1513174e-003
 1.1984197e-003
 1.2952220e-003
 1.4300480e-003
 1.5738809e-003
 1.6908393e-003
 1.7540952e-003
 1.7529265e-003
 1.6895098e-003
 1.5757270e-003
 1.4345528e-003
 1.2996725e-003
 1.2075589e-003
 1.1837194e-003
 1.2284481e-003
 1.3114500e-003
 1.3872819e-003
 1.4281987e-003
 1.4447392e-003
 1.4674050e-003
 1.5063984e-003
 1.5369148e-003
 1.5289228e-003
 1.4862169e-003
 1.4483052e-003
 1.4532483e-003
 1.5051413e-003
 1.5807054e-003
 1.6587063e-003
 1.7315113e-003
 1.7904503e-003
 1.8140581e-003
 1.7796073e-003
 1.6852679e-003
 1.5603263e-003
 1.4553231e-003
 1.4168859e-003
 1.4585716e-003
 1.5457092e-003
 1.6111471e-003
 1.5992112e-003
 1.5084386e-003
 1.3961152e-003
 1.3345608e-003
 1.3530288e-003
 1.4180016e-003
 1.4722968e-003
 1.4955387e-003
 1.5218100e-003
 1.5919034e-003
 1.6928290e-003
 1.7555276e-003
 1.7147412e-003
 1.5686059e-003
 1.3860270e-003
 1.2635170e-003
 1.2645252e-003
 1.3782399e-003
 1.5276932e-003
 1.6276471e-003
 1.6474916e-003
 1.6233969e-003
 1.6122583e-003
 1.6347975e-003
 1.6591302e-003
 1.6357542e-003
 1.5514805e-003
 1.4533476e-003
 1.4153771e-003
 1.4716934e-003
 1.5803679e-003
 1.6595110e-003
 1.6585720e-003
 1.5917775e-003
 1.5140790e-003
 1.4770736e-003
 1.4944572e-003
 1.5282253e-003
 1.5173818e-003
 1.4471582e-003
 1.3851144e-003
 1.4192684e-003
 1.5615704e-003
 1.7359848e-003
 1.8515801e-003
 1.8611789e-003
 1.7681390e-003
 1.6216312e-003
 1.5049727e-003
 1.4866900e-003
 1.5636776e-003
 1.6664806e-003
 1.7266441e-003
 1.7317825e-003
 1.7175068e-003
 1.7178786e-003
 1.7335211e-003
 1.7488225e-003
 1.7652797e-003
 1.7999748e-003
 1.8557347e-003
 1.9112008e-003
 1.9434565e-003
 1.9498095e-003
 1.9422363e-003
 1.9233793e-003
 1.8744066e-003
 1.7725935e-003
 1.6195567e-003
 1.4505680e-003
 1.3219097e-003
 1.2871821e-003
 1.3600469e-003
 1.4816732e-003
 1.5485064e-003
 1.5046062e-003
 1.4003817e-003
 1.3288446e-003
 1.3192922e-003
 1.3185599e-003
 1.2679804e-003
 1.1730812e-003
 1.0983982e-003
 1.1068310e-003
 1.1958305e-003
 1.2916612e-003
 1.3233871e-003
 1.2951264e-003
 1.2680360e-003
 1.2887259e-003
 1.3541251e-003
 1.4258932e-003
 1.4570552e-003
 1.4278697e-003
 1.3749992e-003
 1.3468721e-003
 1.3324947e-003
 1.3062947e-003
 1.3121970e-003
 1.4085193e-003
 1.5716156e-003
 1.7212518e-003
 1.7897119e-003
 1.7532601e-003
 1.6448812e-003
 1.5377365e-003
 1.4828638e-003
 1.4694580e-003
 1.4502172e-003
 1.3928288e-003
 1.3045494e-003
 1.2211386e-003
 1.1824988e-003
 1.2179859e-003
 1.3370026e-003
 1.5045448e-003
 1.6296059e-003
 1.6309794e-003
 1.5387044e-003
 1.4772973e-003
 1.5219053e-003
 1.6275150e-003
 1.7160131e-003
 1.7643251e-003
 1.7829011e-003
 1.7638387e-003
 1.6893572e-003
 1.5823890e-003
 1.5209736e-003
 1.5617099e-003
 1.6469667e-003
 1.6606761e-003
 1.5958148e-003
 1.5613722e-003
 1.5961215e-003
 1.6127834e-003
 1.5727697e-003
 1.5655584e-003
 1.6564808e-003
 1.7760217e-003
 1.7914136e-003
 1.6527292e-003
 1.4258760e-003
 1.2246942e-003
 1.1429472e-003
 1.2091487e-003
 1.3703440e-003
 1.5262451e-003
 1.6021609e-003
 1.6005597e-003
 1.5812549e-003
 1.5928375e-003
 1.6249374e-003
 1.6243998e-003
 1.5543685e-003
 1.4365383e-003
 1.3377446e-003
 1.3193351e-003
 1.3981684e-003
 1.5440847e-003
 1.6976524e-003
 1.7885363e-003
 1.7593773e-003
 1.6007636e-003
 1.3721471e-003
 1.1758661e-003
 1.0944769e-003
 1.1445403e-003
 1.2832986e-003
 1.4460144e-003
 1.5758642e-003
 1.6400786e-003
 1.6419509e-003
 1.6213134e-003
 1.6208638e-003
 1.6282726e-003
 1.5960970e-003
 1.5031864e-003
 1.3934557e-003
 1.3609476e-003
 1.4607810e-003
 1.6439868e-003
 1.7987150e-003
 1.8442700e-003
 1.7966051e-003
 1.7520030e-003
 1.7806551e-003
 1.8543894e-003
 1.9082463e-003
 1.9242235e-003
 1.9194767e-003
 1.8969836e-003
 1.8404374e-003
 1.7461088e-003
 1.6541460e-003
 1.6341890e-003
 1.7115405e-003
 1.8280848e-003
 1.9106392e-003
 1.9450771e-003
 1.9565644e-003
 1.9619882e-003
 1.9698141e-003
 1.9835785e-003
 1.9700595e-003
 1.8731473e-003
 1.7197019e-003
 1.6487438e-003
 1.7458465e-003
 1.9189734e-003
 2.0240978e-003
 2.0311996e-003
 2.0032104e-003
 1.9885183e-003
 1.9836042e-003
 1.9637742e-003
 1.9291174e-003
 1.9111184e-003
 1.9269731e-003
 1.9572198e-003
 1.9495523e-003
 1.8788663e-003
 1.7788104e-003
 1.6727058e-003
 1.5431975e-003
 1.3798045e-003
 1.2238338e-003
 1.1613664e-003
 1.2641604e-003
 1.5103522e-003
 1.7841497e-003
 1.9670872e-003
 2.0207532e-003
 1.9871902e-003
 1.9281916e-003
 1.8843677e-003
 1.8714529e-003
 1.8916433e-003
 1.9332421e-003
 1.9731934e-003
 1.9928056e-003
 1.9956480e-003
 2.0061089e-003
 2.0407178e-003
 2.0727997e-003
 2.0416360e-003
 1.9040185e-003
 1.6747531e-003
 1.4351587e-003
 1.3024274e-003
 1.3308227e-003
 1.4739045e-003
 1.6505684e-003
 1.7911526e-003
 1.8800304e-003
 1.9232391e-003
 1.9268743e-003
 1.8963374e-003
 1.8324669e-003
 1.7342578e-003
 1.6006827e-003
 1.4352686e-003
 1.2711654e-003
 1.1535373e-003
 1.1275858e-003
 1.2281492e-003
 1.4215071e-003
 1.6461377e-003
 1.8404579e-003
 1.9503311e-003
 1.9715598e-003
 1.9057196e-003
 1.7899807e-003
 1.6370094e-003
 1.4726938e-003
 1.3323178e-003
 1.2515031e-003
 1.2659181e-003
 1.4084432e-003
 1.6496076e-003
 1.8979268e-003
 2.0593654e-003
 2.0398044e-003
 1.7529074e-003
 1.2865879e-003
 9.0039091e-004
 8.6130656e-004
 1.4362673e-003
 2.8763600e-003
 5.0851502e-003
 7.6242220e-003
 1.0041913e-002
 1.1885452e-002
 1.2702992e-002
 1.2187035e-002
 1.0592180e-002
 8.3088335e-003
 5.7282662e-003
 3.2406482e-003
 1.2372996e-003
 1.3591140e-005
-4.9965701e-004
-4.5991573e-004
-2.4517300e-005
 6.4929377e-004
 1.4040333e-003
 2.0824634e-003
 2.5609380e-003
 2.8437891e-003
 2.9660589e-003
 2.9626891e-003
 2.8686537e-003
 2.7189455e-003
 2.5485042e-003
 2.3923402e-003
 2.2778788e-003
 2.2042890e-003
 2.1640202e-003
 2.1495516e-003
 2.1533470e-003
 2.1678749e-003
 2.1856045e-003
 2.1990067e-003
 2.2022661e-003
 2.1959851e-003
 2.1822588e-003
 2.1631790e-003
 2.1408445e-003
 2.1173446e-003
 2.0947796e-003
 2.0752386e-003
 2.0603193e-003
 2.0497614e-003
 2.0428835e-003
 2.0390018e-003
 2.0374332e-003
 2.0374944e-003
 2.0385024e-003
 2.0397743e-003
 2.0406267e-003
 2.0403767e-003
 2.0383405e-003
 2.0338360e-003
 2.0263011e-003
 2.0156226e-003
 2.0017836e-003
 1.9847720e-003
 1.9645698e-003
 1.9411673e-003
 1.9145472e-003
 1.8846918e-003
 1.8515935e-003
 1.8152294e-003
 1.7755941e-003
 1.7326635e-003
 1.6868116e-003
 1.6397424e-003
 1.5934828e-003
 1.5500376e-003
 1.5114329e-003
 1.4796756e-003
 1.4567885e-003
 1.4447824e-003
 1.4456757e-003
 1.4614819e-003
 1.4942212e-003
 1.5445127e-003
 1.6081168e-003
 1.6796949e-003
 1.7539407e-003
 1.8255134e-003
 1.8891065e-003
 1.9393817e-003
 1.9710278e-003
 1.9787138e-003
 1.9571183e-003
 1.9032161e-003
 1.8219219e-003
 1.7198574e-003
 1.6036832e-003
 1.4800081e-003
 1.3554980e-003
 1.2367596e-003
 1.1304574e-003
 1.0432031e-003
 9.8165288e-004
 9.5013122e-004
 9.4513036e-004
 9.6145563e-004
 9.9391071e-004
 1.0373096e-003
 1.0864499e-003
 1.1361439e-003
 1.1812046e-003
 1.2164282e-003
 1.2366307e-003
 1.2383310e-003
 1.2238437e-003
 1.1967052e-003
 1.1604425e-003
 1.1185972e-003
 1.0746930e-003
 1.0322734e-003
 9.9486136e-004
 9.6599897e-004
 9.4816636e-004
 9.4035815e-004
 9.4084581e-004
 9.4789837e-004
 9.5978339e-004
 9.7477302e-004
 9.9113293e-004
 1.0071358e-003
 1.0213410e-003
 1.0332800e-003
 1.0426778e-003
 1.0492640e-003
 1.0527647e-003
 1.0529081e-003
 1.0494217e-003
 1.0420333e-003
 1.0310637e-003
 1.0187754e-003
 1.0078200e-003
 1.0008544e-003
 1.0005313e-003
 1.0095055e-003
 1.0304335e-003
 1.0659640e-003
 1.1171408e-003
 1.1797661e-003
 1.2486187e-003
 1.3131099e-003
 1.3763937e-003
 1.4295970e-003
 1.4689228e-003
 1.4932757e-003
 1.5037446e-003
 1.5028750e-003
 1.4939001e-003
 1.4801777e-003
 1.4645851e-003
 1.4486476e-003
 1.4320170e-003
 1.4129670e-003
 1.3892400e-003
 1.3586784e-003
 1.3198828e-003
 1.2728856e-003
 1.2193795e-003
 1.1623115e-003
 1.1052341e-003
 1.0518359e-003
 1.0056018e-003
 9.6959458e-004
 9.4636355e-004
 9.3804434e-004
 9.4645686e-004
 9.7301067e-004
 1.0183225e-003
 1.0817731e-003
 1.1613367e-003
 1.2538525e-003
 1.3553855e-003
 1.4613670e-003
 1.5664095e-003
 1.6639818e-003
 1.7463723e-003
 1.8050385e-003
 1.8315270e-003
 1.8189994e-003
 1.7642422e-003
 1.5066068e-003
 1.4379988e-003
 1.3599513e-003
 1.2779773e-003
 1.1977265e-003
 1.1245118e-003
 1.0628357e-003
 1.0161032e-003
 9.8643347e-004
 9.7451365e-004
 9.7967964e-004
 1.0000657e-003
 1.0328410e-003
 1.0744710e-003
 1.1210935e-003
 1.1688166e-003
 1.2139418e-003
 1.2532916e-003
 1.2844743e-003
 1.3061946e-003
 1.3184252e-003
 1.3224176e-003
 1.3205777e-003
 1.3161589e-003
 1.3128755e-003
 1.3144939e-003
 1.3242604e-003
 1.3442555e-003
 1.3748243e-003
 1.4142341e-003
 1.4588577e-003
 1.5037226e-003
 1.5433364e-003
 1.5725051e-003
 1.5871001e-003
 1.5846118e-003
 1.5644581e-003
 1.5280078e-003
 1.4783643e-003
 1.4199587e-003
 1.3580074e-003
 1.2980269e-003
 1.2453251e-003
 1.2045620e-003
 1.1794438e-003
 1.1724114e-003
 1.1844651e-003
 1.2150335e-003
 1.2619846e-003
 1.3217098e-003
 1.3894131e-003
 1.4594400e-003
 1.5257793e-003
 1.5826349e-003
 1.6249297e-003
 1.6488582e-003
 1.6522309e-003
 1.6347126e-003
 1.5978117e-003
 1.5446950e-003
 1.4797592e-003
 1.4081418e-003
 1.3351167e-003
 1.2655013e-003
 1.2032501e-003
 1.1511270e-003
 1.1105807e-003
 1.0818562e-003
 1.0641715e-003
 1.0560489e-003
 1.0556263e-003
 1.0609567e-003
 1.0702257e-003
 1.0818775e-003
 1.0946377e-003
 1.1074769e-003
 1.1195472e-003
 1.1301152e-003
 1.1385663e-003
 1.1444519e-003
 1.1476050e-003
 1.1482672e-003
 1.1471782e-003
 1.1455788e-003
 1.1450913e-003
 1.1474759e-003
 1.1543112e-003
 1.1666642e-003
 1.1848394e-003
 1.2082903e-003
 1.2356851e-003
 1.2651719e-003
 1.2946958e-003
 1.3223474e-003
 1.3466252e-003
 1.3665173e-003
 1.3814803e-003
 1.3912662e-003
 1.3957479e-003
 1.3947795e-003
 1.3881609e-003
 1.3757152e-003
 1.3574508e-003
 1.3337308e-003
 1.3053712e-003
 1.2736626e-003
 1.2402238e-003
 1.2068214e-003
 1.1751270e-003
 1.1465144e-003
 1.1219841e-003
 1.1021368e-003
 1.0872727e-003
 1.0774840e-003
 1.0727324e-003
 1.0728707e-003
 1.0775854e-003
 1.0863127e-003
 1.0981587e-003
 1.1118939e-003
 1.1260232e-003
 1.1389529e-003
 1.1492053e-003
 1.1556051e-003
 1.1574171e-003
 1.1543648e-003
 1.1465631e-003
 1.1343801e-003
 1.1183098e-003
 1.0988784e-003
 1.0766557e-003
 1.0523202e-003
 1.0267475e-003
 1.0010902e-003
 9.7672199e-004
 9.5511088e-004
 9.3756465e-004
 9.2495274e-004
 9.1750285e-004
 9.1471284e-004
 9.1545412e-004
 9.1824570e-004
 9.2163368e-004
 9.2457759e-004
 9.2674268e-004
 9.2861796e-004
 9.3142712e-004
 9.3686540e-004
 9.4672118e-004
 9.6247869e-004
 9.8499365e-004
 1.0142700e-003
 1.0494193e-003
 1.0887100e-003
 1.1297511e-003
 1.1697441e-003
 1.2057116e-003
 1.2347994e-003
 1.2545020e-003
 1.2629236e-003
 1.2589958e-003
 1.2426556e-003
 1.2149560e-003
 1.1780974e-003
 1.1353231e-003
 1.0906587e-003
 1.0485721e-003
 1.0134829e-003
 9.8923047e-004
 9.7860314e-004
 9.8292076e-004
 1.0018270e-003
 1.0332849e-003
 1.0738502e-003
 1.1191200e-003
 1.1644012e-003
 1.2053505e-003
 1.2385898e-003
 1.2621124e-003
 1.2753793e-003
 1.2791718e-003
 1.2751744e-003
 1.2654626e-003
 1.2519970e-003
 1.2362843e-003
 1.2192398e-003
 1.2012973e-003
 1.1826518e-003
 1.1635373e-003
 1.1444394e-003
 1.1261292e-003
 1.1095173e-003
 1.0954092e-003
 1.0842046e-003
 1.0757149e-003
 1.0691275e-003
 1.0631691e-003
 1.0564275e-003
 1.0477274e-003
 1.0364765e-003
 1.0228750e-003
 1.0079392e-003
 9.9336682e-004
 9.8124484e-004
 9.7372639e-004
 9.7270106e-004
 9.7954250e-004
 9.9494646e-004
 1.0188682e-003
 1.0505130e-003
 1.0883892e-003
 1.1304066e-003
 1.1739599e-003
 1.2160855e-003
 1.2536653e-003
 1.2836281e-003
 1.3032580e-003
 1.3104540e-003
 1.3040119e-003
 1.2838123e-003
 1.2509195e-003
 1.2075190e-003
 1.1567520e-003
 1.1023921e-003
 1.0484125e-003
 9.9858886e-004
 9.5603819e-004
 9.2294998e-004
 9.0040092e-004
 8.8836509e-004
 8.8590721e-004
 8.9146575e-004
 9.0319879e-004
 9.1928709e-004
 9.3814952e-004
 9.5850142e-004
 9.7931875e-004
 9.9968899e-004
 1.0186755e-003
 1.0352373e-003
 1.0482306e-003
 1.0565374e-003
 1.0592601e-003
 1.0559226e-003
 1.0466231e-003
 1.0320829e-003
 1.0135727e-003
 9.9272188e-004
 9.7129651e-004
 9.5094013e-004
 9.3300373e-004
 9.1843127e-004
 9.0773834e-004
 9.0107223e-004
 8.9828635e-004
 8.9903036e-004
 9.0280472e-004
 9.0898928e-004
 9.1683870e-004
 9.2548056e-004
 9.3391922e-004
 9.4108511e-004
 9.4592961e-004
 9.4755314e-004
 9.4536284e-004
 9.3921222e-004
 9.2949660e-004
 9.1715640e-004
 9.0359134e-004
 8.9046749e-004
 8.7945850e-004
 8.7199709e-004
 8.6907123e-004
 8.7116100e-004
 8.7831711e-004
 8.9038390e-004
 9.0727687e-004
 9.2924223e-004
 9.5694925e-004
 9.9138007e-004
 1.0335040e-003
 1.0837459e-003
 1.1414975e-003
 1.2046882e-003
 1.2696920e-003
 1.3316115e-003
 1.3848338e-003
 1.4239401e-003
 1.4445789e-003
 1.4442847e-003
 1.4229551e-003
 1.3829352e-003
 1.3286949e-003
 1.2661219e-003
 1.2016852e-003
 1.1414484e-003
 1.0903126e-003
 1.0514236e-003
 1.0259199e-003
 1.0130579e-003
 1.0105751e-003
 1.0152906e-003
 1.0237586e-003
 1.0328826e-003
 1.0403540e-003
 1.0448796e-003
 1.0461557e-003
 1.0446588e-003
 1.0413100e-003
 1.0371207e-003
 1.0328980e-003
 1.0290773e-003
 1.0256949e-003
 1.0224864e-003
 1.0190723e-003
 1.0151627e-003
 1.0107234e-003
 1.0060645e-003
 1.0018154e-003
 9.9880667e-004
 9.9787745e-004
 9.9966652e-004
 1.0044470e-003
 1.0120521e-003
 1.0219160e-003
 1.0332265e-003
 1.0451471e-003
 1.0570219e-003
 1.0685271e-003
 1.0796789e-003
 1.0907262e-003
 1.1019545e-003
 1.1134675e-003
 1.1250689e-003
 1.1362701e-003
 1.1464700e-003
 1.1552386e-003
 1.1625941e-003
 1.1691671e-003
 1.1761494e-003
 1.1849893e-003
 1.1969213e-003
 1.2124343e-003
 1.2308771e-003
 1.2503524e-003
 1.2679388e-003
 1.2802732e-003
 1.2842909e-003
 1.2779851e-003
 1.2609385e-003
 1.2345155e-003
 1.2016268e-003
 1.1661896e-003
 1.1323661e-003
 1.1037907e-003
 1.0829968e-003
 1.0710625e-003
 1.0676028e-003
 1.0709908e-003
 1.0787667e-003
 1.0881005e-003
 1.0962415e-003
 1.1008702e-003
 1.1003549e-003
 1.0938983e-003
 1.0815958e-003
 1.0644220e-003
 1.0441378e-003
 1.0231552e-003
 1.0042998e-003
 9.9054782e-004
 9.8469050e-004
 9.8900055e-004
 1.0049331e-003
 1.0329115e-003
 1.0722179e-003
 1.1210421e-003
 1.1766987e-003
 1.2359065e-003
 1.2952392e-003
 1.3514968e-003
 1.4020967e-003
 1.4453443e-003
 1.4804881e-003
 1.5076805e-003
 1.5277127e-003
 1.5416995e-003
 1.5507316e-003
 1.5555803e-003
 1.5565495e-003
 1.5534766e-003
 1.5458756e-003
 1.5331609e-003
 1.5148857e-003
 1.4909118e-003
 1.4614608e-003
 1.4270936e-003
 1.3885751e-003
 1.3467908e-003
 1.3026819e-003
 1.2572535e-003
 1.2117041e-003
 1.1674856e-003
 1.1263780e-003
 1.0903820e-003
 1.0614680e-003
 1.0412500e-003
 1.0305751e-003
 1.0292452e-003
 1.0358966e-003
 1.0481533e-003
 1.0630101e-003
 1.0774067e-003
 1.0888248e-003
 1.0958093e-003
 1.0982687e-003
 1.0974873e-003
 1.0958598e-003
 1.0963938e-003
 1.1020909e-003
 1.1153271e-003
 1.1373404e-003
 1.1679205e-003
 1.2053645e-003
 1.2466430e-003
 1.2878434e-003
 1.3246881e-003
 1.3531559e-003
 1.3700502e-003
 1.3734064e-003
 1.3627436e-003
 1.3390764e-003
 1.3047294e-003
 1.2629556e-003
 1.2174991e-003
 1.1720607e-003
 1.1298814e-003
 1.0933799e-003
 1.0639480e-003
 1.0419481e-003
 1.0268230e-003
 1.0173396e-003
 1.0119113e-003
 1.0089029e-003
 1.0069032e-003
 1.0049038e-003
 1.0023768e-003
 9.9926419e-004
 9.9589396e-004
 9.9286879e-004
 9.9094841e-004
 9.9095237e-004
 9.9369173e-004
 9.9992263e-004
 1.0103080e-003
 1.0253771e-003
 1.0454806e-003
 1.0707123e-003
 1.1008569e-003
 1.1353084e-003
 1.1730418e-003
 1.2126379e-003
 1.2523202e-003
 1.2900943e-003
 1.3239367e-003
 1.3519761e-003
 1.3727404e-003
 1.3853204e-003
 1.3895123e-003
 1.3858568e-003
 1.3755824e-003
 1.3604561e-003
 1.3425703e-003
 1.3240859e-003
 1.3069732e-003
 1.2928196e-003
 1.2826808e-003
 1.2770516e-003
 1.2759092e-003
 1.2788419e-003
 1.2852200e-003
 1.2943781e-003
 1.3057549e-003
 1.3189743e-003
 1.3338492e-003
 1.3502917e-003
 1.3682001e-003
 1.3873111e-003
 1.4071082e-003
 1.4268049e-003
 1.4453918e-003
 1.4617763e-003
 1.4749529e-003
 1.4841410e-003
 1.4888897e-003
 1.4890819e-003
 1.4848789e-003
 1.4766151e-003
 1.4647058e-003
 1.4495911e-003
 1.4317641e-003
 1.4118452e-003
 1.3906735e-003
 1.3693908e-003
 1.3494134e-003
 1.3323416e-003
 1.3197553e-003
 1.3129751e-003
 1.3128570e-003
 1.3196542e-003
 1.3330095e-003
 1.3520563e-003
 1.3755998e-003
 1.4022823e-003
 1.4307122e-003
 1.4595047e-003
 1.4872078e-003
 1.5122334e-003
 1.5327620e-003
 1.5468213e-003
 1.5524559e-003
 1.5479506e-003
 1.5320948e-003
 1.5043842e-003
 1.4650702e-003
 1.4153130e-003
 1.3572965e-003
 1.2940739e-003
 1.2293560e-003
 1.1670850e-003
 1.1109370e-003
 1.0639612e-003
 1.0282374e-003
 1.0047739e-003
 9.9345099e-004
 9.9314947e-004
 1.0020458e-003
 1.0178423e-003
 1.0379707e-003
 1.0597896e-003
 1.0807833e-003
 1.0987147e-003
 1.1118400e-003
 1.1191296e-003
 1.1204293e-003
 1.1165472e-003
 1.1091918e-003
 1.1007553e-003
 1.0939336e-003
 1.0912522e-003
 1.0945599e-003
 1.1046167e-003
 1.1208557e-003
 1.1414640e-003
 1.1637480e-003
 1.1846722e-003
 1.2014008e-003
 1.2117961e-003
 1.2147310e-003
 1.2102461e-003
 1.1996450e-003
 1.1853600e-003
 1.1706017e-003
 1.1588321e-003
 1.1531659e-003
 1.1557837e-003
 1.1675439e-003
 1.1878287e-003
 1.2146680e-003
 1.2450552e-003
 1.2754259e-003
 1.3022133e-003
 1.3223059e-003
 1.3333770e-003
 1.3340354e-003
 1.3238977e-003
 1.3035542e-003
 1.2744779e-003
 1.2388433e-003
 1.1993891e-003
 1.1591748e-003
 1.1212667e-003
 1.0884543e-003
 1.0629207e-003
 1.0460432e-003
 1.0382518e-003
 1.0390561e-003
 1.0472127e-003
 1.0609815e-003
 1.0784534e-003
 1.0978559e-003
 1.1178283e-003
 1.1375644e-003
 1.1568518e-003
 1.1759892e-003
 1.1955784e-003
 1.2162931e-003
 1.2386045e-003
 1.2625750e-003
 1.2877414e-003
 1.3130781e-003
 1.3371161e-003
 1.3581081e-003
 1.3742809e-003
 1.3840910e-003
 1.3864306e-003
 1.3807851e-003
 1.3672898e-003
 1.3467039e-003
 1.3202931e-003
 1.2896908e-003
 1.2566943e-003
 1.2231164e-003
 1.1906296e-003
 1.1606469e-003
 1.1342796e-003
 1.1122940e-003
 1.0951038e-003
 1.0828064e-003
 1.0752005e-003
 1.0718433e-003
 1.0720984e-003
 1.0752003e-003
 1.0803215e-003
 1.0866419e-003
 1.0934059e-003
 1.0999716e-003
 1.1058416e-003
 1.1106640e-003
 1.1142236e-003
 1.1164072e-003
 1.1171671e-003
 1.1164845e-003
 1.1143441e-003
 1.1107267e-003
 1.1056288e-003
 1.0991012e-003
 1.0913025e-003
 1.0825635e-003
 1.0734366e-003
 1.0647147e-003
 1.0574237e-003
 1.0527489e-003
 1.0519319e-003
 1.0561197e-003
 1.0662078e-003
 1.0826848e-003
 1.1055295e-003
 1.1341465e-003
 1.1673748e-003
 1.2035832e-003
 1.2407864e-003
 1.2768650e-003
 1.3097364e-003
 1.3375592e-003
 1.3589133e-003
 1.3728632e-003
 1.3789944e-003
 1.3773743e-003
 1.3685077e-003
 1.3532586e-003
 1.3327756e-003
 1.3083931e-003
 1.2816036e-003
 1.2539782e-003
 1.2270610e-003
 1.2022873e-003
 1.1808714e-003
 1.1637086e-003
 1.1513260e-003
 1.1438518e-003
 1.1410736e-003
 1.1425351e-003
 1.1476950e-003
 1.1561076e-003
 1.1676049e-003
 1.1824125e-003
 1.2011825e-003
 1.2249330e-003
 1.2548566e-003
 1.2921012e-003
 1.3374749e-003
 1.3911993e-003
 1.4527439e-003
 1.5206940e-003
 1.5928112e-003
 1.6660831e-003
 1.7369932e-003
 1.8018982e-003
 1.8573899e-003
 1.9007457e-003
 1.9303021e-003
 1.9456727e-003
 1.9478506e-003
 1.9390649e-003
 1.9224959e-003
 1.9018353e-003
 1.8808034e-003
 1.8626367e-003
 1.8496850e-003
 1.8431178e-003
 1.8428123e-003
 1.8474266e-003
 1.8546351e-003
 1.8614900e-003
 1.8648549e-003
 1.8618422e-003
 1.8501901e-003
 1.8285323e-003
 1.7965472e-003
 1.7549621e-003
 1.7054182e-003
 1.6503005e-003
 1.5924815e-003
 1.5350506e-003
 1.4811375e-003
 1.4336777e-003
 1.3953191e-003
 1.3682920e-003
 1.3543179e-003
 1.3545471e-003
 1.3694625e-003
 1.3988039e-003
 1.4415005e-003
 1.4956782e-003
 1.5586735e-003
 1.6272224e-003
 1.6976369e-003
 1.7661237e-003
 1.8291498e-003
 1.8837221e-003
 1.9277328e-003
 1.9600999e-003
 1.9808582e-003
 1.9910848e-003
 1.9926846e-003
 1.9881024e-003
 1.9799715e-003
 1.9707701e-003
 1.9625188e-003
 1.9565816e-003
 1.9535678e-003
 1.9533574e-003
 1.9552333e-003
 1.9580934e-003
 1.9606985e-003
 1.9619281e-003
 1.9609921e-003
 1.9575742e-003
 1.9518824e-003
 1.9446071e-003
 1.9367834e-003
 1.9295842e-003
 1.9240836e-003
 1.9210093e-003
 1.9205469e-003
 1.9222118e-003
 1.9248297e-003
 1.9266271e-003
 1.9254383e-003
 1.9189948e-003
 1.9052714e-003
 1.8828209e-003
 1.8510702e-003
 1.8105049e-003
 1.7626854e-003
 1.7101561e-003
 1.6561293e-003
 1.6041421e-003
 1.5575942e-003
 1.5192924e-003
 1.4911197e-003
 1.4737659e-003
 1.4666667e-003
 1.4680580e-003
 1.4752354e-003
 1.4849530e-003
 1.4939185e-003
 1.4992927e-003
 1.4991346e-003
 1.4927178e-003
 1.4806085e-003
 1.4644651e-003
 1.4467151e-003
 1.4301466e-003
 1.4174908e-003
 1.4110715e-003
 1.4125240e-003
 1.4226764e-003
 1.4414486e-003
 1.4677433e-003
 1.4994500e-003
 1.5335979e-003
 1.5666439e-003
 1.5948309e-003
 1.6146740e-003
 1.6234231e-003
 1.6194853e-003
 1.6026148e-003
 1.5739285e-003
 1.5421764e-003
 1.4931220e-003
 1.4413233e-003
 1.3905829e-003
 1.3442492e-003
 1.3047920e-003
 1.2736056e-003
 1.2510746e-003
 1.2368587e-003
 1.2302328e-003
 1.2303032e-003
 1.2361313e-003
 1.2467731e-003
 1.2612995e-003
 1.2787937e-003
 1.2983552e-003
 1.3190991e-003
 1.3401278e-003
 1.3605511e-003
 1.3794701e-003
 1.3959931e-003
 1.4092595e-003
 1.4184708e-003
 1.4229780e-003
 1.4223751e-003
 1.4166008e-003
 1.4059757e-003
 1.3911679e-003
 1.3730922e-003
 1.3528178e-003
 1.3314810e-003
 1.3102202e-003
 1.2901439e-003
 1.2722556e-003
 1.2574050e-003
 1.2462247e-003
 1.2391043e-003
 1.2362223e-003
 1.2375955e-003
 1.2431445e-003
 1.2527376e-003
 1.2662169e-003
 1.2833877e-003
 1.3039971e-003
 1.3277077e-003
 1.3540473e-003
 1.3824183e-003
 1.4120894e-003
 1.4422376e-003
 1.4719979e-003
 1.5004729e-003
 1.5267937e-003
 1.5501420e-003
 1.5698305e-003
 1.5853966e-003
 1.5966633e-003
 1.6037864e-003
 1.6072113e-003
 1.6076023e-003
 1.6057515e-003
 1.6025042e-003
 1.5986972e-003
 1.5950940e-003
 1.5922906e-003
 1.5906012e-003
 1.5899596e-003
 1.5898768e-003
 1.5894829e-003
 1.5876273e-003
 1.5829951e-003
 1.5742066e-003
 1.5599084e-003
 1.5388731e-003
 1.5101699e-003
 1.4733383e-003
 1.4285815e-003
 1.3768306e-003
 1.3196523e-003
 1.2591205e-003
 1.1975672e-003
 1.1374692e-003
 1.0813023e-003
 1.0313966e-003
 9.8981848e-004
 9.5812499e-004
 9.3722652e-004
 9.2729577e-004
 9.2784018e-004
 9.3788345e-004
 9.5615257e-004
 9.8124426e-004
 1.0117088e-003
 1.0461449e-003
 1.0832459e-003
 1.1218856e-003
 1.1612001e-003
 1.2005812e-003
 1.2396880e-003
 1.2783483e-003
 1.3164984e-003
 1.3541372e-003
 1.3912502e-003
 1.4278064e-003
 1.4636782e-003
 1.4985966e-003
 1.5321136e-003
 1.5635530e-003
 1.5920622e-003
 1.6166363e-003
 1.6361916e-003
 1.6496256e-003
 1.6558614e-003
 1.6539457e-003
 1.6431743e-003
 1.6232688e-003
 1.5945139e-003
 1.5578336e-003
 1.5147271e-003
 1.4670980e-003
 1.4171203e-003
 1.3670534e-003
 1.3191757e-003
 1.2756576e-003
 1.2384068e-003
 1.2089344e-003
 1.1881700e-003
 1.1764292e-003
 1.1734576e-003
 1.1785831e-003
 1.1908828e-003
 1.2093155e-003
 1.2327911e-003
 1.2602105e-003
 1.2905013e-003
 1.3226097e-003
 1.3555426e-003
 1.3883463e-003
 1.4201134e-003
 1.4499817e-003
 1.4771023e-003
 1.5006514e-003
 1.5198604e-003
 1.5340596e-003
 1.5428064e-003
 1.5460161e-003
 1.5440999e-003
 1.5380133e-003
 1.5292068e-003
 1.5194886e-003
 1.5108832e-003
 1.5054952e-003
 1.5053916e-003
 1.5124569e-003
 1.5281787e-003
 1.5533742e-003
 1.5879497e-003
 1.6308201e-003
 1.6799765e-003
 1.7327643e-003
 1.7861166e-003
 1.8367971e-003
 1.8815988e-003
 1.9174945e-003
 1.9419106e-003
 1.9530387e-003
 1.9500898e-003
 1.9334146e-003
 1.9043921e-003
 1.8651651e-003
 1.8183133e-003
 1.7666459e-003
 1.7129931e-003
 1.6601189e-003
 1.6105623e-003
 1.5664595e-003
 1.5294452e-003
 1.5005548e-003
 1.4803142e-003
 1.4688580e-003
 1.4660824e-003
 1.4717651e-003
 1.4856143e-003
 1.5072618e-003
 1.5362089e-003
 1.5717632e-003
 1.6129403e-003
 1.6584683e-003
 1.7067846e-003
 1.7561229e-003
 1.8046163e-003
 1.8503364e-003
 1.8913838e-003
 1.9259951e-003
 1.9526503e-003
 1.9702800e-003
 1.9783971e-003
 1.9771748e-003
 1.9673780e-003
 1.9502098e-003
 1.9271283e-003
 1.8997182e-003
 1.8695677e-003
 1.8382238e-003
 1.8070481e-003
 1.7771238e-003
 1.7491757e-003
 1.7234877e-003
 1.6999719e-003
 1.6782560e-003
 1.6578172e-003
 1.6380427e-003
 1.6183147e-003
 1.5980846e-003
 1.5769234e-003
 1.5546267e-003
 1.5313122e-003
 1.5074214e-003
 1.4837066e-003
 1.4611409e-003
 1.4408462e-003
 1.4239838e-003
 1.4117119e-003
 1.4051216e-003
 1.4051268e-003
 1.4123642e-003
 1.4270815e-003
 1.4491053e-003
 1.4778853e-003
 1.5125666e-003
 1.5521444e-003
 1.5955282e-003
 1.6416154e-003
 1.6892845e-003
 1.7374960e-003
 1.7852976e-003
 1.8318208e-003
 1.8763619e-003
 1.9183332e-003
 1.9572047e-003
 1.9925304e-003
 2.0238867e-003
 2.0508836e-003
 2.0731629e-003
 2.0904811e-003
 2.1027476e-003
 2.1100764e-003
 2.1128266e-003
 2.1115656e-003
 2.1070186e-003
 2.1000037e-003
 2.0913759e-003
 2.0819961e-003
 2.0726754e-003
 2.0641282e-003
 2.0569013e-003
 2.0513206e-003
 2.0474563e-003
 2.0451546e-003
 2.0440959e-003
 2.0438607e-003
 2.0439862e-003
 2.0440056e-003
 2.0434859e-003
 2.0420740e-003
 2.0395517e-003
 2.0358865e-003
 2.0312481e-003
 2.0259893e-003
 2.0206021e-003
 2.0156549e-003
 2.0117487e-003
 2.0094819e-003
 2.0093995e-003
 2.0119369e-003
 2.0173448e-003
 2.0256166e-003
 2.0364695e-003
 2.0493695e-003
 2.0635871e-003
 2.0782913e-003
 2.0926008e-003
 2.1056181e-003
 2.1164883e-003
 2.1244327e-003
 2.1287997e-003
 2.1291247e-003
 2.1251400e-003
 2.1167565e-003
 2.1040246e-003
 2.0870715e-003
 2.0660651e-003
 2.0412225e-003
 2.0127972e-003
 1.9811317e-003
 1.9467451e-003
 1.9103404e-003
 1.8728565e-003
 1.8354309e-003
 1.7993789e-003
 1.7660769e-003
 1.7369338e-003
 1.7133516e-003
 1.6966027e-003
 1.6877353e-003
 1.6874181e-003
 1.6957892e-003
 1.7124162e-003
 1.7363315e-003
 1.7661934e-003
 1.8004278e-003
 1.8373652e-003
 1.8752933e-003
 1.9125855e-003
 1.9477620e-003
 1.9795678e-003
 2.0071138e-003
 2.0298834e-003
 2.0476850e-003
 2.0605945e-003
 2.0688337e-003
 2.0727005e-003
 2.0725259e-003
 2.0686672e-003
 2.0615095e-003
 2.0514894e-003
 2.0391024e-003
 2.0249109e-003
 2.0095506e-003
 1.9936932e-003
 1.9780367e-003
 1.9632976e-003
 1.9501698e-003
 1.9393099e-003
 1.9312855e-003
 1.9265242e-003
 1.9252502e-003
 1.9274718e-003
 1.9329987e-003
 1.9414953e-003
 1.9525420e-003
 1.9656664e-003
 1.9803855e-003
 1.9962043e-003
 2.0126221e-003
 2.0291121e-003
 2.0451413e-003
 2.0601561e-003
 2.0735729e-003
 2.0848077e-003
 2.0932676e-003
 2.0983589e-003
 2.0995208e-003
 2.0962574e-003
 2.0882164e-003
 2.0752766e-003
 2.0576350e-003
 2.0358332e-003
 2.0107459e-003
 1.9834659e-003
 1.9552216e-003
 1.9273205e-003
 1.9010463e-003
 1.8776144e-003
 1.8580992e-003
 1.8432921e-003
 1.8336296e-003
 1.8291484e-003
 1.8295272e-003
 1.8341752e-003
 1.8423467e-003
 1.8532160e-003
 1.8659469e-003
 1.8797334e-003
 1.8938353e-003
 1.9076521e-003
 1.9207604e-003
 1.9329226e-003
 1.9440884e-003
 1.9543341e-003
 1.9638166e-003
 1.9727228e-003
 1.9812563e-003
 1.9896114e-003
 1.9979496e-003
 2.0063913e-003
 2.0149937e-003
 2.0237362e-003
 2.0325419e-003
 2.0412835e-003
 2.0498084e-003
 2.0579454e-003
 2.0655286e-003
 2.0724009e-003
 2.0784230e-003
 2.0834992e-003
 2.0875847e-003
 2.0906897e-003
 2.0928795e-003
 2.0942569e-003
 2.0949477e-003
 2.0950872e-003
 2.0948139e-003
 2.0942602e-003
 2.0935452e-003
 2.0927659e-003
 2.0919873e-003
 2.0912411e-003
 2.0905274e-003
 2.0898236e-003
 2.0890941e-003
 2.0882962e-003
 2.0873875e-003
 2.0863293e-003
 2.0850946e-003
 2.0836729e-003
 2.0820787e-003
 2.0803541e-003
 2.0785646e-003
 2.0767932e-003
 2.0751350e-003
 2.0736877e-003
 2.0725483e-003
 2.0718039e-003
 2.0715245e-003
 2.0717471e-003
 2.0724663e-003
 2.0736291e-003
 2.0751392e-003
 2.0768696e-003
 2.0786733e-003
 2.0803967e-003
 2.0818864e-003
 2.0829982e-003
 2.0836112e-003
 2.0836415e-003
 2.0830554e-003
 2.0818771e-003
 2.0801802e-003
 2.0780754e-003
 2.0756980e-003
 2.0731911e-003
 2.0706987e-003
 2.0683596e-003
 2.0662944e-003
 2.0645945e-003
 2.0633128e-003
 2.0624595e-003
 2.0620045e-003
 2.0618893e-003
 2.0620385e-003
 2.0623680e-003
 2.0627917e-003
 2.0632255e-003
 2.0635903e-003
 2.0638166e-003
 2.0638483e-003
 2.0636437e-003
 2.0631736e-003
 2.0624190e-003
 2.0613668e-003
 2.0600075e-003
 2.0583346e-003
 2.0563479e-003
 2.0540580e-003
 2.0514929e-003
 2.0487078e-003
 2.0457830e-003
 2.0428246e-003
 2.0399564e-003
 2.0373168e-003
 2.0350525e-003
 2.0333291e-003
 2.0323535e-003
 2.0324127e-003
 2.0339293e-003
 2.0375077e-003
 2.0439553e-003
 2.0542643e-003
 2.0695529e-003
 2.0910210e-003
 2.1198839e-003
 2.1573131e-003
 2.2042841e-003
 2.2614461e-003
 2.3288713e-003
 2.4057874e-003
 2.4905878e-003
 2.5808769e-003
 2.6736089e-003
 2.7654571e-003
 2.8529284e-003
 2.9325627e-003
 3.0010336e-003
 3.0555010e-003
 3.0938319e-003
 3.1148444e-003
 3.1184673e-003
 3.1055899e-003
 3.0778339e-003
 3.0372438e-003
 2.9860570e-003
 2.9266051e-003
 2.8611419e-003
 2.7917973e-003
 2.7204494e-003
 2.6487070e-003
 2.5777719e-003
 2.5085255e-003
 2.4416619e-003
 2.3776828e-003
 2.3170202e-003
 2.2601150e-003
 2.2073400e-003
 2.1590504e-003
 2.1155404e-003
 2.0770652e-003
 2.0437720e-003
 2.0157450e-003
 1.9930357e-003
 1.9756416e-003
 1.9635386e-003
 1.9566701e-003
 1.9548822e-003
 1.9578475e-003
 1.9649484e-003
 1.9751650e-003
 1.9870431e-003
 1.9987335e-003
 2.0080868e-003
 2.0127948e-003
 2.0104884e-003
 1.9988604e-003
 1.9758295e-003
 1.9397856e-003
 1.8899504e-003
 1.8266153e-003
 1.7512888e-003
 1.6665483e-003
 1.5758332e-003
 1.4829941e-003
 1.3920823e-003
 1.3072105e-003
 1.2322150e-003
 1.1704628e-003
 1.1245604e-003
 1.0959790e-003
 1.0850079e-003
 1.0908477e-003
 1.1118759e-003
 1.1459782e-003
 1.1908141e-003
 1.2439362e-003
 1.3029650e-003
 1.3656653e-003
 1.4300055e-003
 1.4943420e-003
 1.5574145e-003
 1.6182654e-003
 1.6762330e-003
 1.7307905e-003
 1.7815025e-003
 1.8279444e-003
 1.8697761e-003
 1.9067226e-003
 1.9385882e-003
 1.9653414e-003
 1.9870994e-003
 2.0041077e-003
 2.0167392e-003
 2.0254303e-003
 2.0306516e-003
 2.0328783e-003
 2.0325857e-003
 2.0302376e-003
 2.0262904e-003
 2.0213926e-003
 2.0168857e-003
 2.0104323e-003
 2.0036444e-003
 1.9966848e-003
 1.9897192e-003
 1.9829115e-003
 1.9764300e-003
 1.9704381e-003
 1.9651013e-003
 1.9605847e-003
 1.9570233e-003
 1.9542803e-003
 1.9520656e-003
 1.9500888e-003
 1.9480588e-003
 1.9456864e-003
 1.9426807e-003
 1.9387511e-003
 1.9336062e-003
 1.9269576e-003
 1.9185145e-003
 1.9079857e-003
 1.8950778e-003
 1.8795065e-003
 1.8610170e-003
 1.8397061e-003
 1.8158581e-003
 1.7897526e-003
 1.7616882e-003
 1.7319452e-003
 1.7008093e-003
 1.6685594e-003
 1.6354962e-003
 1.6018986e-003
 1.5680528e-003
 1.5342366e-003
 1.5007523e-003
 1.4678780e-003
 1.4358996e-003
 1.4051035e-003
 1.3757686e-003
 1.3481951e-003
 1.3226385e-003
 1.2991523e-003
 1.2776750e-003
 1.2581601e-003
 1.2405447e-003
 1.2247718e-003
 1.2107814e-003
 1.1985225e-003
 1.1879345e-003
 1.1789605e-003
 1.1715430e-003
 1.1656238e-003
 1.1611484e-003
 1.1580583e-003
 1.1562961e-003
 1.1558046e-003
 1.1565270e-003
 1.1584058e-003
 1.1613838e-003
 1.1654051e-003
 1.1704104e-003
 1.1763435e-003
 1.1831428e-003
 1.1907115e-003
 1.1989285e-003
 1.2076776e-003
 1.2168412e-003
 1.2263014e-003
 1.2359428e-003
 1.2456431e-003
 1.2552869e-003
 1.2647561e-003
 1.2739354e-003
 1.2827027e-003
 1.2909421e-003
 1.2985360e-003
 1.3053683e-003
 1.3113179e-003
 1.3162687e-003
 1.3201031e-003
 1.3227032e-003
 1.3239512e-003
 1.3237292e-003
 1.3219194e-003
 1.3184045e-003
 1.3130647e-003
 1.3057855e-003
 1.2964474e-003
 1.2849541e-003
 1.2713821e-003
 1.2559042e-003
 1.2386846e-003
 1.2198907e-003
 1.1996893e-003
 1.1782423e-003
 1.1557274e-003
 1.1323069e-003
 1.1081474e-003
 1.0834108e-003
 1.0582756e-003
 1.0329034e-003
 1.0074610e-003
 9.8211004e-004
 9.5702946e-004
 9.3238044e-004
 9.0833014e-004
 8.8504038e-004
 8.6268934e-004
 8.4143865e-004
 8.2145538e-004
 8.0290670e-004
 7.8595587e-004
 7.7077834e-004
 7.5753697e-004
 7.4639887e-004
 7.3752948e-004
 7.3110010e-004
 7.2727556e-004
 7.2620012e-004
 7.2783744e-004
 7.3206384e-004
 7.3875586e-004
