s07_ASD Record=7656:  error bars to preceding                
 1.2757790e-003
 1.1191010e-003
 9.6587598e-004
 8.3940715e-004
 7.5761933e-004
 7.2712044e-004
 7.4185902e-004
 7.8607566e-004
 8.3932478e-004
 8.8204042e-004
 8.9985417e-004
 8.8539999e-004
 8.3804462e-004
 7.6327351e-004
 6.7216798e-004
 5.7864271e-004
 4.9526297e-004
 4.3025499e-004
 3.8676953e-004
 3.6351991e-004
 3.5610225e-004
 3.5869007e-004
 3.6567214e-004
 3.7282845e-004
 3.7791804e-004
 3.8097278e-004
 3.8435686e-004
 3.9181107e-004
 4.0649407e-004
 4.2959850e-004
 4.6001287e-004
 4.9480423e-004
 5.2987068e-004
 5.5992114e-004
 5.7850673e-004
 5.8011286e-004
 5.6253024e-004
 5.2798679e-004
 4.8310941e-004
 4.3706808e-004
 3.9864451e-004
 3.7400753e-004
 3.6608137e-004
 3.7523624e-004
 4.0026198e-004
 4.3862133e-004
 4.8581805e-004
 5.3471065e-004
 5.7593326e-004
 6.0014159e-004
 6.0148287e-004
 5.8060995e-004
 5.4536178e-004
 5.0804962e-004
 4.8025622e-004
 4.6809061e-004
 4.6966196e-004
 4.7712616e-004
 4.8258452e-004
 4.8006806e-004
 4.6951690e-004
 4.5587181e-004
 4.4126186e-004
 4.2697499e-004
 4.1424404e-004
 4.0398160e-004
 3.9711388e-004
 3.9436534e-004
 3.9601553e-004
 4.0148787e-004
 4.0918612e-004
 4.1659008e-004
 4.2058429e-004
 4.1800374e-004
 4.0652131e-004
 3.8574208e-004
 3.5787059e-004
 3.2729088e-004
 2.9902899e-004
 2.7688110e-004
 2.6225217e-004
 2.5429353e-004
 2.5101050e-004
 2.5046177e-004
 2.5133794e-004
 2.5291747e-004
 2.5489440e-004
 2.5743811e-004
 2.6130155e-004
 2.6750210e-004
 2.7642434e-004
 2.8689779e-004
 2.9617918e-004
 3.0134205e-004
 3.0153067e-004
 2.9980383e-004
 3.0311383e-004
 3.1926646e-004
 3.5177200e-004
 3.9636091e-004
 4.4236353e-004
 4.7876805e-004
 5.0087977e-004
 5.1347626e-004
 5.2944646e-004
 5.6359725e-004
 6.2390679e-004
 7.0479064e-004
 7.8544096e-004
 8.3642389e-004
 8.3398551e-004
 7.7394815e-004
 6.7485333e-004
 5.6741224e-004
 4.7849689e-004
 4.2146930e-004
 3.9724179e-004
 4.0126499e-004
 4.2930472e-004
 4.7857853e-004
 5.4467248e-004
 6.1664090e-004
 6.7500141e-004
 6.9812697e-004
 6.7604007e-004
 6.2013947e-004
 5.5711844e-004
 5.1019859e-004
 4.8496714e-004
 4.7281053e-004
 4.6642474e-004
 4.7024447e-004
 4.9513136e-004
 5.4313563e-004
 5.9845333e-004
 6.3540216e-004
 6.3752185e-004
 6.1021798e-004
 5.7590730e-004
 5.5839086e-004
 5.7017768e-004
 6.0735713e-004
 6.4998755e-004
 6.7115342e-004
 6.5678469e-004
 6.2181742e-004
 6.0180749e-004
 6.2215031e-004
 6.7440281e-004
 7.2370982e-004
 7.3884602e-004
 7.1571773e-004
 6.7644136e-004
 6.5099687e-004
 6.5821176e-004
 6.9456367e-004
 7.3312857e-004
 7.3712127e-004
 6.8575819e-004
 5.9223344e-004
 4.9380615e-004
 4.2305287e-004
 3.8965364e-004
 3.8501585e-004
 3.9541436e-004
 4.0952989e-004
 4.2158071e-004
 4.3342100e-004
 4.5207396e-004
 4.8174363e-004
 5.1718613e-004
 5.4451730e-004
 5.4875598e-004
 5.2413868e-004
 4.8165358e-004
 4.4629493e-004
 4.4176271e-004
 4.7343125e-004
 5.2472285e-004
 5.6948641e-004
 5.9024943e-004
 5.9242005e-004
 6.0682499e-004
 6.7178044e-004
 7.9809403e-004
 9.4591861e-004
 1.0438976e-003
 1.0415467e-003
 9.4770372e-004
 8.1922329e-004
 7.1202754e-004
 6.4167817e-004
 5.8773498e-004
 5.2990561e-004
 4.7501523e-004
 4.5112229e-004
 4.7960563e-004
 5.5118266e-004
 6.2524783e-004
 6.5633032e-004
 6.2946003e-004
 5.7067239e-004
 5.1798712e-004
 4.8447325e-004
 4.5622527e-004
 4.2125880e-004
 3.8829425e-004
 3.7750587e-004
 4.0153781e-004
 4.5438969e-004
 5.1201333e-004
 5.4867443e-004
 5.6242920e-004
 5.7699165e-004
 6.0411857e-004
 6.1504310e-004
 5.7343097e-004
 4.9040501e-004
 4.1942578e-004
 3.9725399e-004
 4.1268760e-004
 4.3327364e-004
 4.4381621e-004
 4.5814845e-004
 5.0626602e-004
 6.0632935e-004
 7.3468173e-004
 8.2885922e-004
 8.4065687e-004
 7.8538747e-004
 7.2025059e-004
 6.7813491e-004
 6.4309518e-004
 5.8764894e-004
 5.1269581e-004
 4.4520822e-004
 4.0807258e-004
 4.0255531e-004
 4.1981335e-004
 4.5475687e-004
 4.9537257e-004
 5.1285967e-004
 4.8892805e-004
 4.4848223e-004
 4.3817711e-004
 4.7003050e-004
 5.0721766e-004
 5.1079271e-004
 4.8849150e-004
 4.8401038e-004
 5.1364471e-004
 5.4042641e-004
 5.2639545e-004
 4.8062703e-004
 4.3695924e-004
 4.1047661e-004
 4.0132148e-004
 4.1223946e-004
 4.3461623e-004
 4.3955861e-004
 4.1114647e-004
 3.7670339e-004
 3.8423366e-004
 4.5901752e-004
 5.8119936e-004
 6.8724871e-004
 7.1092875e-004
 6.4412359e-004
 5.3705176e-004
 4.4058528e-004
 3.8070587e-004
 3.7131377e-004
 4.0609299e-004
 4.4399433e-004
 4.4424681e-004
 4.1948611e-004
 4.1775210e-004
 4.4803266e-004
 4.6164487e-004
 4.2062206e-004
 3.5150058e-004
 3.1508057e-004
 3.3752012e-004
 3.9314144e-004
 4.5236992e-004
 5.1783503e-004
 5.9808034e-004
 6.6032808e-004
 6.4821821e-004
 5.5970921e-004
 4.6734381e-004
 4.4171937e-004
 4.8512168e-004
 5.4872042e-004
 5.8280327e-004
 5.6278973e-004
 4.9662607e-004
 4.2457270e-004
 3.9617656e-004
 4.2913490e-004
 4.9292872e-004
 5.4259703e-004
 5.7423924e-004
 6.4088847e-004
 7.8430976e-004
 9.4463199e-004
 9.9221116e-004
 8.7551138e-004
 6.8177067e-004
 5.3280906e-004
 4.8179517e-004
 5.2166032e-004
 6.2512426e-004
 7.4545079e-004
 8.1829191e-004
 8.0058776e-004
 7.0631999e-004
 5.9404882e-004
 5.2486896e-004
 5.1569554e-004
 5.2397902e-004
 4.9833924e-004
 4.4170197e-004
 4.0525905e-004
 4.2668349e-004
 4.8954284e-004
 5.4162001e-004
 5.5235310e-004
 5.5200106e-004
 6.0591206e-004
 7.4178586e-004
 9.0219901e-004
 9.7851933e-004
 9.0363092e-004
 7.1597815e-004
 5.2984606e-004
 4.4135147e-004
 4.6071474e-004
 5.2594108e-004
 5.6839030e-004
 5.6223269e-004
 5.2480365e-004
 4.8840634e-004
 4.7769290e-004
 5.0344347e-004
 5.6397688e-004
 6.4719026e-004
 7.3449349e-004
 8.0621475e-004
 8.4516301e-004
 8.3741668e-004
 7.7398523e-004
 6.6015957e-004
 5.4390728e-004
 5.1622366e-004
 6.2760268e-004
 8.2926452e-004
 9.8425476e-004
 9.5894065e-004
 7.6084770e-004
 5.5643311e-004
 4.8157561e-004
 4.9439684e-004
 4.9133744e-004
 4.6404876e-004
 4.6088113e-004
 4.8855465e-004
 5.2194466e-004
 5.4878072e-004
 5.5653485e-004
 5.3241913e-004
 5.3275330e-004
 6.7744055e-004
 9.7321568e-004
 1.2230154e-003
 1.2331458e-003
 1.0280788e-003
 7.7913777e-004
 6.2151119e-004
 5.8953755e-004
 6.4800750e-004
 7.3850952e-004
 8.1159337e-004
 8.3975442e-004
 8.1760593e-004
 7.5713079e-004
 6.8715692e-004
 6.5528060e-004
 7.0371322e-004
 8.1226131e-004
 8.8642980e-004
 8.4794586e-004
 7.3404954e-004
 6.8928301e-004
 8.4516086e-004
 1.1416305e-003
 1.3336251e-003
 1.2615091e-003
 9.6817227e-004
 6.9088413e-004
 5.9731869e-004
 6.0279423e-004
 5.9598818e-004
 5.6141929e-004
 5.1283621e-004
 4.5704553e-004
 3.9442320e-004
 3.3544630e-004
 3.2745875e-004
 4.4958896e-004
 7.4716454e-004
 1.1382466e-003
 1.4233288e-003
 1.4291245e-003
 1.1715672e-003
 8.5210754e-004
 6.8647898e-004
 7.5092091e-004
 9.7720290e-004
 1.2504711e-003
 1.4645968e-003
 1.5317862e-003
 1.4036320e-003
 1.1249887e-003
 8.1785844e-004
 5.9372210e-004
 4.9715582e-004
 5.0023507e-004
 5.3569366e-004
 5.5087236e-004
 5.5108103e-004
 5.4217555e-004
 5.3278706e-004
 5.2826235e-004
 5.3263071e-004
 5.4992089e-004
 5.8296870e-004
 6.2683050e-004
 6.7342294e-004
 7.1465858e-004
 7.4254913e-004
 7.4987486e-004
 7.2971534e-004
 6.7514193e-004
 5.8290665e-004
 4.7392890e-004
 3.7894590e-004
 3.2872090e-004
 3.4787596e-004
 4.2016251e-004
 5.2781659e-004
 6.0244434e-004
 6.2709773e-004
 5.9745257e-004
 5.3659786e-004
 4.6879266e-004
 4.1832274e-004
 4.0860267e-004
 4.4390454e-004
 5.0947542e-004
 5.8976898e-004
 6.6920673e-004
 7.3263282e-004
 7.7354070e-004
 7.9401105e-004
 7.9647277e-004
 7.8336033e-004
 7.5716648e-004
 7.2161102e-004
 6.8163977e-004
 6.4223231e-004
 6.0838618e-004
 5.8508432e-004
 5.7612173e-004
 5.8066763e-004
 5.9676805e-004
 6.2246417e-004
 6.5580674e-004
 6.9483288e-004
 7.3780597e-004
 7.8377570e-004
 8.3200657e-004
 8.8174065e-004
 9.3224313e-004
 9.8275591e-004
 1.0325384e-003
 1.0814902e-003
 1.1319319e-003
 1.1867891e-003
 1.2489624e-003
 1.3213801e-003
 1.4069384e-003
 1.5085713e-003
 1.6291682e-003
 1.7695909e-003
 1.9227983e-003
 2.0799700e-003
 2.2322135e-003
 2.3707082e-003
 2.4865654e-003
 2.5709483e-003
 2.6150050e-003
 2.6130646e-003
 2.5713795e-003
 2.4989874e-003
 2.4048993e-003
 2.2981653e-003
 2.1877899e-003
 2.0828261e-003
 1.9922783e-003
 1.9231241e-003
 1.8746685e-003
 1.8444830e-003
 1.8301221e-003
 1.8291475e-003
 1.8391197e-003
 1.8576022e-003
 1.8821507e-003
 1.9103320e-003
 1.9397001e-003
 1.9678220e-003
 1.9922522e-003
 2.0111005e-003
 2.0244385e-003
 2.0327917e-003
 2.0366807e-003
 2.0366297e-003
 2.0331612e-003
 2.0267973e-003
 2.0180601e-003
 2.0074742e-003
 1.9955598e-003
 1.9828423e-003
 1.9698418e-003
 1.9569965e-003
 1.9444287e-003
 1.9321983e-003
 1.9203583e-003
 1.9089679e-003
 1.8980807e-003
 1.8877552e-003
 1.8780457e-003
 1.8690110e-003
 1.8607053e-003
 1.8531847e-003
 1.8462267e-003
 1.8386205e-003
 1.8289424e-003
 1.8157645e-003
 1.7976644e-003
 1.7732123e-003
 1.7409883e-003
 1.6995596e-003
 1.6475104e-003
 1.5834030e-003
 1.5069691e-003
 1.4218779e-003
 1.3326509e-003
 1.2438431e-003
 1.1599665e-003
 1.0855747e-003
 1.0251835e-003
 9.8334043e-004
 9.6456951e-004
 9.7340799e-004
 1.0123220e-003
 1.0766917e-003
 1.1604100e-003
 1.2573357e-003
 1.3613693e-003
 1.4663647e-003
 1.5662134e-003
 1.6548043e-003
 1.7259945e-003
 1.7736796e-003
 1.7938134e-003
 1.7894059e-003
 1.7649453e-003
 1.7249127e-003
 1.6738051e-003
 1.6160974e-003
 1.5562907e-003
 1.4988580e-003
 1.4482994e-003
 1.4079736e-003
 1.3775071e-003
 1.3557608e-003
 1.3415829e-003
 1.3338294e-003
 1.3313520e-003
 1.3330047e-003
 1.3376408e-003
 1.3442982e-003
 1.3526287e-003
 1.3624060e-003
 1.3734084e-003
 1.3854093e-003
 1.3981874e-003
 1.4115156e-003
 1.4251714e-003
 1.4391108e-003
 1.4538663e-003
 1.4700955e-003
 1.4884487e-003
 1.5095843e-003
 1.5341518e-003
 1.5628106e-003
 1.5962081e-003
 1.6344156e-003
 1.6755819e-003
 1.7174914e-003
 1.7546805e-003
 1.7901498e-003
 1.8195191e-003
 1.8408553e-003
 1.8528885e-003
 1.8547009e-003
 1.8456129e-003
 1.8250659e-003
 1.7926529e-003
 1.7484935e-003
 1.6939865e-003
 1.6322301e-003
 1.5674999e-003
 1.5044935e-003
 1.4477430e-003
 1.4009636e-003
 1.3663059e-003
 1.3441521e-003
 1.3335464e-003
 1.3328431e-003
 1.3400781e-003
 1.3529886e-003
 1.3688799e-003
 1.3845736e-003
 1.3965436e-003
 1.4012404e-003
 1.3956595e-003
 1.3782389e-003
 1.3497601e-003
 1.3136468e-003
 1.2753840e-003
 1.2414384e-003
 1.2180238e-003
 1.2098590e-003
 1.2191790e-003
 1.2454243e-003
 1.2857256e-003
 1.3358064e-003
 1.3907953e-003
 1.4457889e-003
 1.4444549e-003
 1.4638306e-003
 1.4760895e-003
 1.4798378e-003
 1.4744226e-003
 1.4599952e-003
 1.4374944e-003
 1.4085413e-003
 1.3753538e-003
 1.3405100e-003
 1.3067034e-003
 1.2764467e-003
 1.2518029e-003
 1.2342090e-003
 1.2244362e-003
 1.2226528e-003
 1.2285209e-003
 1.2412720e-003
 1.2597532e-003
 1.2824568e-003
 1.3075834e-003
 1.3330972e-003
 1.3568684e-003
 1.3768212e-003
 1.3911050e-003
 1.3982953e-003
 1.3976628e-003
 1.3894112e-003
 1.3747931e-003
 1.3560400e-003
 1.3359749e-003
 1.3174965e-003
 1.3030235e-003
 1.2940682e-003
 1.2909843e-003
 1.2929564e-003
 1.2982198e-003
 1.3044773e-003
 1.3094074e-003
 1.3111536e-003
 1.3086777e-003
 1.3019001e-003
 1.2916200e-003
 1.2792371e-003
 1.2663733e-003
 1.2544472e-003
 1.2443335e-003
 1.2361415e-003
 1.2291736e-003
 1.2220745e-003
 1.2131203e-003
 1.2006138e-003
 1.1832888e-003
 1.1606425e-003
 1.1331568e-003
 1.1023079e-003
 1.0704343e-003
 1.0404184e-003
 1.0152644e-003
 9.9768268e-004
 9.8967261e-004
 9.9225249e-004
 1.0053107e-003
 1.0276438e-003
 1.0571278e-003
 1.0910190e-003
 1.1263337e-003
 1.1601897e-003
 1.1901553e-003
 1.2144415e-003
 1.2320199e-003
 1.2426112e-003
 1.2465657e-003
 1.2447117e-003
 1.2381740e-003
 1.2282206e-003
 1.2161363e-003
 1.2031496e-003
 1.1903676e-003
 1.1787437e-003
 1.1690268e-003
 1.1617079e-003
 1.1569766e-003
 1.1546810e-003
 1.1543328e-003
 1.1551527e-003
 1.1561729e-003
 1.1563809e-003
 1.1548889e-003
 1.1510988e-003
 1.1448369e-003
 1.1364244e-003
 1.1266780e-003
 1.1168214e-003
 1.1083167e-003
 1.1026482e-003
 1.1010661e-003
 1.1043514e-003
 1.1126219e-003
 1.1252335e-003
 1.1407789e-003
 1.1572262e-003
 1.1721468e-003
 1.1830478e-003
 1.1877434e-003
 1.1847040e-003
 1.1733447e-003
 1.1541834e-003
 1.1288406e-003
 1.0998460e-003
 1.0703256e-003
 1.0435374e-003
 1.0224268e-003
 1.0091994e-003
 1.0050305e-003
 1.0099588e-003
 1.0229439e-003
 1.0420952e-003
 1.0649789e-003
 1.0889838e-003
 1.1116199e-003
 1.1307651e-003
 1.1448113e-003
 1.1526961e-003
 1.1538895e-003
 1.1483176e-003
 1.1362879e-003
 1.1184064e-003
 1.0955315e-003
 1.0687164e-003
 1.0391920e-003
 1.0083218e-003
 9.7753399e-004
 9.4826944e-004
 9.2185033e-004
 8.9938799e-004
 8.8165433e-004
 8.6898252e-004
 8.6122908e-004
 8.5777434e-004
 8.5760170e-004
 8.5944176e-004
 8.6196145e-004
 8.6397247e-004
 8.6462917e-004
 8.6357788e-004
 8.6103042e-004
 8.5774285e-004
 8.5489772e-004
 8.5389736e-004
 8.5609889e-004
 8.6253183e-004
 8.7364967e-004
 8.8915322e-004
 9.0793660e-004
 9.2818018e-004
 9.4755477e-004
 9.6356869e-004
 9.7394106e-004
 9.7699917e-004
 9.7199460e-004
 9.5929118e-004
 9.4037643e-004
 9.1769878e-004
 8.9432450e-004
 8.7347219e-004
 8.5804041e-004
 8.5016771e-004
 8.5095159e-004
 8.6037803e-004
 8.7746471e-004
 9.0057572e-004
 9.2783448e-004
 9.5753785e-004
 9.8842278e-004
 1.0198127e-003
 1.0515266e-003
 1.0836830e-003
 1.1164395e-003
 1.1497155e-003
 1.1830664e-003
 1.2156222e-003
 1.2461846e-003
 1.2733948e-003
 1.2958873e-003
 1.3124609e-003
 1.3221507e-003
 1.3242764e-003
 1.3184441e-003
 1.3045466e-003
 1.2827880e-003
 1.2537119e-003
 1.2182615e-003
 1.1777632e-003
 1.1339028e-003
 1.0885894e-003
 1.0437473e-003
 1.0011331e-003
 9.6209318e-004
 9.2746865e-004
 8.9754845e-004
 8.7214116e-004
 8.5076439e-004
 8.3282794e-004
 8.1784744e-004
 8.0557080e-004
 7.9602312e-004
 7.8947109e-004
 7.8629580e-004
 7.8684179e-004
 7.9125725e-004
 7.9938100e-004
 8.1068772e-004
 8.2431221e-004
 8.3915150e-004
 8.5400208e-004
 8.6774724e-004
 8.7951188e-004
 8.8879891e-004
 8.9556113e-004
 9.0019114e-004
 9.0345345e-004
 9.0634829e-004
 9.0994721e-004
 9.1522100e-004
 9.2288456e-004
 9.3329226e-004
 9.4637909e-004
 9.6166885e-004
 9.7834331e-004
 9.9533517e-004
 1.0114744e-003
 1.0256127e-003
 1.0367569e-003
 1.0441708e-003
 1.0474300e-003
 1.0464502e-003
 1.0414683e-003
 1.0329988e-003
 1.0217616e-003
 1.0086101e-003
 9.9445018e-004
 9.8015997e-004
 9.6653984e-004
 9.5425011e-004
 9.4379217e-004
 9.3548989e-004
 9.2949474e-004
 9.2581805e-004
 9.2436699e-004
 9.2499901e-004
 9.2757161e-004
 9.3198562e-004
 9.3820505e-004
 9.4625633e-004
 9.5619174e-004
 9.6803438e-004
 9.8171551e-004
 9.9699793e-004
 1.0134393e-003
 1.0303609e-003
 1.0468714e-003
 1.0619288e-003
 1.0744191e-003
 1.0832745e-003
 1.0875950e-003
 1.0867532e-003
 1.0804855e-003
 1.0689419e-003
 1.0526929e-003
 1.0326753e-003
 1.0101128e-003
 9.8636386e-004
 9.6278073e-004
 9.4053947e-004
 9.2049059e-004
 9.0308208e-004
 8.8831317e-004
 8.7580015e-004
 8.6489564e-004
 8.5486734e-004
 8.4510812e-004
 8.3530223e-004
 8.2554098e-004
 8.1632810e-004
 8.0847781e-004
 8.0293545e-004
 8.0053904e-004
 8.0180244e-004
 8.0675370e-004
 8.1488310e-004
 8.2519773e-004
 8.3637942e-004
 8.4700808e-004
 8.5578376e-004
 8.6173433e-004
 8.6433877e-004
 8.6358120e-004
 8.5991807e-004
 8.5418648e-004
 8.4746775e-004
 8.4094313e-004
 8.3574856e-004
 8.3285006e-004
 8.3295448e-004
 8.3645002e-004
 8.4338820e-004
 8.5350132e-004
 8.6626288e-004
 8.8096171e-004
 8.9681393e-004
 9.1305276e-004
 9.2901901e-004
 9.4422069e-004
 9.5833384e-004
 9.7118004e-004
 9.8266953e-004
 9.9271815e-004
 1.0011944e-003
 1.0078766e-003
 1.0124650e-003
 1.0146302e-003
 1.0140880e-003
 1.0106890e-003
 1.0044932e-003
 9.9581736e-004
 9.8523498e-004
 9.7354985e-004
 9.6171902e-004
 9.5077523e-004
 9.4172667e-004
 9.3546032e-004
 9.3266292e-004
 9.3374221e-004
 9.3877612e-004
 9.4748306e-004
 9.5923978e-004
 9.7313739e-004
 9.8809961e-004
 1.0030506e-003
 1.0170829e-003
 1.0296330e-003
 1.0405628e-003
 1.0501576e-003
 1.0590004e-003
 1.0677375e-003
 1.0768151e-003
 1.0862360e-003
 1.0954404e-003
 1.1033582e-003
 1.1086300e-003
 1.1099721e-003
 1.1065657e-003
 1.0983739e-003
 1.0862703e-003
 1.0719501e-003
 1.0576070e-003
 1.0455019e-003
 1.0374994e-003
 1.0347207e-003
 1.0374000e-003
 1.0449542e-003
 1.0562353e-003
 1.0698714e-003
 1.0845978e-003
 1.0994631e-003
 1.1138937e-003
 1.1276116e-003
 1.1404395e-003
 1.1521128e-003
 1.1621254e-003
 1.1697033e-003
 1.1738995e-003
 1.1737845e-003
 1.1686988e-003
 1.1584850e-003
 1.1436486e-003
 1.1253840e-003
 1.1054790e-003
 1.0860588e-003
 1.0692737e-003
 1.0569367e-003
 1.0502178e-003
 1.0494657e-003
 1.0541779e-003
 1.0631457e-003
 1.0747337e-003
 1.0872362e-003
 1.0992065e-003
 1.1097067e-003
 1.1184114e-003
 1.1255392e-003
 1.1316702e-003
 1.1374757e-003
 1.1434603e-003
 1.1497748e-003
 1.1561423e-003
 1.1619278e-003
 1.1663121e-003
 1.1685415e-003
 1.1681791e-003
 1.1652968e-003
 1.1605547e-003
 1.1551412e-003
 1.1505734e-003
 1.1483944e-003
 1.1498403e-003
 1.1555469e-003
 1.1653774e-003
 1.1784204e-003
 1.1931728e-003
 1.2078463e-003
 1.2207594e-003
 1.2306687e-003
 1.2369981e-003
 1.2398838e-003
 1.2400382e-003
 1.2384878e-003
 1.2362567e-003
 1.2340932e-003
 1.2323061e-003
 1.2307517e-003
 1.2289555e-003
 1.2263239e-003
 1.2223799e-003
 1.2169454e-003
 1.2102352e-003
 1.2028298e-003
 1.1955420e-003
 1.1892264e-003
 1.1845608e-003
 1.1818793e-003
 1.1810790e-003
 1.1816379e-003
 1.1827410e-003
 1.1834898e-003
 1.1831481e-003
 1.1813714e-003
 1.1783587e-003
 1.1748925e-003
 1.1722459e-003
 1.1719759e-003
 1.1756467e-003
 1.1845423e-003
 1.1994246e-003
 1.2203861e-003
 1.2468324e-003
 1.2775458e-003
 1.3108746e-003
 1.3449173e-003
 1.3777459e-003
 1.4076054e-003
 1.4330351e-003
 1.4530005e-003
 1.4669358e-003
 1.4747862e-003
 1.4770010e-003
 1.4744822e-003
 1.4684924e-003
 1.4605101e-003
 1.4520398e-003
 1.4443983e-003
 1.4385186e-003
 1.4347940e-003
 1.4330110e-003
 1.4323922e-003
 1.4317464e-003
 1.4297124e-003
 1.4250542e-003
 1.4169484e-003
 1.4052165e-003
 1.3904268e-003
 1.3738630e-003
 1.3573199e-003
 1.3427630e-003
 1.3319311e-003
 1.3259234e-003
 1.3249102e-003
 1.3280144e-003
 1.3334329e-003
 1.3387797e-003
 1.3415997e-003
 1.3399309e-003
 1.3327998e-003
 1.3205183e-003
 1.3047265e-003
 1.2881416e-003
 1.2741076e-003
 1.2660050e-003
 1.2666680e-003
 1.2779213e-003
 1.3002900e-003
 1.3329474e-003
 1.3738282e-003
 1.4199477e-003
 1.4677555e-003
 1.5135723e-003
 1.5540232e-003
 1.5863715e-003
 1.6088510e-003
 1.6208277e-003
 1.6228718e-003
 1.6166499e-003
 1.6046544e-003
 1.5897813e-003
 1.5748284e-003
 1.5619779e-003
 1.5523831e-003
 1.5459788e-003
 1.5415503e-003
 1.5370951e-003
 1.5303768e-003
 1.5195404e-003
 1.5036385e-003
 1.4829226e-003
 1.4588437e-003
 1.4337683e-003
 1.4103964e-003
 1.3911030e-003
 1.3772862e-003
 1.3690465e-003
 1.3652509e-003
 1.3638232e-003
 1.3621836e-003
 1.3576488e-003
 1.3478023e-003
 1.3309313e-003
 1.3063753e-003
 1.2747463e-003
 1.2379107e-003
 1.1986651e-003
 1.1602570e-003
 1.1257307e-003
 1.0973503e-003
 1.0761111e-003
 1.0615898e-003
 1.0522519e-003
 1.0459489e-003
 1.0405198e-003
 1.0343166e-003
 1.0265610e-003
 1.0175080e-003
 1.0084283e-003
 1.0013909e-003
 9.9889177e-004
 1.0033810e-003
 1.0167890e-003
 1.0401176e-003
 1.0731844e-003
 1.1145003e-003
 1.1613785e-003
 1.2101438e-003
 1.2565417e-003
 1.2962860e-003
 1.3255280e-003
 1.3413065e-003
 1.3418214e-003
 1.3266114e-003
 1.2965001e-003
 1.2535217e-003
 1.2008119e-003
 1.1423326e-003
 1.0824101e-003
 1.0251794e-003
 9.7408594e-004
 9.3141681e-004
 8.9807599e-004
 8.7366236e-004
 8.5673679e-004
 8.4532122e-004
 8.3742809e-004
 8.3152368e-004
 8.2680827e-004
 8.2320964e-004
 8.2118402e-004
 8.2140771e-004
 8.2446239e-004
 8.3058706e-004
 8.3954807e-004
 8.5059687e-004
 8.6254964e-004
 8.7397569e-004
 8.8343577e-004
 8.8975369e-004
 8.9223147e-004
 8.9079537e-004
 8.8601199e-004
 8.7898987e-004
 8.7118777e-004
 8.6416351e-004
 8.5932610e-004
 8.5771462e-004
 8.5986377e-004
 8.6575246e-004
 8.7485474e-004
 8.8625995e-004
 8.9885551e-004
 9.1150723e-004
 9.2323113e-004
 9.3331852e-004
 9.4138342e-004
 9.4736519e-004
 9.5145946e-004
 9.5402572e-004
 9.5547806e-004
 9.5618324e-004
 9.5638767e-004
 9.5617637e-004
 9.5547037e-004
 9.5405360e-004
 9.5162442e-004
 9.4785541e-004
 9.4245852e-004
 9.3524181e-004
 9.2615333e-004
 9.1532018e-004
 9.0306922e-004
 8.8993018e-004
 8.7663927e-004
 8.6410204e-004
 8.5335691e-004
 8.4549788e-004
 8.4157847e-004
 8.4250706e-004
 8.4893039e-004
 8.6113543e-004
 8.7897986e-004
 9.0188364e-004
 9.2885213e-004
 9.5859257e-004
 9.8963256e-004
 1.0204916e-003
 1.0498508e-003
 1.0766551e-003
 1.1002156e-003
 1.1201972e-003
 1.1365773e-003
 1.1495464e-003
 1.1593648e-003
 1.1662395e-003
 1.1702229e-003
 1.1711585e-003
 1.1686988e-003
 1.1623817e-003
 1.1517607e-003
 1.1365515e-003
 1.1167895e-003
 1.0929246e-003
 1.0658853e-003
 1.0370536e-003
 1.0081548e-003
 9.8111376e-004
 9.5782056e-004
 9.3993760e-004
 9.2869543e-004
 9.2474418e-004
 9.2813501e-004
 9.3837379e-004
 9.5452694e-004
 9.7535574e-004
 9.9947012e-004
 1.0254438e-003
 1.0519386e-003
 1.0777547e-003
 1.1019147e-003
 1.1237372e-003
 1.1428669e-003
 1.1593151e-003
 1.1734779e-003
 1.1861116e-003
 1.1982976e-003
 1.2113460e-003
 1.2266710e-003
 1.2456327e-003
 1.2693349e-003
 1.2984632e-003
 1.3331111e-003
 1.3727203e-003
 1.4161528e-003
 1.4617734e-003
 1.5076582e-003
 1.5517432e-003
 1.5920183e-003
 1.6266854e-003
 1.6542171e-003
 1.6734410e-003
 1.6835610e-003
 1.6841907e-003
 1.6753513e-003
 1.6574680e-003
 1.6313709e-003
 1.5982710e-003
 1.5597619e-003
 1.5177358e-003
 1.4743198e-003
 1.4317366e-003
 1.3921255e-003
 1.3573965e-003
 1.3290158e-003
 1.3078882e-003
 1.2942518e-003
 1.2876629e-003
 1.2870774e-003
 1.2909977e-003
 1.2976940e-003
 1.3054562e-003
 1.3128497e-003
 1.3189220e-003
 1.3233491e-003
 1.3264745e-003
 1.3292518e-003
 1.3330890e-003
 1.3396135e-003
 1.3504005e-003
 1.3667047e-003
 1.3892184e-003
 1.4179326e-003
 1.4520662e-003
 1.4901275e-003
 1.5300878e-003
 1.5695837e-003
 1.6062319e-003
 1.6378745e-003
 1.6628375e-003
 1.6801074e-003
 1.6893971e-003
 1.6911500e-003
 1.6864386e-003
 1.6768191e-003
 1.6641415e-003
 1.6503750e-003
 1.6374305e-003
 1.6270429e-003
 1.6206722e-003
 1.6194434e-003
 1.6241163e-003
 1.6350605e-003
 1.6522350e-003
 1.6751704e-003
 1.7029727e-003
 1.7343205e-003
 1.7675192e-003
 1.8006068e-003
 1.8314676e-003
 1.8580444e-003
 1.8785178e-003
 1.8915249e-003
 1.8963309e-003
 1.8929293e-003
 1.8820686e-003
 1.8651788e-003
 1.8442090e-003
 1.8213833e-003
 1.7989458e-003
 1.7788699e-003
 1.7626444e-003
 1.7511034e-003
 1.7443553e-003
 1.7418197e-003
 1.7423369e-003
 1.7443552e-003
 1.7461473e-003
 1.7460341e-003
 1.7425782e-003
 1.7347340e-003
 1.7219324e-003
 1.7041155e-003
 1.6817064e-003
 1.6555720e-003
 1.6269545e-003
 1.5973903e-003
 1.5686637e-003
 1.5427092e-003
 1.5215529e-003
 1.5071796e-003
 1.5013636e-003
 1.5054668e-003
 1.5201893e-003
 1.5453199e-003
 1.5795274e-003
 1.6202678e-003
 1.6638811e-003
 1.7059555e-003
 1.7416998e-003
 1.7664304e-003
 1.7760436e-003
 1.7674030e-003
 1.7386380e-003
 1.6892112e-003
 1.6200206e-003
 1.5335535e-003
 1.4338786e-003
 1.3263744e-003
 1.2172477e-003
 1.1130125e-003
 1.0196709e-003
 9.4203337e-004
 8.8303001e-004
 8.4338529e-004
 8.2165684e-004
 8.0442999e-004
 8.1380497e-004
 8.2754291e-004
 8.4003364e-004
 8.4667077e-004
 8.4458891e-004
 8.3309278e-004
 8.1349188e-004
 7.8850379e-004
 7.6161115e-004
 7.3655182e-004
 7.1703189e-004
 7.0645550e-004
 7.0761779e-004
 7.2238070e-004
 7.5144938e-004
 7.9432840e-004
 8.4938877e-004
 9.1418816e-004
 9.8575011e-004
 1.0608452e-003
 1.1362119e-003
 1.2086559e-003
 1.2753061e-003
 1.3337743e-003
 1.3823927e-003
 1.4203168e-003
 1.4474087e-003
 1.4640809e-003
 1.4710556e-003
 1.4692177e-003
 1.4595207e-003
 1.4429623e-003
 1.4205853e-003
 1.3935148e-003
 1.3629810e-003
 1.3303178e-003
 1.2969737e-003
 1.2644737e-003
 1.2343733e-003
 1.2082469e-003
 1.1876074e-003
 1.1738369e-003
 1.1680218e-003
 1.1707598e-003
 1.1819868e-003
 1.2009084e-003
 1.2260646e-003
 1.2555048e-003
 1.2870019e-003
 1.3181949e-003
 1.3467519e-003
 1.3704927e-003
 1.3876038e-003
 1.3968906e-003
 1.3979842e-003
 1.3914387e-003
 1.3786386e-003
 1.3615838e-003
 1.3426288e-003
 1.3242892e-003
 1.3090555e-003
 1.2992264e-003
 1.2966521e-003
 1.3024309e-003
 1.3166427e-003
 1.3382351e-003
 1.3651443e-003
 1.3945453e-003
 1.4231836e-003
 1.4476103e-003
 1.4644091e-003
 1.4704379e-003
 1.4631478e-003
 1.4409943e-003
 1.4037993e-003
 1.3529018e-003
 1.2909864e-003
 1.2217688e-003
 1.1495276e-003
 1.0788195e-003
 1.0141830e-003
 9.5983368e-004
 9.1933273e-004
 8.9507218e-004
 8.8790094e-004
 8.9693489e-004
 9.1973605e-004
 9.5271680e-004
 9.9160476e-004
 1.0318458e-003
 1.0688668e-003
 1.0984045e-003
 1.1168568e-003
 1.1217647e-003
 1.1122152e-003
 1.0890078e-003
 1.0544793e-003
 1.0121121e-003
 9.6606795e-004
 9.2078565e-004
 8.8072888e-004
 8.5005851e-004
 8.3229633e-004
 8.2985451e-004
 8.4364542e-004
 8.7291864e-004
 9.1543410e-004
 9.6783758e-004
 1.0261147e-003
 1.0859844e-003
 1.1431269e-003
 1.1935035e-003
 1.2336497e-003
 1.2611098e-003
 1.2748028e-003
 1.2751474e-003
 1.2639334e-003
 1.2439508e-003
 1.2185941e-003
 1.1915135e-003
 1.1663917e-003
 1.1467079e-003
 1.1354550e-003
 1.1348198e-003
 1.1458825e-003
 1.1685019e-003
 1.2014271e-003
 1.2426057e-003
 1.2894826e-003
 1.3392995e-003
 1.3892398e-003
 1.4365908e-003
 1.4789236e-003
 1.5142445e-003
 1.5411979e-003
 1.5591027e-003
 1.5679029e-003
 1.5680031e-003
 1.5600810e-003
 1.5449581e-003
 1.5235180e-003
 1.4967062e-003
 1.4655325e-003
 1.4311356e-003
 1.3948166e-003
 1.3580411e-003
 1.3224530e-003
 1.2897961e-003
 1.2618926e-003
 1.2405760e-003
 1.2276209e-003
 1.2246494e-003
 1.2329463e-003
 1.2532416e-003
 1.2855041e-003
 1.3288796e-003
 1.3817413e-003
 1.4419291e-003
 1.5069329e-003
 1.5740882e-003
 1.6407312e-003
 1.7042564e-003
 1.7622652e-003
 1.8127294e-003
 1.8540708e-003
 1.8852601e-003
 1.9057288e-003
 1.9152653e-003
 1.9138753e-003
 1.9016787e-003
 1.8788724e-003
 1.8457664e-003
 1.8028746e-003
 1.7510195e-003
 1.6914853e-003
 1.6260168e-003
 1.5568194e-003
 1.4864231e-003
 1.4175203e-003
 1.3529083e-003
 1.2953171e-003
 1.2473279e-003
 1.2111429e-003
 1.1883252e-003
 1.1796021e-003
 1.1847523e-003
 1.2027087e-003
 1.2317711e-003
 1.2698761e-003
 1.3147753e-003
 1.3641757e-003
 1.4158596e-003
 1.4677454e-003
 1.5180501e-003
 1.5653454e-003
 1.6086192e-003
 1.6472483e-003
 1.6808662e-003
 1.7092910e-003
 1.7324132e-003
 1.7501864e-003
 1.7626006e-003
 1.7697457e-003
 1.7718468e-003
 1.7693175e-003
 1.7627832e-003
 1.7530568e-003
 1.7410875e-003
 1.7279149e-003
 1.7146020e-003
 1.7022000e-003
 1.6917039e-003
 1.6839566e-003
 1.6795646e-003
 1.6788134e-003
 1.6816256e-003
 1.6876012e-003
 1.6961040e-003
 1.7063492e-003
 1.7174953e-003
 1.7286967e-003
 1.7391508e-003
 1.7481821e-003
 1.7553150e-003
 1.7603432e-003
 1.7633686e-003
 1.7647651e-003
 1.7651076e-003
 1.7650909e-003
 1.7654595e-003
 1.7669536e-003
 1.7702478e-003
 1.7758729e-003
 1.7841175e-003
 1.7949337e-003
 1.8079124e-003
 1.8223155e-003
 1.8371509e-003
 1.8512934e-003
 1.8635548e-003
 1.8727592e-003
 1.8778115e-003
 1.8778198e-003
 1.8722161e-003
 1.8608833e-003
 1.8441950e-003
 1.8229657e-003
 1.7983546e-003
 1.7717013e-003
 1.7444305e-003
 1.7179943e-003
 1.6937592e-003
 1.6729411e-003
 1.6564883e-003
 1.6449996e-003
 1.6386627e-003
 1.6373094e-003
 1.6405068e-003
 1.6476605e-003
 1.6581045e-003
 1.6711415e-003
 1.6860923e-003
 1.7023154e-003
 1.7192430e-003
 1.7363912e-003
 1.7533943e-003
 1.7699822e-003
 1.7859438e-003
 1.8011224e-003
 1.8153837e-003
 1.8285939e-003
 1.8406423e-003
 1.8514328e-003
 1.8609028e-003
 1.8690232e-003
 1.8758179e-003
 1.8813504e-003
 1.8857107e-003
 1.8890114e-003
 1.8913725e-003
 1.8929166e-003
 1.8937694e-003
 1.8940561e-003
 1.8939032e-003
 1.8934380e-003
 1.8927886e-003
 1.8920837e-003
 1.8914532e-003
 1.8910263e-003
 1.8909309e-003
 1.8912894e-003
 1.8922100e-003
 1.8937733e-003
 1.8960116e-003
 1.8988946e-003
 1.9023208e-003
 1.9061263e-003
 1.9100971e-003
 1.9139948e-003
 1.9175694e-003
 1.9205717e-003
 1.9227741e-003
 1.9239910e-003
 1.9241079e-003
 1.9231084e-003
 1.9210824e-003
 1.9182190e-003
 1.9147772e-003
 1.9110589e-003
 1.9073829e-003
 1.9040697e-003
 1.9014163e-003
 1.8996722e-003
 1.8990077e-003
 1.8994820e-003
 1.9010345e-003
 1.9034939e-003
 1.9066095e-003
 1.9100824e-003
 1.9135943e-003
 1.9168247e-003
 1.9194784e-003
 1.9213103e-003
 1.9221605e-003
 1.9219868e-003
 1.9208757e-003
 1.9190316e-003
 1.9167433e-003
 1.9143501e-003
 1.9122117e-003
 1.9106772e-003
 1.9100518e-003
 1.9105440e-003
 1.9121997e-003
 1.9148447e-003
 1.9180625e-003
 1.9212137e-003
 1.9234997e-003
 1.9240272e-003
 1.9218667e-003
 1.9161084e-003
 1.9059321e-003
 1.8907059e-003
 1.8701332e-003
 1.8443461e-003
 1.8139574e-003
 1.7800413e-003
 1.7439735e-003
 1.7073189e-003
 1.6717523e-003
 1.6389198e-003
 1.6103836e-003
 1.5875271e-003
 1.5713776e-003
 1.5625146e-003
 1.5610139e-003
 1.5664963e-003
 1.5782457e-003
 1.5953502e-003
 1.6167900e-003
 1.6415294e-003
 1.6685523e-003
 1.6968808e-003
 1.7256569e-003
 1.7541538e-003
 1.7818029e-003
 1.8081532e-003
 1.8328755e-003
 1.8557010e-003
 1.8763768e-003
 1.8946873e-003
 1.9104393e-003
 1.9234725e-003
 1.9337086e-003
 1.9411623e-003
 1.9459490e-003
 1.9482860e-003
 1.9484580e-003
 1.9467918e-003
 1.9436348e-003
 1.9393375e-003
 1.9342409e-003
 1.9286688e-003
 1.9229044e-003
 1.9171811e-003
 1.9116811e-003
 1.9065328e-003
 1.9018289e-003
 1.8976392e-003
 1.8940248e-003
 1.8910370e-003
 1.8887211e-003
 1.8871129e-003
 1.8862280e-003
 1.8860582e-003
 1.8865686e-003
 1.8876991e-003
 1.8893720e-003
 1.8914992e-003
 1.8939861e-003
 1.8967389e-003
 1.8996659e-003
 1.9026794e-003
 1.9057037e-003
 1.9086766e-003
 1.9115488e-003
 1.9142869e-003
 1.9168671e-003
 1.9192703e-003
 1.9214820e-003
 1.9234896e-003
 1.9252831e-003
 1.9268559e-003
 1.9282099e-003
 1.9293567e-003
 1.9303180e-003
 1.9311262e-003
 1.9318209e-003
 1.9324452e-003
 1.9330450e-003
 1.9336648e-003
 1.9343466e-003
 1.9351251e-003
 1.9360239e-003
 1.9370517e-003
 1.9381987e-003
 1.9394408e-003
 1.9407425e-003
 1.9420604e-003
 1.9433493e-003
 1.9445632e-003
 1.9456574e-003
 1.9465925e-003
 1.9473365e-003
 1.9478683e-003
 1.9481780e-003
 1.9482671e-003
 1.9481442e-003
 1.9478230e-003
 1.9473203e-003
 1.9466551e-003
 1.9458511e-003
 1.9449405e-003
 1.9439693e-003
 1.9430021e-003
 1.9421254e-003
 1.9414438e-003
 1.9410757e-003
 1.9411475e-003
 1.9417859e-003
 1.9431097e-003
 1.9452119e-003
 1.9481347e-003
 1.9518355e-003
 1.9561523e-003
 1.9607970e-003
 1.9653644e-003
 1.9693654e-003
 1.9722602e-003
 1.9735014e-003
 1.9725745e-003
 1.9690746e-003
 1.9628233e-003
 1.9540186e-003
 1.9433787e-003
 1.9321841e-003
 1.9222300e-003
 1.9156875e-003
 1.9149525e-003
 1.9224978e-003
 1.9407574e-003
 1.9719393e-003
 2.0178040e-003
 2.0793574e-003
 2.1565179e-003
 2.2480928e-003
 2.3518614e-003
 2.4647594e-003
 2.5833414e-003
 2.7039440e-003
 2.8229356e-003
 2.9368072e-003
 3.0426136e-003
 3.1382067e-003
 3.2224648e-003
 3.2955466e-003
 3.3586929e-003
 3.4139038e-003
 3.4637025e-003
 3.5107960e-003
 3.5578841e-003
 3.6073786e-003
 3.6611506e-003
 3.7201098e-003
 3.7838123e-003
 3.8504039e-003
 3.9167227e-003
 3.9785947e-003
 4.0313280e-003
 4.0699895e-003
 4.0896744e-003
 4.0858909e-003
 4.0549827e-003
 3.9946963e-003
 3.9047515e-003
 3.7869648e-003
 3.6450538e-003
 3.4842629e-003
 3.3105807e-003
 3.1303610e-003
 2.9501235e-003
 2.7759857e-003
 2.6134513e-003
 2.4668782e-003
 2.3392150e-003
 2.2316291e-003
 2.1437949e-003
 2.0743329e-003
 2.0211311e-003
 1.9817736e-003
 1.9537751e-003
 1.9346658e-003
 1.9221550e-003
 1.9142460e-003
 1.9093507e-003
 1.9063228e-003
 1.9044215e-003
 1.9032061e-003
 1.9024137e-003
 1.9018712e-003
 1.9014435e-003
 1.9010128e-003
 1.9004777e-003
 1.8997585e-003
 1.8988046e-003
 1.8975977e-003
 1.8961478e-003
 1.8944875e-003
 1.8926609e-003
 1.8907177e-003
 1.8887112e-003
 1.8866919e-003
 1.8847063e-003
 1.8827959e-003
 1.8809917e-003
 1.8793152e-003
 1.8777788e-003
 1.8763889e-003
 1.8751470e-003
 1.8740528e-003
 1.8731068e-003
 1.8723097e-003
 1.8716655e-003
 1.8711837e-003
 1.8708808e-003
 1.8707806e-003
 1.8709133e-003
 1.8713140e-003
 1.8720196e-003
 1.8730661e-003
 1.8744831e-003
 1.8762869e-003
 1.8784670e-003
 1.8809687e-003
 1.8836820e-003
 1.8864339e-003
 1.8889909e-003
 1.8910757e-003
 1.8923832e-003
 1.8925965e-003
 1.8913980e-003
 1.8884758e-003
 1.8835245e-003
 1.8762527e-003
 1.8668105e-003
 1.8568375e-003
 1.8406807e-003
 1.8216519e-003
 1.7998138e-003
 1.7752339e-003
 1.7479715e-003
 1.7181069e-003
 1.6857004e-003
 1.6508187e-003
 1.6135289e-003
 1.5739120e-003
 1.5323025e-003
 1.4891295e-003
 1.4448329e-003
 1.3998407e-003
 1.3546145e-003
 1.3095830e-003
 1.2651857e-003
 1.2218519e-003
 1.1800418e-003
 1.1401846e-003
 1.1027197e-003
 1.0680786e-003
 1.0367174e-003
 1.0090243e-003
 9.8499947e-004
 9.6443231e-004
 9.4710576e-004
 9.3281490e-004
 9.2134235e-004
 9.1247470e-004
 9.0599788e-004
 9.0170169e-004
 8.9937117e-004
 8.9879328e-004
 8.9975534e-004
 9.0204377e-004
 9.0544543e-004
 9.0974732e-004
 9.1473636e-004
 9.2020060e-004
 9.2592445e-004
 9.3170832e-004
 9.3745958e-004
 9.4314362e-004
 9.4872265e-004
 9.5416250e-004
 9.5942803e-004
 9.6448505e-004
 9.6929591e-004
 9.7382639e-004
 9.7804144e-004
 9.8190550e-004
 9.8538422e-004
 9.8844047e-004
 9.9104003e-004
 9.9314738e-004
 9.9472771e-004
 9.9574483e-004
 9.9616381e-004
 9.9594973e-004
 9.9506648e-004
 9.9347951e-004
 9.9115330e-004
 9.8805956e-004
 9.8422950e-004
 9.7972783e-004
 9.7461703e-004
 9.6896011e-004
 9.6282066e-004
 9.5625996e-004
 9.4934436e-004
 9.4213570e-004
 9.3469711e-004
 9.2708995e-004
 9.1938127e-004
 9.1163215e-004
 9.0390595e-004
 8.9626422e-004
 8.8877365e-004
 8.8149565e-004
 8.7449345e-004
 8.6783024e-004
 8.6156774e-004
 8.5577223e-004
 8.5050543e-004
 8.4583048e-004
 8.4180967e-004
 8.3850819e-004
 8.3598815e-004
 8.3430437e-004
 8.3344145e-004
 8.3335012e-004
 8.3397987e-004
 8.3528081e-004
 8.3720294e-004
 8.3969673e-004
 8.4271107e-004
 8.4619649e-004
 8.5010286e-004
 8.5438148e-004
 8.5898000e-004
 8.6384942e-004
 8.6893974e-004
 8.7420229e-004
 8.7958446e-004
 8.8503747e-004
 8.9051126e-004
 8.9595717e-004
 9.0132264e-004
 9.0655877e-004
 9.1161561e-004
 9.1644312e-004
 9.2099240e-004
 9.2521124e-004
 9.2905061e-004
 9.3246059e-004
 9.3539181e-004
 9.3779282e-004
 9.3961426e-004
 9.4081566e-004
 9.4143039e-004
 9.4152684e-004
 9.4117393e-004
