s07_ASD Record=13386:  error bars to preceding                
 7.8618439e-004
 7.6391903e-004
 7.3810609e-004
 7.1355188e-004
 6.9488480e-004
 6.8503403e-004
 6.8429275e-004
 6.9038739e-004
 6.9936813e-004
 7.0702814e-004
 7.1027549e-004
 7.0787285e-004
 7.0051145e-004
 6.9060578e-004
 6.8170729e-004
 6.7698868e-004
 6.7748537e-004
 6.8140368e-004
 6.8472110e-004
 6.8270345e-004
 6.7187013e-004
 6.5166532e-004
 6.2492571e-004
 5.9694092e-004
 5.7389709e-004
 5.6140719e-004
 5.6282978e-004
 5.7790667e-004
 6.0289376e-004
 6.3224754e-004
 6.6044048e-004
 6.8348739e-004
 6.9939764e-004
 7.0796668e-004
 7.1119919e-004
 7.1304577e-004
 7.1767787e-004
 7.2785758e-004
 7.4370950e-004
 7.6230301e-004
 7.7870063e-004
 7.8824011e-004
 7.8900362e-004
 7.8302278e-004
 7.7529839e-004
 7.7113241e-004
 7.7345071e-004
 7.8175811e-004
 7.9311070e-004
 8.0405228e-004
 8.1201515e-004
 8.1553345e-004
 8.1386225e-004
 8.0699101e-004
 7.9622143e-004
 7.8456395e-004
 7.7598239e-004
 7.7296770e-004
 7.7521161e-004
 7.7951874e-004
 7.7977445e-004
 7.7478605e-004
 7.6614728e-004
 7.5604499e-004
 7.4981927e-004
 7.5263140e-004
 7.6433690e-004
 7.8070414e-004
 7.9581299e-004
 8.0437516e-004
 8.0483337e-004
 8.0028817e-004
 7.9563144e-004
 7.9346652e-004
 7.9204293e-004
 7.8663958e-004
 7.7336561e-004
 7.5240521e-004
 7.2819856e-004
 7.0665783e-004
 6.9167756e-004
 6.8333501e-004
 6.7853357e-004
 6.7312340e-004
 6.6394079e-004
 6.4987515e-004
 6.3198246e-004
 6.1301969e-004
 5.9660594e-004
 5.8601407e-004
 5.8284827e-004
 5.8627350e-004
 5.9352664e-004
 6.0171128e-004
 6.0984516e-004
 6.1981665e-004
 6.3540658e-004
 6.5953069e-004
 6.9139263e-004
 7.2586170e-004
 7.5574010e-004
 7.7570119e-004
 7.8557123e-004
 7.9150271e-004
 8.0481847e-004
 8.3748630e-004
 8.9482567e-004
 9.6906128e-004
 1.0381762e-003
 1.0742454e-003
 1.0590174e-003
 9.9603168e-004
 9.0909045e-004
 8.2783104e-004
 7.7200372e-004
 7.4553717e-004
 7.4114784e-004
 7.4836728e-004
 7.5854652e-004
 7.6569844e-004
 7.6572155e-004
 7.5658847e-004
 7.3991431e-004
 7.2218059e-004
 7.1353081e-004
 7.2365819e-004
 7.5621094e-004
 8.0440537e-004
 8.5125974e-004
 8.7672716e-004
 8.6912088e-004
 8.3270884e-004
 7.8484841e-004
 7.4543519e-004
 7.2819617e-004
 7.3891290e-004
 7.7672797e-004
 8.3360361e-004
 8.9430343e-004
 9.4242702e-004
 9.7016391e-004
 9.8106836e-004
 9.8148908e-004
 9.7175484e-004
 9.5008255e-004
 9.2393445e-004
 9.1042754e-004
 9.2034152e-004
 9.4319711e-004
 9.5257524e-004
 9.2848658e-004
 8.7439717e-004
 8.1260642e-004
 7.6485024e-004
 7.3830714e-004
 7.2779169e-004
 7.2757242e-004
 7.3966285e-004
 7.7124010e-004
 8.2311814e-004
 8.7976415e-004
 9.1392949e-004
 9.0687961e-004
 8.6567219e-004
 8.1766857e-004
 7.8739616e-004
 7.8151200e-004
 7.9588027e-004
 8.2998676e-004
 8.8586775e-004
 9.5215242e-004
 9.9862763e-004
 9.9681888e-004
 9.4626297e-004
 8.7473862e-004
 8.1322610e-004
 7.7552377e-004
 7.5916707e-004
 7.5627718e-004
 7.6066016e-004
 7.7057217e-004
 7.8880572e-004
 8.1827701e-004
 8.5644319e-004
 8.9578959e-004
 9.2932041e-004
 9.5262250e-004
 9.6139964e-004
 9.5318089e-004
 9.3646155e-004
 9.3444606e-004
 9.6783304e-004
 1.0259765e-003
 1.0633564e-003
 1.0397246e-003
 9.6417509e-004
 8.8784395e-004
 8.5201283e-004
 8.5277314e-004
 8.5654878e-004
 8.3970203e-004
 8.0816360e-004
 7.8399229e-004
 7.8062294e-004
 7.9360005e-004
 8.1072201e-004
 8.2502625e-004
 8.3687901e-004
 8.4705802e-004
 8.5136073e-004
 8.4355636e-004
 8.2365383e-004
 8.0210774e-004
 7.9363683e-004
 8.0506690e-004
 8.3006092e-004
 8.5706078e-004
 8.7922206e-004
 8.9304295e-004
 8.9262292e-004
 8.7465235e-004
 8.4811583e-004
 8.2967576e-004
 8.2609750e-004
 8.2554959e-004
 8.0895791e-004
 7.6909247e-004
 7.1765936e-004
 6.7393179e-004
 6.4835016e-004
 6.3865900e-004
 6.3851441e-004
 6.4484659e-004
 6.5728131e-004
 6.7435461e-004
 6.9128309e-004
 7.0018624e-004
 6.9411454e-004
 6.7501387e-004
 6.5876421e-004
 6.6792674e-004
 7.1285863e-004
 7.7677303e-004
 8.2488620e-004
 8.3701208e-004
 8.2786736e-004
 8.2431396e-004
 8.2879682e-004
 8.2082523e-004
 7.9137424e-004
 7.5690466e-004
 7.3768379e-004
 7.3658570e-004
 7.4256031e-004
 7.4937043e-004
 7.6436321e-004
 7.9114578e-004
 8.1029563e-004
 7.9725770e-004
 7.6175627e-004
 7.4389327e-004
 7.6073257e-004
 7.7938469e-004
 7.5800333e-004
 6.9700304e-004
 6.3346903e-004
 5.9858087e-004
 5.9416669e-004
 5.9867266e-004
 5.9047149e-004
 5.7267939e-004
 5.6774501e-004
 5.8677408e-004
 6.2370335e-004
 6.7663495e-004
 7.4584351e-004
 8.0855784e-004
 8.3102041e-004
 8.1685343e-004
 8.0460007e-004
 8.1135001e-004
 8.1932213e-004
 8.1693323e-004
 8.1651635e-004
 8.2899240e-004
 8.4986159e-004
 8.7195757e-004
 8.9852005e-004
 9.3542680e-004
 9.7103312e-004
 9.7514974e-004
 9.2557597e-004
 8.3201221e-004
 7.3118421e-004
 6.5908383e-004
 6.2801270e-004
 6.3320756e-004
 6.7455915e-004
 7.4833340e-004
 8.1712252e-004
 8.2785072e-004
 7.7701191e-004
 7.2166172e-004
 7.0858950e-004
 7.2716479e-004
 7.4243051e-004
 7.3835207e-004
 7.1731152e-004
 6.8791187e-004
 6.6688721e-004
 6.7145348e-004
 6.9952483e-004
 7.3778653e-004
 7.9205452e-004
 8.7394810e-004
 9.4907946e-004
 9.5339672e-004
 8.7781780e-004
 7.9241564e-004
 7.7018084e-004
 8.0007646e-004
 8.1403943e-004
 7.7552418e-004
 7.0476445e-004
 6.4191915e-004
 6.1484519e-004
 6.3138944e-004
 6.8256556e-004
 7.4700383e-004
 7.9871481e-004
 8.1879436e-004
 8.0375746e-004
 7.6455111e-004
 7.2004716e-004
 6.9083442e-004
 6.9221482e-004
 7.2450901e-004
 7.6774653e-004
 7.9128874e-004
 7.7532581e-004
 7.2643242e-004
 6.7425432e-004
 6.5623928e-004
 7.0356001e-004
 8.2826026e-004
 1.0064107e-003
 1.1712824e-003
 1.2420017e-003
 1.1783649e-003
 1.0146154e-003
 8.3603011e-004
 7.1591500e-004
 6.7223073e-004
 6.8140309e-004
 7.2528038e-004
 7.8314578e-004
 8.1180036e-004
 7.8365114e-004
 7.2566228e-004
 6.8772887e-004
 6.9008651e-004
 7.1343099e-004
 7.2534377e-004
 7.1663311e-004
 7.1048993e-004
 7.2611996e-004
 7.5067976e-004
 7.6492265e-004
 7.7249878e-004
 7.8274915e-004
 7.8670110e-004
 7.7152764e-004
 7.4897235e-004
 7.5884815e-004
 8.3472987e-004
 9.4749103e-004
 1.0063804e-003
 9.6165825e-004
 8.7346189e-004
 8.3302037e-004
 8.6177787e-004
 9.2165230e-004
 9.7273133e-004
 9.9118298e-004
 9.6697733e-004
 9.1467361e-004
 8.7075081e-004
 8.5553649e-004
 8.5204467e-004
 8.4237027e-004
 8.3801884e-004
 8.4931799e-004
 8.5806259e-004
 8.5159560e-004
 8.5137354e-004
 8.7432482e-004
 8.9512137e-004
 8.8215590e-004
 8.2822313e-004
 7.5758412e-004
 6.9960480e-004
 6.6400546e-004
 6.6193525e-004
 7.1488757e-004
 8.3257433e-004
 9.8602870e-004
 1.1130024e-003
 1.1558441e-003
 1.1083174e-003
 1.0170640e-003
 9.3530241e-004
 8.8562892e-004
 8.5925817e-004
 8.3954877e-004
 8.1766141e-004
 7.9483713e-004
 7.8408758e-004
 8.2146906e-004
 9.6004631e-004
 1.2231001e-003
 1.5372337e-003
 1.7382890e-003
 1.6886219e-003
 1.4227229e-003
 1.1258995e-003
 9.7062241e-004
 1.0101213e-003
 1.1647707e-003
 1.2834212e-003
 1.2737481e-003
 1.1700308e-003
 1.0345206e-003
 9.2314562e-004
 8.5010927e-004
 8.1288285e-004
 8.0889411e-004
 8.3428127e-004
 8.7672286e-004
 9.2049019e-004
 9.4984728e-004
 9.5178565e-004
 9.3134266e-004
 9.0084452e-004
 8.7263511e-004
 8.5741002e-004
 8.5488748e-004
 8.6033961e-004
 8.6902705e-004
 8.7654614e-004
 8.8074594e-004
 8.7980146e-004
 8.7256351e-004
 8.5821206e-004
 8.3847914e-004
 8.1794633e-004
 8.0130959e-004
 7.9327298e-004
 7.9833611e-004
 8.1652269e-004
 8.4340217e-004
 8.7436347e-004
 9.0478244e-004
 9.3017402e-004
 9.4884943e-004
 9.6190075e-004
 9.7052963e-004
 9.7594323e-004
 9.7932667e-004
 9.8145276e-004
 9.8268699e-004
 9.8337885e-004
 9.8387722e-004
 9.8453113e-004
 9.8586141e-004
 9.8905538e-004
 9.9546276e-004
 1.0064309e-003
 1.0233120e-003
 1.0474507e-003
 1.0793379e-003
 1.1161283e-003
 1.1541921e-003
 1.1898830e-003
 1.2195711e-003
 1.2396121e-003
 1.2463724e-003
 1.2378800e-003
 1.2185181e-003
 1.1941784e-003
 1.1707612e-003
 1.1541569e-003
 1.1502642e-003
 1.1649783e-003
 1.2041903e-003
 1.2714862e-003
 1.3616851e-003
 1.4675827e-003
 1.5819286e-003
 1.6975247e-003
 1.8071186e-003
 1.9035001e-003
 1.9794530e-003
 2.0296685e-003
 2.0560806e-003
 2.0622846e-003
 2.0518845e-003
 2.0284851e-003
 1.9956827e-003
 1.9570873e-003
 1.9162924e-003
 1.8762925e-003
 1.8377898e-003
 1.8009803e-003
 1.7660466e-003
 1.7331723e-003
 1.7025522e-003
 1.6743661e-003
 1.6488080e-003
 1.6260592e-003
 1.6063121e-003
 1.5897491e-003
 1.5765615e-003
 1.5667949e-003
 1.5599985e-003
 1.5556037e-003
 1.5530442e-003
 1.5517527e-003
 1.5511626e-003
 1.5507066e-003
 1.5498176e-003
 1.5479291e-003
 1.5444733e-003
 1.5388845e-003
 1.5305940e-003
 1.5192182e-003
 1.5050158e-003
 1.4883952e-003
 1.4697585e-003
 1.4495153e-003
 1.4280664e-003
 1.4058221e-003
 1.3831831e-003
 1.3605597e-003
 1.3383551e-003
 1.3169717e-003
 1.2966766e-003
 1.2772204e-003
 1.2582530e-003
 1.2394141e-003
 1.2203532e-003
 1.2007107e-003
 1.1801355e-003
 1.1582681e-003
 1.1347581e-003
 1.1092449e-003
 1.0815535e-003
 1.0521055e-003
 1.0214513e-003
 9.9015364e-004
 9.5875969e-004
 9.2783209e-004
 8.9791825e-004
 8.6958025e-004
 8.4336626e-004
 8.1983750e-004
 7.9948053e-004
 7.8257802e-004
 7.6935772e-004
 7.6005503e-004
 7.5489940e-004
 7.5412431e-004
 7.5796054e-004
 7.6664158e-004
 7.8039715e-004
 7.9946266e-004
 8.2364044e-004
 8.5131050e-004
 8.8053895e-004
 9.0940512e-004
 9.3597471e-004
 9.5832651e-004
 9.7452779e-004
 9.8265486e-004
 9.8077860e-004
 9.6804643e-004
 9.4717636e-004
 9.2163769e-004
 8.9488964e-004
 8.7040273e-004
 8.5163640e-004
 8.4205955e-004
 8.4513455e-004
 8.6263620e-004
 8.9077803e-004
 9.2461897e-004
 9.5923175e-004
 9.8967343e-004
 1.0110160e-003
 1.0183196e-003
 1.0066542e-003
 9.7365840e-004
 9.2538603e-004
 8.6958276e-004
 8.1401749e-004
 7.6643401e-004
 7.3459971e-004
 7.2626374e-004
 7.4918283e-004
 8.0705510e-004
 8.9045911e-004
 9.8736945e-004
 1.0776970e-003
 1.1603818e-003
 1.2188933e-003
 1.2453111e-003
 1.2387668e-003
 1.2045427e-003
 1.1520551e-003
 1.0926761e-003
 1.0381001e-003
 9.9834369e-004
 9.7870512e-004
 9.7786565e-004
 9.8971743e-004
 1.0062798e-003
 1.0197008e-003
 1.0239893e-003
 1.0167531e-003
 9.9974219e-004
 9.7780570e-004
 9.5721462e-004
 9.4419299e-004
 9.4350881e-004
 9.5718575e-004
 9.8404044e-004
 1.0203872e-003
 1.0612695e-003
 1.1015137e-003
 1.1365243e-003
 1.1628421e-003
 1.1783141e-003
 1.1818727e-003
 1.1731816e-003
 1.1525172e-003
 1.1209621e-003
 1.0807150e-003
 1.0351682e-003
 9.8865095e-004
 9.4586750e-004
 9.1116881e-004
 8.8772469e-004
 9.3608641e-004
 9.2984753e-004
 9.2831597e-004
 9.3081984e-004
 9.3641947e-004
 9.4405818e-004
 9.5270871e-004
 9.6149446e-004
 9.6976937e-004
 9.7718998e-004
 9.8373007e-004
 9.8966027e-004
 9.9548069e-004
 1.0018024e-003
 1.0092151e-003
 1.0181661e-003
 1.0288503e-003
 1.0411495e-003
 1.0545942e-003
 1.0683892e-003
 1.0814953e-003
 1.0927313e-003
 1.1009228e-003
 1.1050396e-003
 1.1043075e-003
 1.0983328e-003
 1.0872516e-003
 1.0718039e-003
 1.0533320e-003
 1.0336434e-003
 1.0147106e-003
 9.9835207e-004
 9.8591472e-004
 9.7807322e-004
 9.7473920e-004
 9.7511389e-004
 9.7786542e-004
 9.8140223e-004
 9.8417699e-004
 9.8495977e-004
 9.8301948e-004
 9.7818207e-004
 9.7077747e-004
 9.6149539e-004
 9.5121446e-004
 9.4082410e-004
 9.3110633e-004
 9.2266564e-004
 9.1592199e-004
 9.1115793e-004
 9.0857688e-004
 9.0837065e-004
 9.1075868e-004
 9.1599859e-004
 9.2435535e-004
 9.3604560e-004
 9.5114944e-004
 9.6952450e-004
 9.9073956e-004
 1.0140144e-003
 1.0382405e-003
 1.0620188e-003
 1.0837798e-003
 1.1019522e-003
 1.1151372e-003
 1.1223119e-003
 1.1229890e-003
 1.1173096e-003
 1.1060486e-003
 1.0905236e-003
 1.0724110e-003
 1.0534986e-003
 1.0354512e-003
 1.0195866e-003
 1.0067652e-003
 9.9735870e-004
 9.9131558e-004
 9.8829577e-004
 9.8780310e-004
 9.8929612e-004
 9.9223317e-004
 9.9606067e-004
 1.0001597e-003
 1.0037998e-003
 1.0061283e-003
 1.0062283e-003
 1.0032393e-003
 9.9651364e-004
 9.8576886e-004
 9.7117806e-004
 9.5338927e-004
 9.3342585e-004
 9.1253553e-004
 8.9198136e-004
 8.7283889e-004
 8.5587078e-004
 8.4144651e-004
 8.2958041e-004
 8.2001876e-004
 8.1237423e-004
 8.0627605e-004
 8.0147898e-004
 7.9793518e-004
 7.9579727e-004
 7.9536613e-004
 7.9699635e-004
 8.0098014e-004
 8.0743624e-004
 8.1622961e-004
 8.2694500e-004
 8.3890575e-004
 8.5126358e-004
 8.6310785e-004
 8.7360555e-004
 8.8213081e-004
 8.8835059e-004
 8.9227210e-004
 8.9422741e-004
 8.9479965e-004
 8.9471129e-004
 8.9468795e-004
 8.9532643e-004
 8.9699205e-004
 8.9976366e-004
 9.0344215e-004
 9.0761442e-004
 9.1176591e-004
 9.1541529e-004
 9.1823592e-004
 9.2014717e-004
 9.2134316e-004
 9.2226034e-004
 9.2348515e-004
 9.2562154e-004
 9.2914933e-004
 9.3429926e-004
 9.4097585e-004
 9.4874966e-004
 9.5691293e-004
 9.6460449e-004
 9.7097427e-004
 9.7534293e-004
 9.7734004e-004
 9.7696576e-004
 9.7457709e-004
 9.7078743e-004
 9.6631731e-004
 9.6182636e-004
 9.5778616e-004
 9.5441961e-004
 9.5172762e-004
 9.4959390e-004
 9.4792171e-004
 9.4676146e-004
 9.4637508e-004
 9.4721327e-004
 9.4980549e-004
 9.5459487e-004
 9.6176437e-004
 9.7111129e-004
 9.8201667e-004
 9.9350535e-004
 1.0044160e-003
 1.0136061e-003
 1.0201735e-003
 1.0236307e-003
 1.0239903e-003
 1.0217623e-003
 1.0178535e-003
 1.0134042e-003
 1.0095862e-003
 1.0074116e-003
 1.0075761e-003
 1.0103665e-003
 1.0156427e-003
 1.0228949e-003
 1.0313517e-003
 1.0401264e-003
 1.0483718e-003
 1.0554030e-003
 1.0607990e-003
 1.0644404e-003
 1.0665124e-003
 1.0674672e-003
 1.0679542e-003
 1.0687397e-003
 1.0706092e-003
 1.0742643e-003
 1.0802152e-003
 1.0886710e-003
 1.0994477e-003
 1.1119167e-003
 1.1249982e-003
 1.1372507e-003
 1.1470214e-003
 1.1526804e-003
 1.1528803e-003
 1.1467943e-003
 1.1342827e-003
 1.1159470e-003
 1.0930484e-003
 1.0672937e-003
 1.0405772e-003
 1.0146655e-003
 9.9097670e-004
 9.7042555e-004
 9.5338962e-004
 9.3980599e-004
 9.2930679e-004
 9.2140783e-004
 9.1565709e-004
 9.1173383e-004
 9.0948603e-004
 9.0889900e-004
 9.1002643e-004
 9.1290480e-004
 9.1747643e-004
 9.2353480e-004
 9.3070505e-004
 9.3846169e-004
 9.4616535e-004
 9.5313322e-004
 9.5870742e-004
 9.6233469e-004
 9.6363609e-004
 9.6245774e-004
 9.5890072e-004
 9.5331931e-004
 9.4628549e-004
 9.3851599e-004
 9.3078276e-004
 9.2379714e-004
 9.1811112e-004
 9.1403036e-004
 9.1156561e-004
 9.1043388e-004
 9.1009866e-004
 9.0985087e-004
 9.0891088e-004
 9.0653426e-004
 9.0210751e-004
 8.9521986e-004
 8.8569988e-004
 8.7363209e-004
 8.5933052e-004
 8.4331090e-004
 8.2623697e-004
 8.0885779e-004
 7.9196575e-004
 7.7632937e-004
 7.6266326e-004
 7.5158762e-004
 7.4360287e-004
 7.3908636e-004
 7.3828257e-004
 7.4130995e-004
 7.4815971e-004
 7.5869681e-004
 7.7264261e-004
 7.8956684e-004
 8.0885895e-004
 8.2972407e-004
 8.5120689e-004
 8.7222463e-004
 8.9165999e-004
 9.0848235e-004
 9.2186034e-004
 9.3129277e-004
 9.3667285e-004
 9.3831366e-004
 9.3689794e-004
 9.3337265e-004
 9.2880783e-004
 9.2425453e-004
 9.2062337e-004
 9.1860478e-004
 9.1863959e-004
 9.2091918e-004
 9.2540425e-004
 9.3183853e-004
 9.3975553e-004
 9.4846968e-004
 9.5709093e-004
 9.6455956e-004
 9.6974184e-004
 9.7157701e-004
 9.6925459e-004
 9.6239464e-004
 9.5118093e-004
 9.3640666e-004
 9.1939938e-004
 9.0185582e-004
 8.8558090e-004
 8.7219756e-004
 8.6290319e-004
 8.5828238e-004
 8.5825461e-004
 8.6213090e-004
 8.6878659e-004
 8.7689818e-004
 8.8521116e-004
 8.9276792e-004
 8.9907233e-004
 9.0415071e-004
 9.0849429e-004
 9.1291306e-004
 9.1831473e-004
 9.2546857e-004
 9.3480293e-004
 9.4626757e-004
 9.5931283e-004
 9.7295700e-004
 9.8595291e-004
 9.9700724e-004
 1.0049891e-003
 1.0091186e-003
 1.0090766e-003
 1.0050259e-003
 9.9755055e-004
 9.8752719e-004
 9.7595714e-004
 9.6378726e-004
 9.5177459e-004
 9.4038504e-004
 9.2978100e-004
 9.1986265e-004
 9.1036229e-004
 9.0097659e-004
 8.9147681e-004
 8.8180363e-004
 8.7210105e-004
 8.6269533e-004
 8.5404166e-004
 8.4662996e-004
 8.4090623e-004
 8.3720294e-004
 8.3570590e-004
 8.3645759e-004
 8.3938194e-004
 8.4432465e-004
 8.5108494e-004
 8.5943856e-004
 8.6912961e-004
 8.7985024e-004
 8.9121476e-004
 9.0272678e-004
 9.1379037e-004
 9.2373817e-004
 9.3191752e-004
 9.3781069e-004
 9.4116392e-004
 9.4211398e-004
 9.4125664e-004
 9.3963952e-004
 9.3865488e-004
 9.3984505e-004
 9.4464805e-004
 9.5413515e-004
 9.6879672e-004
 9.8843768e-004
 1.0121758e-003
 1.0385938e-003
 1.0659405e-003
 1.0923930e-003
 1.1162993e-003
 1.1363270e-003
 1.1515606e-003
 1.1615143e-003
 1.1660821e-003
 1.1654935e-003
 1.1602656e-003
 1.1511873e-003
 1.1393072e-003
 1.1259267e-003
 1.1125411e-003
 1.1007488e-003
 1.0920924e-003
 1.0878674e-003
 1.0889381e-003
 1.0955810e-003
 1.1074091e-003
 1.1233904e-003
 1.1419801e-003
 1.1613169e-003
 1.1795039e-003
 1.1948628e-003
 1.2061726e-003
 1.2128183e-003
 1.2148162e-003
 1.2127375e-003
 1.2075219e-003
 1.2002416e-003
 1.1918568e-003
 1.1830362e-003
 1.1740689e-003
 1.1648879e-003
 1.1552027e-003
 1.1446694e-003
 1.1330741e-003
 1.1204500e-003
 1.1071030e-003
 1.0935629e-003
 1.0804514e-003
 1.0683574e-003
 1.0577304e-003
 1.0488420e-003
 1.0418269e-003
 1.0367561e-003
 1.0337279e-003
 1.0329137e-003
 1.0345434e-003
 1.0388254e-003
 1.0458303e-003
 1.0553742e-003
 1.0669543e-003
 1.0797698e-003
 1.0928105e-003
 1.1050190e-003
 1.1154710e-003
 1.1235146e-003
 1.1288689e-003
 1.1316318e-003
 1.1322391e-003
 1.1313832e-003
 1.1299289e-003
 1.1288454e-003
 1.1291597e-003
 1.1319107e-003
 1.1380869e-003
 1.1485183e-003
 1.1637358e-003
 1.1837933e-003
 1.2081198e-003
 1.2354527e-003
 1.2638568e-003
 1.2909271e-003
 1.3140680e-003
 1.3308860e-003
 1.3395785e-003
 1.3392320e-003
 1.3300049e-003
 1.3131128e-003
 1.2906539e-003
 1.2652641e-003
 1.2397212e-003
 1.2165169e-003
 1.1974948e-003
 1.1836418e-003
 1.1750085e-003
 1.1708264e-003
 1.1697458e-003
 1.1701656e-003
 1.1705738e-003
 1.1698279e-003
 1.1673195e-003
 1.1630011e-003
 1.1572815e-003
 1.1508442e-003
 1.1444347e-003
 1.1386968e-003
 1.1340816e-003
 1.1308477e-003
 1.1291354e-003
 1.1290610e-003
 1.1307923e-003
 1.1345643e-003
 1.1406280e-003
 1.1491416e-003
 1.1600456e-003
 1.1729717e-003
 1.1871968e-003
 1.2016997e-003
 1.2152671e-003
 1.2266650e-003
 1.2348231e-003
 1.2389848e-003
 1.2388286e-003
 1.2345209e-003
 1.2267181e-003
 1.2165114e-003
 1.2053386e-003
 1.1948441e-003
 1.1867206e-003
 1.1825097e-003
 1.1833946e-003
 1.1900072e-003
 1.2022877e-003
 1.2194329e-003
 1.2399748e-003
 1.2620043e-003
 1.2834797e-003
 1.3026042e-003
 1.3181617e-003
 1.3297067e-003
 1.3375926e-003
 1.3427744e-003
 1.3464707e-003
 1.3497577e-003
 1.3532129e-003
 1.3567237e-003
 1.3595017e-003
 1.3603065e-003
 1.3578001e-003
 1.3509236e-003
 1.3391798e-003
 1.3227577e-003
 1.3024638e-003
 1.2794982e-003
 1.2551937e-003
 1.2307480e-003
 1.2070994e-003
 1.1849040e-003
 1.1646149e-003
 1.1466204e-003
 1.1313263e-003
 1.1191515e-003
 1.1104348e-003
 1.1052428e-003
 1.1031858e-003
 1.1032979e-003
 1.1041213e-003
 1.1039213e-003
 1.1009707e-003
 1.0938357e-003
 1.0815742e-003
 1.0639533e-003
 1.0416611e-003
 1.0163640e-003
 9.9063618e-004
 9.6766325e-004
 9.5076568e-004
 9.4287028e-004
 9.4595260e-004
 9.6060883e-004
 9.8580273e-004
 1.0190143e-003
 1.0567443e-003
 1.0951736e-003
 1.1307676e-003
 1.1608067e-003
 1.1836925e-003
 1.1990108e-003
 1.2074925e-003
 1.2107582e-003
 1.2109136e-003
 1.2100941e-003
 1.2100332e-003
 1.2117409e-003
 1.2153457e-003
 1.2201102e-003
 1.2246080e-003
 1.2270028e-003
 1.2253956e-003
 1.2181673e-003
 1.2042186e-003
 1.1830973e-003
 1.1550485e-003
 1.1209726e-003
 1.0822975e-003
 1.0409061e-003
 9.9899084e-004
 9.5890032e-004
 9.2289975e-004
 8.9292700e-004
 8.7039854e-004
 8.5602736e-004
 8.4976671e-004
 8.5086131e-004
 8.5798273e-004
 8.6944073e-004
 8.8342227e-004
 8.9822762e-004
 9.1243722e-004
 9.2499255e-004
 9.3517400e-004
 9.4255211e-004
 9.4691856e-004
 9.4821450e-004
 9.4648008e-004
 9.4183866e-004
 9.3450490e-004
 9.2479918e-004
 9.1318163e-004
 9.0026582e-004
 8.8683353e-004
 8.7380537e-004
 8.6217182e-004
 8.5290556e-004
 8.4683363e-004
 8.4450876e-004
 8.4610225e-004
 8.5133390e-004
 8.5946737e-004
 8.6937763e-004
 8.7969762e-004
 8.8900927e-004
 8.9607743e-004
 9.0005499e-004
 9.0064749e-004
 8.9818466e-004
 8.9358859e-004
 8.8823459e-004
 8.8373391e-004
 8.8166556e-004
 8.8331121e-004
 8.8943978e-004
 9.0017985e-004
 9.1499346e-004
 9.3276211e-004
 9.5196976e-004
 9.7091665e-004
 9.8797679e-004
 1.0017930e-003
 1.0114335e-003
 1.0164633e-003
 1.0169246e-003
 1.0132637e-003
 1.0062052e-003
 9.9662144e-004
 9.8540518e-004
 9.7339234e-004
 9.6132053e-004
 9.4983442e-004
 9.3954138e-004
 9.3106629e-004
 9.2512195e-004
 9.2253776e-004
 9.2424842e-004
 9.3122647e-004
 9.4436097e-004
 9.6428889e-004
 9.9121581e-004
 1.0247724e-003
 1.0638917e-003
 1.1068321e-003
 1.1512465e-003
 1.1944019e-003
 1.2334873e-003
 1.2659158e-003
 1.2896659e-003
 1.3035408e-003
 1.3072940e-003
 1.3016415e-003
 1.2881166e-003
 1.2688249e-003
 1.2461190e-003
 1.2222901e-003
 1.1992662e-003
 1.1784376e-003
 1.1605534e-003
 1.1457270e-003
 1.1335540e-003
 1.1232680e-003
 1.1139474e-003
 1.1046971e-003
 1.0947965e-003
 1.0837939e-003
 1.0715140e-003
 1.0580344e-003
 1.0436252e-003
 1.0286755e-003
 1.0136436e-003
 9.9899934e-004
 9.8521146e-004
 9.7272388e-004
 9.6195081e-004
 9.5329678e-004
 9.4717112e-004
 9.4400620e-004
 9.4427046e-004
 9.4846048e-004
 9.5707423e-004
 9.7055320e-004
 9.8921277e-004
 1.0131377e-003
 1.0421133e-003
 1.0755364e-003
 1.1124191e-003
 1.1514797e-003
 1.1912279e-003
 1.2301560e-003
 1.2668750e-003
 1.3002865e-003
 1.3297156e-003
 1.3549431e-003
 1.3762418e-003
 1.3943155e-003
 1.4102053e-003
 1.4251365e-003
 1.4403227e-003
 1.4567830e-003
 1.4751825e-003
 1.4957017e-003
 1.5180056e-003
 1.5412546e-003
 1.5642049e-003
 1.5853593e-003
 1.6031167e-003
 1.6159603e-003
 1.6225907e-003
 1.6220454e-003
 1.6137609e-003
 1.5976005e-003
 1.5738332e-003
 1.5431104e-003
 1.5064175e-003
 1.4650100e-003
 1.4203988e-003
 1.3742647e-003
 1.3284400e-003
 1.2848213e-003
 1.2452645e-003
 1.2115067e-003
 1.1850244e-003
 1.1669053e-003
 1.1577632e-003
 1.1576532e-003
 1.1660624e-003
 1.1819393e-003
 1.2037904e-003
 1.2297929e-003
 1.2579610e-003
 1.2862730e-003
 1.3128134e-003
 1.3358910e-003
 1.3540982e-003
 1.3663906e-003
 1.3721151e-003
 1.3710606e-003
 1.3634948e-003
 1.3502055e-003
 1.3325189e-003
 1.3123015e-003
 1.2919008e-003
 1.2740151e-003
 1.2615212e-003
 1.2572132e-003
 1.2635320e-003
 1.2822761e-003
 1.3143749e-003
 1.3597161e-003
 1.4170967e-003
 1.4843208e-003
 1.5583303e-003
 1.6355327e-003
 1.7120526e-003
 1.7840695e-003
 1.8481194e-003
 1.9012503e-003
 1.9412194e-003
 1.9665132e-003
 1.9763869e-003
 1.9708404e-003
 1.9505816e-003
 1.9169857e-003
 1.8720664e-003
 1.8184143e-003
 1.7590764e-003
 1.6974527e-003
 1.6370303e-003
 1.5811650e-003
 1.5327570e-003
 1.4939369e-003
 1.4658535e-003
 1.4484948e-003
 1.4406706e-003
 1.4401609e-003
 1.4439826e-003
 1.4487727e-003
 1.4512244e-003
 1.4485186e-003
 1.4386853e-003
 1.4208377e-003
 1.3952724e-003
 1.3634213e-003
 1.3276174e-003
 1.2907732e-003
 1.2559150e-003
 1.2257680e-003
 1.2023469e-003
 1.1866505e-003
 1.1785791e-003
 1.1770567e-003
 1.1802821e-003
 1.1860244e-003
 1.1919349e-003
 1.1958153e-003
 1.1958326e-003
 1.1906218e-003
 1.1793503e-003
 1.1617993e-003
 1.1383883e-003
 1.1101158e-003
 1.0784226e-003
 1.0450359e-003
 1.0117295e-003
 9.8013668e-004
 9.5155544e-004
 9.2684093e-004
 9.0640929e-004
 8.8548829e-004
 8.7400648e-004
 8.6611469e-004
 8.6121226e-004
 8.5871748e-004
 8.5809268e-004
 8.5886987e-004
 8.6065347e-004
 8.6310320e-004
 8.6591084e-004
 8.6878886e-004
 8.7146705e-004
 8.7370537e-004
 8.7531854e-004
 8.7620318e-004
 8.7635941e-004
 8.7589637e-004
 8.7502331e-004
 8.7402371e-004
 8.7322691e-004
 8.7298249e-004
 8.7363861e-004
 8.7551720e-004
 8.7888091e-004
 8.8388810e-004
 8.9055207e-004
 8.9872716e-004
 9.0811920e-004
 9.1833173e-004
 9.2890323e-004
 9.3934720e-004
 9.4918744e-004
 9.5798553e-004
 9.6540066e-004
 9.7124436e-004
 9.7553834e-004
 9.7853749e-004
 9.8070409e-004
 9.8265498e-004
 9.8509772e-004
 9.8877330e-004
 9.9440769e-004
 1.0026436e-003
 1.0139458e-003
 1.0284851e-003
 1.0460229e-003
 1.0658799e-003
 1.0869669e-003
 1.1078967e-003
 1.1271155e-003
 1.1429915e-003
 1.1539247e-003
 1.1584444e-003
 1.1553784e-003
 1.1440484e-003
 1.1244520e-003
 1.0973231e-003
 1.0640747e-003
 1.0266167e-003
 9.8713790e-004
 9.4797078e-004
 9.1142254e-004
 8.7967026e-004
 8.5456023e-004
 8.3737710e-004
 8.2866434e-004
 8.2813017e-004
 8.3473220e-004
 8.4687385e-004
 8.6263428e-004
 8.7994273e-004
 8.9671859e-004
 9.1100612e-004
 9.2112215e-004
 9.2586182e-004
 9.2465896e-004
 9.1766147e-004
 9.0565736e-004
 8.8991225e-004
 8.7196747e-004
 8.5349724e-004
 8.3619345e-004
 8.2166342e-004
 8.1132952e-004
 8.0628216e-004
 8.0717180e-004
 8.1415486e-004
 8.2694658e-004
 8.4493280e-004
 8.6730020e-004
 8.9314859e-004
 9.2153228e-004
 9.5151819e-004
 9.8218466e-004
 1.0126502e-003
 1.0421004e-003
 1.0697684e-003
 1.0949573e-003
 1.1170022e-003
 1.1352678e-003
 1.1491497e-003
 1.1580795e-003
 1.1615911e-003
 1.1594106e-003
 1.1515898e-003
 1.1386169e-003
 1.1214701e-003
 1.1015593e-003
 1.0806225e-003
 1.0605872e-003
 1.0434447e-003
 1.0311597e-003
 1.0255186e-003
 1.0279423e-003
 1.0392258e-003
 1.0593260e-003
 1.0872623e-003
 1.1212076e-003
 1.1587269e-003
 1.1970024e-003
 1.2330791e-003
 1.2640044e-003
 1.2870277e-003
 1.2998569e-003
 1.3009490e-003
 1.2897915e-003
 1.2670092e-003
 1.2342600e-003
 1.1939467e-003
 1.1489397e-003
 1.1022903e-003
 1.0570851e-003
 1.0162616e-003
 9.8239072e-004
 9.5746393e-004
 9.4264746e-004
 9.3821861e-004
 9.4363792e-004
 9.5777033e-004
 9.7912108e-004
 1.0060227e-003
 1.0367713e-003
 1.0696861e-003
 1.1032174e-003
 1.1360055e-003
 1.1669671e-003
 1.1953341e-003
 1.2206002e-003
 1.2424754e-003
 1.2607838e-003
 1.2754168e-003
 1.2863103e-003
 1.2934402e-003
 1.2968680e-003
 1.2967837e-003
 1.2935564e-003
 1.2877502e-003
 1.2801087e-003
 1.2715025e-003
 1.2628806e-003
 1.2552205e-003
 1.2494784e-003
 1.2465358e-003
 1.2471045e-003
 1.2516159e-003
 1.2601186e-003
 1.2722424e-003
 1.2872327e-003
 1.3040534e-003
 1.3215096e-003
 1.3383324e-003
 1.3532796e-003
 1.3652216e-003
 1.3732915e-003
 1.3770638e-003
 1.3767052e-003
 1.3730422e-003
 1.3674967e-003
 1.3619282e-003
 1.3584510e-003
 1.3592822e-003
 1.3666017e-003
 1.3823848e-003
 1.4081566e-003
 1.4447029e-003
 1.4917778e-003
 1.5480311e-003
 1.6110796e-003
 1.6777901e-003
 1.7446119e-003
 1.8077852e-003
 1.8635767e-003
 1.9085273e-003
 1.9397237e-003
 1.9552268e-003
 1.9543834e-003
 1.9379871e-003
 1.9081223e-003
 1.8678413e-003
 1.8207487e-003
 1.7707210e-003
 1.7216256e-003
 1.6771706e-003
 1.6405577e-003
 1.6141972e-003
 1.5994328e-003
 1.5963877e-003
 1.6041083e-003
 1.6208468e-003
 1.6443649e-003
 1.6722145e-003
 1.7019029e-003
 1.7310014e-003
 1.7573313e-003
 1.7791033e-003
 1.7950459e-003
 1.8044943e-003
 1.8073112e-003
 1.8037511e-003
 1.7943098e-003
 1.7795992e-003
 1.7602805e-003
 1.7370613e-003
 1.7106760e-003
 1.6819161e-003
 1.6516747e-003
 1.6209134e-003
 1.5906733e-003
 1.5620765e-003
 1.5362552e-003
 1.5143553e-003
 1.4974899e-003
 1.4866969e-003
 1.4828204e-003
 1.4864083e-003
 1.4975956e-003
 1.5160651e-003
 1.5410966e-003
 1.5716491e-003
 1.6065183e-003
 1.6444103e-003
 1.6840186e-003
 1.7240323e-003
 1.7632386e-003
 1.8005442e-003
 1.8349929e-003
 1.8658364e-003
 1.8924871e-003
 1.9144599e-003
 1.9313633e-003
 1.9428413e-003
 1.9485599e-003
 1.9482345e-003
 1.9416537e-003
 1.9287264e-003
 1.9095402e-003
 1.8843600e-003
 1.8536135e-003
 1.8178760e-003
 1.7777772e-003
 1.7339863e-003
 1.6872374e-003
 1.6382860e-003
 1.5879965e-003
 1.5373819e-003
 1.4877104e-003
 1.4404552e-003
 1.3973101e-003
 1.3601587e-003
 1.3309412e-003
 1.3116208e-003
 1.3040937e-003
 1.3100014e-003
 1.3304914e-003
 1.3658897e-003
 1.4153655e-003
 1.4768622e-003
 1.5472061e-003
 1.6223418e-003
 1.6977752e-003
 1.7688129e-003
 1.8307547e-003
 1.8792775e-003
 1.9107647e-003
 1.9227838e-003
 1.9145644e-003
 1.8871380e-003
 1.8431600e-003
 1.7865255e-003
 1.7218158e-003
 1.6539242e-003
 1.5878207e-003
 1.5281854e-003
 1.4791312e-003
 1.4438352e-003
 1.4241186e-003
 1.4203561e-003
 1.4316075e-003
 1.4559512e-003
 1.4908905e-003
 1.5336664e-003
 1.5814177e-003
 1.6313904e-003
 1.6810540e-003
 1.7282260e-003
 1.7712823e-003
 1.8091729e-003
 1.8413441e-003
 1.8676553e-003
 1.8881892e-003
 1.9031490e-003
 1.9127834e-003
 1.9173939e-003
 1.9173342e-003
 1.9130479e-003
 1.9050990e-003
 1.8941808e-003
 1.8811142e-003
 1.8668007e-003
 1.8521945e-003
 1.8382641e-003
 1.8259704e-003
 1.8161982e-003
 1.8096948e-003
 1.8069776e-003
 1.8082411e-003
 1.8133323e-003
 1.8217759e-003
 1.8328663e-003
 1.8457604e-003
 1.8595407e-003
 1.8732850e-003
 1.8860926e-003
 1.8971318e-003
 1.9056771e-003
 1.9111665e-003
 1.9132067e-003
 1.9115588e-003
 1.9061003e-003
 1.8967758e-003
 1.8835765e-003
 1.8665177e-003
 1.8456639e-003
 1.8211611e-003
 1.7933182e-003
 1.7626229e-003
 1.7297771e-003
 1.6957021e-003
 1.6614394e-003
 1.6281151e-003
 1.5969117e-003
 1.5689743e-003
 1.5453806e-003
 1.5270717e-003
 1.5147151e-003
 1.5086363e-003
 1.5087760e-003
 1.5147262e-003
 1.5258221e-003
 1.5412496e-003
 1.5601101e-003
 1.5814943e-003
 1.6045067e-003
 1.6282767e-003
 1.6520234e-003
 1.6750605e-003
 1.6968166e-003
 1.7168054e-003
 1.7346296e-003
 1.7499364e-003
 1.7623890e-003
 1.7716880e-003
 1.7775769e-003
 1.7798828e-003
 1.7785829e-003
 1.7738470e-003
 1.7660660e-003
 1.7558237e-003
 1.7438496e-003
 1.7309549e-003
 1.7179977e-003
 1.7058259e-003
 1.6952491e-003
 1.6869949e-003
 1.6816328e-003
 1.6795300e-003
 1.6808284e-003
 1.6854637e-003
 1.6932210e-003
 1.7037982e-003
 1.7168398e-003
 1.7319798e-003
 1.7488466e-003
 1.7670530e-003
 1.7862193e-003
 1.8059614e-003
 1.8258747e-003
 1.8455641e-003
 1.8646258e-003
 1.8826593e-003
 1.8992549e-003
 1.9140294e-003
 1.9266338e-003
 1.9367830e-003
 1.9443221e-003
 1.9492584e-003
 1.9517766e-003
 1.9522299e-003
 1.9510899e-003
 1.9489011e-003
 1.9462380e-003
 1.9436750e-003
 1.9417540e-003
 1.9409453e-003
 1.9415939e-003
 1.9438785e-003
 1.9477896e-003
 1.9531518e-003
 1.9596673e-003
 1.9669593e-003
 1.9746227e-003
 1.9822449e-003
 1.9894340e-003
 1.9958380e-003
 2.0011892e-003
 2.0053242e-003
 2.0081953e-003
 2.0098637e-003
 2.0104677e-003
 2.0101923e-003
 2.0092451e-003
 2.0078388e-003
 2.0061820e-003
 2.0044651e-003
 2.0028509e-003
 2.0014616e-003
 2.0003775e-003
 1.9996390e-003
 1.9992569e-003
 1.9992257e-003
 1.9995302e-003
 2.0001514e-003
 2.0010667e-003
 2.0022499e-003
 2.0036681e-003
 2.0052793e-003
 2.0070313e-003
 2.0088635e-003
 2.0107094e-003
 2.0124968e-003
 2.0141543e-003
 2.0156130e-003
 2.0168100e-003
 2.0176989e-003
 2.0182591e-003
 2.0185052e-003
 2.0184910e-003
 2.0183050e-003
 2.0180617e-003
 2.0178913e-003
 2.0179288e-003
 2.0183071e-003
 2.0191453e-003
 2.0205325e-003
 2.0225090e-003
 2.0250459e-003
 2.0280411e-003
 2.0313247e-003
 2.0346788e-003
 2.0378563e-003
 2.0406093e-003
 2.0427210e-003
 2.0440631e-003
 2.0446952e-003
 2.0449879e-003
 2.0457332e-003
 2.0481895e-003
 2.0540389e-003
 2.0652686e-003
 2.0840457e-003
 2.1125949e-003
 2.1530821e-003
 2.2073886e-003
 2.2768860e-003
 2.3620604e-003
 2.4621161e-003
 2.5749677e-003
 2.6973207e-003
 2.8248949e-003
 2.9529675e-003
 3.0765596e-003
 3.1907293e-003
 3.2907110e-003
 3.3724131e-003
 3.4327179e-003
 3.4698141e-003
 3.4834272e-003
 3.4746074e-003
 3.4454074e-003
 3.3984708e-003
 3.3367088e-003
 3.2631648e-003
 3.1808007e-003
 3.0924459e-003
 3.0006510e-003
 2.9076806e-003
 2.8153441e-003
 2.7250992e-003
 2.6382080e-003
 2.5557082e-003
 2.4785525e-003
 2.4076796e-003
 2.3438691e-003
 2.2877271e-003
 2.2395321e-003
 2.1991662e-003
 2.1660021e-003
 2.1389900e-003
 2.1167833e-003
 2.0978292e-003
 2.0804983e-003
 2.0631764e-003
 2.0443299e-003
 2.0226371e-003
 1.9971195e-003
 1.9672941e-003
 1.9331865e-003
 1.8952945e-003
 1.8544943e-003
 1.8118459e-003
 1.7685067e-003
 1.7256904e-003
 1.6845524e-003
 1.6461703e-003
 1.6115110e-003
 1.5813259e-003
 1.5561676e-003
 1.5363961e-003
 1.5222463e-003
 1.5138537e-003
 1.5113121e-003
 1.5146808e-003
 1.5239635e-003
 1.5390718e-003
 1.5597455e-003
 1.5855185e-003
 1.6156837e-003
 1.6493234e-003
 1.6853315e-003
 1.7225276e-003
 1.7596913e-003
 1.7955838e-003
 1.8290621e-003
 1.8591388e-003
 1.8850749e-003
 1.9065220e-003
 1.9235412e-003
 1.9365435e-003
 1.9462052e-003
 1.9533397e-003
 1.9588170e-003
 1.9634897e-003
 1.9681351e-003
 1.9733673e-003
 1.9795394e-003
 1.9866682e-003
 1.9943924e-003
 2.0019910e-003
 2.0084751e-003
 2.0126831e-003
 2.0133769e-003
 2.0093073e-003
 1.9992467e-003
 1.9820025e-003
 1.9564475e-003
 1.9230403e-003
 1.8881252e-003
 1.8336328e-003
 1.7726404e-003
 1.7068724e-003
 1.6380649e-003
 1.5679379e-003
 1.4982619e-003
 1.4307564e-003
 1.3671583e-003
 1.3092036e-003
 1.2584658e-003
 1.2151329e-003
 1.1785805e-003
 1.1481890e-003
 1.1233338e-003
 1.1034074e-003
 1.0877838e-003
 1.0758437e-003
 1.0669663e-003
 1.0605361e-003
 1.0559312e-003
 1.0525327e-003
 1.0497203e-003
 1.0468760e-003
 1.0434291e-003
 1.0392610e-003
 1.0344951e-003
 1.0292555e-003
 1.0236703e-003
 1.0178646e-003
 1.0119634e-003
 1.0060910e-003
 1.0003762e-003
 9.9494297e-004
 9.8991685e-004
 9.8542287e-004
 9.8158850e-004
 9.7853842e-004
 9.7639818e-004
 9.7529340e-004
 9.7534998e-004
 9.7669347e-004
 9.7943249e-004
 9.8352565e-004
 9.8885410e-004
 9.9529454e-004
 1.0027271e-003
 1.0110309e-003
 1.0200872e-003
 1.0297709e-003
 1.0399633e-003
 1.0505435e-003
 1.0613904e-003
 1.0723860e-003
 1.0834041e-003
 1.0943263e-003
 1.1050318e-003
 1.1154023e-003
 1.1253117e-003
 1.1346419e-003
 1.1432719e-003
 1.1510825e-003
 1.1579491e-003
 1.1637529e-003
 1.1683869e-003
 1.1718677e-003
 1.1742708e-003
 1.1756753e-003
 1.1761592e-003
 1.1758008e-003
 1.1746775e-003
 1.1728681e-003
 1.1704502e-003
 1.1675023e-003
 1.1641012e-003
 1.1603268e-003
 1.1562563e-003
 1.1519677e-003
 1.1475380e-003
 1.1430476e-003
 1.1385733e-003
 1.1341932e-003
 1.1299853e-003
 1.1260267e-003
 1.1223976e-003
 1.1191749e-003
 1.1164368e-003
 1.1142605e-003
 1.1127257e-003
 1.1119094e-003
 1.1118804e-003
 1.1126308e-003
 1.1141137e-003
 1.1162824e-003
 1.1190904e-003
 1.1224909e-003
 1.1264383e-003
 1.1308840e-003
 1.1357822e-003
 1.1410860e-003
 1.1467506e-003
 1.1527262e-003
 1.1589677e-003
 1.1654282e-003
 1.1720626e-003
 1.1788212e-003
 1.1856587e-003
 1.1925289e-003
 1.1993861e-003
 1.2061808e-003
 1.2128677e-003
 1.2194002e-003
 1.2257316e-003
 1.2318167e-003
 1.2376059e-003
 1.2430539e-003
 1.2481142e-003
 1.2527412e-003
 1.2568856e-003
 1.2605024e-003
 1.2635520e-003
 1.2660547e-003
 1.2680568e-003
 1.2696070e-003
