s07_ASD Record=8682:  error bars to preceding                
 1.3032015e-003
 1.2561847e-003
 1.2104301e-003
 1.1758959e-003
 1.1576796e-003
 1.1539820e-003
 1.1578563e-003
 1.1609985e-003
 1.1570816e-003
 1.1434024e-003
 1.1206362e-003
 1.0916834e-003
 1.0605402e-003
 1.0316819e-003
 1.0094454e-003
 9.9704089e-004
 9.9551061e-004
 1.0032476e-003
 1.0161460e-003
 1.0285581e-003
 1.0350398e-003
 1.0323874e-003
 1.0209053e-003
 1.0043004e-003
 9.8879961e-004
 9.8234310e-004
 9.9326274e-004
 1.0274817e-003
 1.0851310e-003
 1.1594914e-003
 1.2386155e-003
 1.3093817e-003
 1.3606736e-003
 1.3840179e-003
 1.3757907e-003
 1.3398487e-003
 1.2852916e-003
 1.2228772e-003
 1.1622417e-003
 1.1098812e-003
 1.0688343e-003
 1.0402598e-003
 1.0256926e-003
 1.0280792e-003
 1.0501273e-003
 1.0903890e-003
 1.1398193e-003
 1.1822464e-003
 1.1999881e-003
 1.1821167e-003
 1.1303033e-003
 1.0585210e-003
 9.8691811e-004
 9.3366578e-004
 9.0955012e-004
 9.1743021e-004
 9.5368468e-004
 1.0099555e-003
 1.0760806e-003
 1.1374905e-003
 1.1719915e-003
 1.1740035e-003
 1.1462360e-003
 1.0908011e-003
 1.0195924e-003
 9.5573202e-004
 9.1387430e-004
 8.9683384e-004
 9.0036436e-004
 9.1569219e-004
 9.3346654e-004
 9.4720849e-004
 9.5421390e-004
 9.5438794e-004
 9.4869948e-004
 9.3818275e-004
 9.2362327e-004
 9.0574328e-004
 8.8560587e-004
 8.6506375e-004
 8.4709213e-004
 8.3571061e-004
 8.3505409e-004
 8.4748829e-004
 8.7141787e-004
 9.0017356e-004
 9.2324318e-004
 9.2992047e-004
 9.1378676e-004
 8.7572273e-004
 8.2387752e-004
 7.7070604e-004
 7.2873227e-004
 7.0708484e-004
 7.1008760e-004
 7.3771673e-004
 7.8676833e-004
 8.5186952e-004
 9.2587713e-004
 1.0003439e-003
 1.0672053e-003
 1.1218339e-003
 1.1653170e-003
 1.2036221e-003
 1.2428105e-003
 1.2817121e-003
 1.3084433e-003
 1.3061437e-003
 1.2652746e-003
 1.1936839e-003
 1.1158059e-003
 1.0607196e-003
 1.0467625e-003
 1.0717283e-003
 1.1137053e-003
 1.1425578e-003
 1.1367601e-003
 1.0958591e-003
 1.0397767e-003
 9.9500932e-004
 9.7779767e-004
 9.8596909e-004
 1.0036560e-003
 1.0139174e-003
 1.0103022e-003
 1.0003130e-003
 9.9932018e-004
 1.0195159e-003
 1.0614713e-003
 1.1136411e-003
 1.1594815e-003
 1.1870527e-003
 1.1949107e-003
 1.1909605e-003
 1.1855548e-003
 1.1840370e-003
 1.1842791e-003
 1.1806018e-003
 1.1696526e-003
 1.1522549e-003
 1.1305398e-003
 1.1057786e-003
 1.0803832e-003
 1.0598648e-003
 1.0494331e-003
 1.0484868e-003
 1.0506460e-003
 1.0493234e-003
 1.0414846e-003
 1.0269962e-003
 1.0084116e-003
 9.9304842e-004
 9.9205819e-004
 1.0134726e-003
 1.0552945e-003
 1.1066746e-003
 1.1563102e-003
 1.1989357e-003
 1.2337461e-003
 1.2590082e-003
 1.2709161e-003
 1.2678643e-003
 1.2544621e-003
 1.2413356e-003
 1.2406625e-003
 1.2582322e-003
 1.2862813e-003
 1.3064400e-003
 1.3045616e-003
 1.2819858e-003
 1.2490855e-003
 1.2117953e-003
 1.1712835e-003
 1.1331725e-003
 1.1066548e-003
 1.0938757e-003
 1.0889649e-003
 1.0894419e-003
 1.1015369e-003
 1.1317009e-003
 1.1770771e-003
 1.2247543e-003
 1.2563824e-003
 1.2552860e-003
 1.2171784e-003
 1.1581640e-003
 1.1088176e-003
 1.0955565e-003
 1.1247233e-003
 1.1809235e-003
 1.2373331e-003
 1.2692362e-003
 1.2651120e-003
 1.2327342e-003
 1.1969614e-003
 1.1856413e-003
 1.2078263e-003
 1.2407097e-003
 1.2415670e-003
 1.1813688e-003
 1.0742780e-003
 9.7529351e-004
 9.4328378e-004
 9.9882332e-004
 1.1124584e-003
 1.2298021e-003
 1.3085370e-003
 1.3391174e-003
 1.3400040e-003
 1.3368295e-003
 1.3426314e-003
 1.3521863e-003
 1.3509874e-003
 1.3272690e-003
 1.2763148e-003
 1.1994665e-003
 1.1056662e-003
 1.0126841e-003
 9.4020291e-004
 8.9964352e-004
 8.9282688e-004
 9.1828790e-004
 9.7253139e-004
 1.0435033e-003
 1.1081470e-003
 1.1436731e-003
 1.1455391e-003
 1.1320718e-003
 1.1271022e-003
 1.1411030e-003
 1.1730571e-003
 1.2189380e-003
 1.2631529e-003
 1.2719443e-003
 1.2195983e-003
 1.1205437e-003
 1.0172221e-003
 9.4051583e-004
 8.9957297e-004
 8.9894148e-004
 9.3696924e-004
 9.8935631e-004
 1.0201634e-003
 1.0146266e-003
 9.8776456e-004
 9.6168811e-004
 9.4658422e-004
 9.4168721e-004
 9.4194128e-004
 9.4144512e-004
 9.3906041e-004
 9.4389572e-004
 9.6619391e-004
 9.9486124e-004
 9.9641376e-004
 9.5970562e-004
 9.2248537e-004
 9.2187361e-004
 9.4844610e-004
 9.7474357e-004
 9.8557794e-004
 9.7014877e-004
 9.3173812e-004
 9.0164866e-004
 9.0792135e-004
 9.3954505e-004
 9.6086896e-004
 9.5376570e-004
 9.3538594e-004
 9.3475316e-004
 9.5782400e-004
 9.8244532e-004
 9.8394637e-004
 9.5624651e-004
 9.1505580e-004
 8.9384534e-004
 9.2649244e-004
 1.0100431e-003
 1.0872205e-003
 1.0965102e-003
 1.0366836e-003
 9.5968856e-004
 9.1033091e-004
 8.9851359e-004
 9.1794488e-004
 9.5764798e-004
 9.9839363e-004
 1.0188018e-003
 1.0150112e-003
 1.0106957e-003
 1.0329258e-003
 1.0737606e-003
 1.0951702e-003
 1.0792800e-003
 1.0497211e-003
 1.0348598e-003
 1.0348053e-003
 1.0341151e-003
 1.0271713e-003
 1.0214404e-003
 1.0263376e-003
 1.0454343e-003
 1.0757302e-003
 1.1115982e-003
 1.1508557e-003
 1.1954531e-003
 1.2389132e-003
 1.2558238e-003
 1.2250525e-003
 1.1707905e-003
 1.1539441e-003
 1.2074191e-003
 1.3012447e-003
 1.3787705e-003
 1.4041925e-003
 1.3738504e-003
 1.3056324e-003
 1.2276479e-003
 1.1665332e-003
 1.1303101e-003
 1.1010277e-003
 1.0568997e-003
 1.0011878e-003
 9.5973624e-004
 9.5300522e-004
 9.7744924e-004
 1.0126028e-003
 1.0447680e-003
 1.0828824e-003
 1.1470644e-003
 1.2371523e-003
 1.3135027e-003
 1.3178509e-003
 1.2246573e-003
 1.0754624e-003
 9.5642777e-004
 9.3545980e-004
 1.0164966e-003
 1.1472863e-003
 1.2607373e-003
 1.3090255e-003
 1.2777325e-003
 1.1929873e-003
 1.1206401e-003
 1.1367905e-003
 1.2710866e-003
 1.4703608e-003
 1.6303234e-003
 1.6718378e-003
 1.5908760e-003
 1.4414212e-003
 1.2774909e-003
 1.1219438e-003
 1.0083901e-003
 1.0084427e-003
 1.1119819e-003
 1.1888904e-003
 1.1569152e-003
 1.1144234e-003
 1.1888620e-003
 1.3506240e-003
 1.4664788e-003
 1.4578151e-003
 1.3686094e-003
 1.3175119e-003
 1.3771952e-003
 1.4979718e-003
 1.5650101e-003
 1.5096896e-003
 1.3699909e-003
 1.2610912e-003
 1.2650957e-003
 1.3581108e-003
 1.4652681e-003
 1.5401050e-003
 1.5624034e-003
 1.5116965e-003
 1.3869434e-003
 1.2324061e-003
 1.1186895e-003
 1.1046312e-003
 1.2125866e-003
 1.4047991e-003
 1.5634518e-003
 1.5494737e-003
 1.3606281e-003
 1.1773821e-003
 1.1541541e-003
 1.2446267e-003
 1.3198159e-003
 1.3480136e-003
 1.3794180e-003
 1.4447198e-003
 1.5311770e-003
 1.6037021e-003
 1.6090280e-003
 1.5067256e-003
 1.3198504e-003
 1.1400293e-003
 1.0975533e-003
 1.2001394e-003
 1.2814985e-003
 1.2356450e-003
 1.1181793e-003
 1.0145109e-003
 9.6358842e-004
 9.6347992e-004
 1.0000913e-003
 1.0626444e-003
 1.1450064e-003
 1.2382233e-003
 1.3204991e-003
 1.3588573e-003
 1.3297104e-003
 1.2472637e-003
 1.1620368e-003
 1.1252792e-003
 1.1551315e-003
 1.2359731e-003
 1.3427798e-003
 1.4566021e-003
 1.5653038e-003
 1.6546550e-003
 1.6988887e-003
 1.6659768e-003
 1.5386015e-003
 1.3337833e-003
 1.1078024e-003
 9.3879859e-004
 8.8191009e-004
 8.8966673e-004
 9.3612081e-004
 9.8785758e-004
 1.0439154e-003
 1.1163637e-003
 1.2173208e-003
 1.3531938e-003
 1.4931827e-003
 1.5914639e-003
 1.6021666e-003
 1.4900703e-003
 1.2901198e-003
 1.0656265e-003
 8.7996392e-004
 7.8830076e-004
 7.9105096e-004
 8.6646725e-004
 9.9275599e-004
 1.1469063e-003
 1.2982052e-003
 1.4259334e-003
 1.4547813e-003
 1.3751065e-003
 1.1968148e-003
 9.7184494e-004
 7.5386767e-004
 5.9665006e-004
 5.5173202e-004
 6.2208995e-004
 7.6243689e-004
 9.2546130e-004
 1.0637867e-003
 1.1317162e-003
 1.1197499e-003
 1.0541457e-003
 9.6269196e-004
 8.7314355e-004
 8.1244484e-004
 7.8864733e-004
 7.9133501e-004
 8.0930971e-004
 8.3137007e-004
 8.4632158e-004
 8.4594719e-004
 8.3359313e-004
 8.1540737e-004
 7.9754449e-004
 7.8615121e-004
 7.8738021e-004
 8.0572488e-004
 8.3929417e-004
 8.8467426e-004
 9.3843340e-004
 9.9716277e-004
 1.0574273e-003
 1.1158128e-003
 1.1704713e-003
 1.2255042e-003
 1.2864618e-003
 1.3588663e-003
 1.4482720e-003
 1.5601942e-003
 1.7001969e-003
 1.8737833e-003
 2.0827299e-003
 2.3143939e-003
 2.5528576e-003
 2.7820934e-003
 2.9861839e-003
 3.1491101e-003
 3.2549300e-003
 3.2876737e-003
 3.2372738e-003
 3.1156992e-003
 2.9400915e-003
 2.7275262e-003
 2.4951668e-003
 2.2600743e-003
 2.0394186e-003
 1.8502631e-003
 1.7057611e-003
 1.6042155e-003
 1.5405845e-003
 1.5097883e-003
 1.5067625e-003
 1.5264414e-003
 1.5637635e-003
 1.6136535e-003
 1.6710568e-003
 1.7308937e-003
 1.7881114e-003
 1.8376305e-003
 1.8755671e-003
 1.9022622e-003
 1.9190353e-003
 1.9271949e-003
 1.9280557e-003
 1.9229306e-003
 1.9131320e-003
 1.8999714e-003
 1.8847642e-003
 1.8688195e-003
 1.8534540e-003
 1.8399768e-003
 1.8293954e-003
 1.8216122e-003
 1.8162880e-003
 1.8130809e-003
 1.8116512e-003
 1.8116576e-003
 1.8127596e-003
 1.8146167e-003
 1.8168878e-003
 1.8192326e-003
 1.8213105e-003
 1.8228603e-003
 1.8239026e-003
 1.8245184e-003
 1.8247901e-003
 1.8247986e-003
 1.8246262e-003
 1.8243541e-003
 1.8240643e-003
 1.8238385e-003
 1.8237580e-003
 1.8238766e-003
 1.8241499e-003
 1.8245121e-003
 1.8248979e-003
 1.8252415e-003
 1.8254776e-003
 1.8255404e-003
 1.8253647e-003
 1.8248843e-003
 1.8240346e-003
 1.8227764e-003
 1.8211658e-003
 1.8192778e-003
 1.8171881e-003
 1.8149714e-003
 1.8127043e-003
 1.8104609e-003
 1.8083171e-003
 1.8063484e-003
 1.8046299e-003
 1.8032130e-003
 1.8020672e-003
 1.8011450e-003
 1.8003986e-003
 1.7997811e-003
 1.7992441e-003
 1.7987409e-003
 1.7982235e-003
 1.7976443e-003
 1.7969654e-003
 1.7961783e-003
 1.7952824e-003
 1.7942756e-003
 1.7931570e-003
 1.7919248e-003
 1.7905781e-003
 1.7891153e-003
 1.7875497e-003
 1.7859428e-003
 1.7843670e-003
 1.7828937e-003
 1.7815946e-003
 1.7805414e-003
 1.7798062e-003
 1.7794607e-003
 1.7795513e-003
 1.7800425e-003
 1.7808825e-003
 1.7820186e-003
 1.7833987e-003
 1.7849710e-003
 1.7866830e-003
 1.7884825e-003
 1.7903364e-003
 1.7922708e-003
 1.7943259e-003
 1.7964069e-003
 1.7988416e-003
 1.8015206e-003
 1.8044388e-003
 1.8075376e-003
 1.8106983e-003
 1.8137593e-003
 1.8165390e-003
 1.8188477e-003
 1.8205035e-003
 1.8213531e-003
 1.8212909e-003
 1.8202455e-003
 1.8181630e-003
 1.8150158e-003
 1.8108506e-003
 1.8058495e-003
 1.8003527e-003
 1.7948197e-003
 1.7897588e-003
 1.7856531e-003
 1.7828610e-003
 1.7815175e-003
 1.7814970e-003
 1.7824718e-003
 1.7840154e-003
 1.7857015e-003
 1.7871913e-003
 1.7883042e-003
 1.7890387e-003
 1.7895360e-003
 1.7900114e-003
 1.7906835e-003
 1.7917136e-003
 1.7931600e-003
 1.7949654e-003
 1.7969785e-003
 1.7990003e-003
 1.8008352e-003
 1.8023411e-003
 1.8019855e-003
 1.8029426e-003
 1.8037277e-003
 1.8043083e-003
 1.8046446e-003
 1.8046879e-003
 1.8043838e-003
 1.8036792e-003
 1.8025371e-003
 1.8009555e-003
 1.7989865e-003
 1.7967497e-003
 1.7944312e-003
 1.7922648e-003
 1.7904927e-003
 1.7893235e-003
 1.7888974e-003
 1.7892603e-003
 1.7903588e-003
 1.7920519e-003
 1.7941409e-003
 1.7964008e-003
 1.7986145e-003
 1.8005973e-003
 1.8022115e-003
 1.8033757e-003
 1.8040681e-003
 1.8043248e-003
 1.8042263e-003
 1.8038788e-003
 1.8033914e-003
 1.8028578e-003
 1.8023459e-003
 1.8018933e-003
 1.8015108e-003
 1.8011862e-003
 1.8008929e-003
 1.8005974e-003
 1.8002695e-003
 1.7998895e-003
 1.7994554e-003
 1.7989868e-003
 1.7985251e-003
 1.7981287e-003
 1.7978653e-003
 1.7977991e-003
 1.7979776e-003
 1.7984184e-003
 1.7991012e-003
 1.7999653e-003
 1.8009139e-003
 1.8018262e-003
 1.8025723e-003
 1.8030322e-003
 1.8031102e-003
 1.8027468e-003
 1.8019240e-003
 1.8006661e-003
 1.7990335e-003
 1.7971168e-003
 1.7950252e-003
 1.7928786e-003
 1.7907977e-003
 1.7888931e-003
 1.7872588e-003
 1.7859624e-003
 1.7850397e-003
 1.7844923e-003
 1.7842894e-003
 1.7843754e-003
 1.7846811e-003
 1.7851386e-003
 1.7856938e-003
 1.7863162e-003
 1.7870006e-003
 1.7877626e-003
 1.7886276e-003
 1.7896158e-003
 1.7907311e-003
 1.7919529e-003
 1.7932364e-003
 1.7945213e-003
 1.7957434e-003
 1.7968485e-003
 1.7978029e-003
 1.7985975e-003
 1.7992461e-003
 1.7997756e-003
 1.8002172e-003
 1.8005949e-003
 1.8009209e-003
 1.8011946e-003
 1.8014066e-003
 1.8015463e-003
 1.8016091e-003
 1.8016008e-003
 1.8015385e-003
 1.8014478e-003
 1.8013548e-003
 1.8012789e-003
 1.8012244e-003
 1.8011762e-003
 1.8010972e-003
 1.8009316e-003
 1.8006110e-003
 1.8000636e-003
 1.7992258e-003
 1.7980533e-003
 1.7965329e-003
 1.7946901e-003
 1.7925950e-003
 1.7903596e-003
 1.7881329e-003
 1.7860874e-003
 1.7843983e-003
 1.7832232e-003
 1.7826771e-003
 1.7828123e-003
 1.7836051e-003
 1.7849524e-003
 1.7866787e-003
 1.7885554e-003
 1.7903286e-003
 1.7917505e-003
 1.7926126e-003
 1.7927717e-003
 1.7921692e-003
 1.7908372e-003
 1.7888941e-003
 1.7865268e-003
 1.7839673e-003
 1.7814621e-003
 1.7792420e-003
 1.7774983e-003
 1.7763632e-003
 1.7759037e-003
 1.7761219e-003
 1.7769656e-003
 1.7783440e-003
 1.7801456e-003
 1.7822541e-003
 1.7845609e-003
 1.7869740e-003
 1.7894180e-003
 1.7918333e-003
 1.7941714e-003
 1.7963884e-003
 1.7984422e-003
 1.8002901e-003
 1.8018909e-003
 1.8032108e-003
 1.8042281e-003
 1.8049391e-003
 1.8053611e-003
 1.8055305e-003
 1.8054976e-003
 1.8053171e-003
 1.8050374e-003
 1.8046913e-003
 1.8042901e-003
 1.8038242e-003
 1.8032680e-003
 1.8025892e-003
 1.8017620e-003
 1.8007770e-003
 1.7996496e-003
 1.7984217e-003
 1.7971604e-003
 1.7959479e-003
 1.7948719e-003
 1.7940112e-003
 1.7934256e-003
 1.7931457e-003
 1.7931687e-003
 1.7934588e-003
 1.7939523e-003
 1.7945651e-003
 1.7952048e-003
 1.7957815e-003
 1.7962175e-003
 1.7964559e-003
 1.7964650e-003
 1.7962395e-003
 1.7957994e-003
 1.7951861e-003
 1.7944579e-003
 1.7936836e-003
 1.7929374e-003
 1.7922918e-003
 1.7918124e-003
 1.7915531e-003
 1.7915507e-003
 1.7918212e-003
 1.7923574e-003
 1.7931277e-003
 1.7940761e-003
 1.7951250e-003
 1.7961783e-003
 1.7971272e-003
 1.7978568e-003
 1.7982546e-003
 1.7982206e-003
 1.7976788e-003
 1.7965885e-003
 1.7949559e-003
 1.7928407e-003
 1.7903561e-003
 1.7876633e-003
 1.7849506e-003
 1.7824091e-003
 1.7802011e-003
 1.7784284e-003
 1.7771154e-003
 1.7762028e-003
 1.7755637e-003
 1.7750378e-003
 1.7744745e-003
 1.7737767e-003
 1.7729315e-003
 1.7720169e-003
 1.7711850e-003
 1.7706213e-003
 1.7704946e-003
 1.7709105e-003
 1.7718819e-003
 1.7733260e-003
 1.7750866e-003
 1.7769756e-003
 1.7788194e-003
 1.7804976e-003
 1.7819618e-003
 1.7832329e-003
 1.7843787e-003
 1.7854802e-003
 1.7866014e-003
 1.7877654e-003
 1.7889497e-003
 1.7900919e-003
 1.7911077e-003
 1.7919110e-003
 1.7924280e-003
 1.7926068e-003
 1.7924187e-003
 1.7918556e-003
 1.7909270e-003
 1.7896615e-003
 1.7881095e-003
 1.7863484e-003
 1.7844862e-003
 1.7826555e-003
 1.7810023e-003
 1.7796647e-003
 1.7787480e-003
 1.7783034e-003
 1.7783137e-003
 1.7786918e-003
 1.7792948e-003
 1.7799488e-003
 1.7804801e-003
 1.7807481e-003
 1.7806694e-003
 1.7802332e-003
 1.7795007e-003
 1.7785941e-003
 1.7776741e-003
 1.7769124e-003
 1.7764658e-003
 1.7764522e-003
 1.7769363e-003
 1.7779249e-003
 1.7793708e-003
 1.7811836e-003
 1.7832472e-003
 1.7854334e-003
 1.7876162e-003
 1.7896818e-003
 1.7915320e-003
 1.7930880e-003
 1.7942908e-003
 1.7951044e-003
 1.7955194e-003
 1.7955576e-003
 1.7952723e-003
 1.7947460e-003
 1.7940789e-003
 1.7933720e-003
 1.7927084e-003
 1.7921348e-003
 1.7916524e-003
 1.7912198e-003
 1.7907682e-003
 1.7902281e-003
 1.7895570e-003
 1.7887632e-003
 1.7879128e-003
 1.7871188e-003
 1.7865096e-003
 1.7861826e-003
 1.7861538e-003
 1.7863148e-003
 1.7864116e-003
 1.7860521e-003
 1.7847483e-003
 1.7819880e-003
 1.7773287e-003
 1.7704882e-003
 1.7614235e-003
 1.7503651e-003
 1.7377945e-003
 1.7243810e-003
 1.7108546e-003
 1.6978852e-003
 1.6859636e-003
 1.6753349e-003
 1.6660169e-003
 1.6578769e-003
 1.6507626e-003
 1.6446502e-003
 1.6397401e-003
 1.6364887e-003
 1.6355367e-003
 1.6375586e-003
 1.6430700e-003
 1.6522503e-003
 1.6648254e-003
 1.6800573e-003
 1.6968489e-003
 1.7139140e-003
 1.7300119e-003
 1.7441364e-003
 1.7556626e-003
 1.7644000e-003
 1.7705449e-003
 1.7745803e-003
 1.7771303e-003
 1.7788248e-003
 1.7801941e-003
 1.7816074e-003
 1.7832606e-003
 1.7852008e-003
 1.7873681e-003
 1.7896468e-003
 1.7919062e-003
 1.7940302e-003
 1.7959343e-003
 1.7975672e-003
 1.7989100e-003
 1.7999674e-003
 1.8007619e-003
 1.8013279e-003
 1.8017074e-003
 1.8019468e-003
 1.8020950e-003
 1.8022005e-003
 1.8023076e-003
 1.8024528e-003
 1.8026596e-003
 1.8029349e-003
 1.8032657e-003
 1.8036194e-003
 1.8039464e-003
 1.8041863e-003
 1.8042767e-003
 1.8041657e-003
 1.8038219e-003
 1.8032464e-003
 1.8024781e-003
 1.8015944e-003
 1.8007052e-003
 1.7999400e-003
 1.7994298e-003
 1.7992869e-003
 1.7995870e-003
 1.8003570e-003
 1.8015715e-003
 1.8031584e-003
 1.8050135e-003
 1.8070203e-003
 1.8090679e-003
 1.8110679e-003
 1.8129607e-003
 1.8147152e-003
 1.8163222e-003
 1.8177811e-003
 1.8190907e-003
 1.8202390e-003
 1.8212033e-003
 1.8219543e-003
 1.8224654e-003
 1.8227246e-003
 1.8227444e-003
 1.8225668e-003
 1.8222614e-003
 1.8219143e-003
 1.8216119e-003
 1.8214193e-003
 1.8213629e-003
 1.8214172e-003
 1.8215058e-003
 1.8215135e-003
 1.8213114e-003
 1.8207883e-003
 1.8198814e-003
 1.8185975e-003
 1.8170190e-003
 1.8152900e-003
 1.8135889e-003
 1.8120888e-003
 1.8109208e-003
 1.8101461e-003
 1.8097444e-003
 1.8096227e-003
 1.8096393e-003
 1.8096375e-003
 1.8094807e-003
 1.8090797e-003
 1.8084074e-003
 1.8074992e-003
 1.8064388e-003
 1.8053375e-003
 1.8043076e-003
 1.8034411e-003
 1.8027941e-003
 1.8023791e-003
 1.8021713e-003
 1.8021178e-003
 1.8021554e-003
 1.8022269e-003
 1.8022943e-003
 1.8023466e-003
 1.8023986e-003
 1.8024842e-003
 1.8026445e-003
 1.8029152e-003
 1.8033172e-003
 1.8038505e-003
 1.8044960e-003
 1.8052213e-003
 1.8059897e-003
 1.8067698e-003
 1.8075430e-003
 1.8083081e-003
 1.8090799e-003
 1.8098867e-003
 1.8107634e-003
 1.8117452e-003
 1.8128622e-003
 1.8141327e-003
 1.8155607e-003
 1.8171333e-003
 1.8188185e-003
 1.8205668e-003
 1.8223102e-003
 1.8239662e-003
 1.8254417e-003
 1.8266405e-003
 1.8274727e-003
 1.8278663e-003
 1.8277790e-003
 1.8272088e-003
 1.8262027e-003
 1.8248569e-003
 1.8233126e-003
 1.8217417e-003
 1.8203253e-003
 1.8192295e-003
 1.8185789e-003
 1.8184377e-003
 1.8187981e-003
 1.8195841e-003
 1.8206656e-003
 1.8218833e-003
 1.8230758e-003
 1.8241046e-003
 1.8248695e-003
 1.8253133e-003
 1.8254175e-003
 1.8251926e-003
 1.8246691e-003
 1.8238962e-003
 1.8229468e-003
 1.8219284e-003
 1.8209934e-003
 1.8203390e-003
 1.8201940e-003
 1.8207874e-003
 1.8223055e-003
 1.8248447e-003
 1.8283752e-003
 1.8327251e-003
 1.8375906e-003
 1.8425739e-003
 1.8472447e-003
 1.8512015e-003
 1.8541353e-003
 1.8558670e-003
 1.8563654e-003
 1.8557360e-003
 1.8541910e-003
 1.8520044e-003
 1.8494683e-003
 1.8468515e-003
 1.8443699e-003
 1.8421727e-003
 1.8403380e-003
 1.8388832e-003
 1.8377792e-003
 1.8369716e-003
 1.8364027e-003
 1.8360304e-003
 1.8358440e-003
 1.8358709e-003
 1.8361731e-003
 1.8368351e-003
 1.8379421e-003
 1.8395522e-003
 1.8416671e-003
 1.8442096e-003
 1.8470138e-003
 1.8498377e-003
 1.8524021e-003
 1.8544318e-003
 1.8556986e-003
 1.8560489e-003
 1.8554139e-003
 1.8538228e-003
 1.8514086e-003
 1.8483903e-003
 1.8450435e-003
 1.8416543e-003
 1.8384699e-003
 1.8356655e-003
 1.8333247e-003
 1.8314461e-003
 1.8299653e-003
 1.8287889e-003
 1.8278317e-003
 1.8270377e-003
 1.8263907e-003
 1.8259124e-003
 1.8256523e-003
 1.8256766e-003
 1.8260507e-003
 1.8268243e-003
 1.8280183e-003
 1.8296193e-003
 1.8315800e-003
 1.8338300e-003
 1.8362941e-003
 1.8389079e-003
 1.8416336e-003
 1.8444547e-003
 1.8473545e-003
 1.8502733e-003
 1.8530522e-003
 1.8553840e-003
 1.8567807e-003
 1.8565757e-003
 1.8539499e-003
 1.8479817e-003
 1.8377601e-003
 1.8225487e-003
 1.8019789e-003
 1.7762390e-003
 1.7462511e-003
 1.7137271e-003
 1.6810679e-003
 1.6511518e-003
 1.6269280e-003
 1.6109794e-003
 1.6050477e-003
 1.6096614e-003
 1.6240739e-003
 1.6464498e-003
 1.6741917e-003
 1.7043627e-003
 1.7341150e-003
 1.7610014e-003
 1.7832103e-003
 1.7996555e-003
 1.8100166e-003
 1.8146691e-003
 1.8145351e-003
 1.8109041e-003
 1.8052381e-003
 1.7989899e-003
 1.7934436e-003
 1.7896005e-003
 1.7880964e-003
 1.7891519e-003
 1.7925578e-003
 1.7976945e-003
 1.8035886e-003
 1.8090124e-003
 1.8126242e-003
 1.8131323e-003
 1.8094738e-003
 1.8009760e-003
 1.7874794e-003
 1.7693879e-003
 1.7476615e-003
 1.7237044e-003
 1.6992255e-003
 1.6760371e-003
 1.6558471e-003
 1.6401007e-003
 1.6298331e-003
 1.6256141e-003
 1.6275300e-003
 1.6352305e-003
 1.6480059e-003
 1.6648929e-003
 1.6847678e-003
 1.7064463e-003
 1.7287758e-003
 1.7506876e-003
 1.7712597e-003
 1.7897652e-003
 1.8056827e-003
 1.8187271e-003
 1.8288320e-003
 1.8361349e-003
 1.8409417e-003
 1.8436695e-003
 1.8447941e-003
 1.8447924e-003
 1.8440947e-003
 1.8430526e-003
 1.8419238e-003
 1.8408747e-003
 1.8399981e-003
 1.8393388e-003
 1.8389224e-003
 1.8387792e-003
 1.8389603e-003
 1.8395411e-003
 1.8406134e-003
 1.8422684e-003
 1.8445735e-003
 1.8475497e-003
 1.8511548e-003
 1.8552735e-003
 1.8597246e-003
 1.8642750e-003
 1.8686663e-003
 1.8726479e-003
 1.8760046e-003
 1.8785847e-003
 1.8803116e-003
 1.8811888e-003
 1.8812908e-003
 1.8807430e-003
 1.8796938e-003
 1.8782879e-003
 1.8766396e-003
 1.8748156e-003
 1.8728308e-003
 1.8706513e-003
 1.8682102e-003
 1.8654240e-003
 1.8622106e-003
 1.8585066e-003
 1.8542762e-003
 1.8495254e-003
 1.8443106e-003
 1.8387416e-003
 1.8329873e-003
 1.8272724e-003
 1.8218706e-003
 1.8170996e-003
 1.8133016e-003
 1.8108267e-003
 1.8100037e-003
 1.8111063e-003
 1.8143159e-003
 1.8196864e-003
 1.8271120e-003
 1.8363204e-003
 1.8469013e-003
 1.8583358e-003
 1.8700565e-003
 1.8814928e-003
 1.8921267e-003
 1.9015371e-003
 1.9094149e-003
 1.9155813e-003
 1.9199818e-003
 1.9226783e-003
 1.9238265e-003
 1.9236474e-003
 1.9224007e-003
 1.9203592e-003
 1.9177900e-003
 1.9149382e-003
 1.9120193e-003
 1.9092135e-003
 1.9066614e-003
 1.9044651e-003
 1.9026834e-003
 1.9013328e-003
 1.9003877e-003
 1.8997829e-003
 1.8994207e-003
 1.8991795e-003
 1.8989274e-003
 1.8985351e-003
 1.8978906e-003
 1.8969111e-003
 1.8955512e-003
 1.8938073e-003
 1.8917177e-003
 1.8893557e-003
 1.8868251e-003
 1.8842488e-003
 1.8817603e-003
 1.8794965e-003
 1.8775892e-003
 1.8761620e-003
 1.8753255e-003
 1.8751738e-003
 1.8757824e-003
 1.8772045e-003
 1.8794681e-003
 1.8825720e-003
 1.8864861e-003
 1.8911471e-003
 1.8964628e-003
 1.9023104e-003
 1.9085406e-003
 1.9149827e-003
 1.9214423e-003
 1.9277122e-003
 1.9335705e-003
 1.9387911e-003
 1.9431560e-003
 1.9464657e-003
 1.9485619e-003
 1.9493456e-003
 1.9487997e-003
 1.9470043e-003
 1.9441460e-003
 1.9405133e-003
 1.9364767e-003
 1.9324593e-003
 1.9288880e-003
 1.9261461e-003
 1.9245199e-003
 1.9241570e-003
 1.9250402e-003
 1.9269811e-003
 1.9296402e-003
 1.9325661e-003
 1.9352573e-003
 1.9372280e-003
 1.9380789e-003
 1.9375533e-003
 1.9355777e-003
 1.9322741e-003
 1.9279484e-003
 1.9230498e-003
 1.9181152e-003
 1.9136999e-003
 1.9103067e-003
 1.9083299e-003
 1.9080095e-003
 1.9094122e-003
 1.9124340e-003
 1.9168253e-003
 1.9222265e-003
 1.9282122e-003
 1.9343396e-003
 1.9401829e-003
 1.9453686e-003
 1.9495914e-003
 1.9526315e-003
 1.9543632e-003
 1.9547590e-003
 1.9538947e-003
 1.9519518e-003
 1.9492201e-003
 1.9460893e-003
 1.9430266e-003
 1.9405368e-003
 1.9391228e-003
 1.9392377e-003
 1.9412402e-003
 1.9453542e-003
 1.9516450e-003
 1.9600112e-003
 1.9701731e-003
 1.9816593e-003
 1.9938101e-003
 2.0058148e-003
 2.0167739e-003
 2.0257698e-003
 2.0319698e-003
 2.0347221e-003
 2.0336476e-003
 2.0286760e-003
 2.0200498e-003
 2.0109515e-003
 1.9957221e-003
 1.9788740e-003
 1.9612894e-003
 1.9437856e-003
 1.9270349e-003
 1.9115359e-003
 1.8976169e-003
 1.8854795e-003
 1.8752621e-003
 1.8670640e-003
 1.8609676e-003
 1.8570268e-003
 1.8552458e-003
 1.8555552e-003
 1.8577930e-003
 1.8616988e-003
 1.8669167e-003
 1.8730214e-003
 1.8795429e-003
 1.8859921e-003
 1.8918845e-003
 1.8967622e-003
 1.9002364e-003
 1.9020319e-003
 1.9020354e-003
 1.9003134e-003
 1.8970951e-003
 1.8927275e-003
 1.8876288e-003
 1.8822489e-003
 1.8770390e-003
 1.8724313e-003
 1.8688048e-003
 1.8664555e-003
 1.8655634e-003
 1.8661817e-003
 1.8682491e-003
 1.8716194e-003
 1.8760964e-003
 1.8814582e-003
 1.8874784e-003
 1.8939325e-003
 1.9006111e-003
 1.9073327e-003
 1.9139483e-003
 1.9203516e-003
 1.9264690e-003
 1.9322537e-003
 1.9376761e-003
 1.9427119e-003
 1.9473413e-003
 1.9515420e-003
 1.9552878e-003
 1.9585472e-003
 1.9612780e-003
 1.9634294e-003
 1.9649402e-003
 1.9657433e-003
 1.9657675e-003
 1.9649421e-003
 1.9631998e-003
 1.9604876e-003
 1.9567793e-003
 1.9520925e-003
 1.9465076e-003
 1.9401729e-003
 1.9332953e-003
 1.9261300e-003
 1.9189552e-003
 1.9120621e-003
 1.9057374e-003
 1.9002445e-003
 1.8958023e-003
 1.8925490e-003
 1.8905175e-003
 1.8896228e-003
 1.8896719e-003
 1.8903946e-003
 1.8914739e-003
 1.8925734e-003
 1.8933594e-003
 1.8935249e-003
 1.8928234e-003
 1.8911085e-003
 1.8883711e-003
 1.8847542e-003
 1.8805364e-003
 1.8760982e-003
 1.8718798e-003
 1.8683447e-003
 1.8659551e-003
 1.8651377e-003
 1.8662449e-003
 1.8695001e-003
 1.8749550e-003
 1.8824674e-003
 1.8917252e-003
 1.9022861e-003
 1.9136312e-003
 1.9252120e-003
 1.9364725e-003
 1.9468883e-003
 1.9559939e-003
 1.9634303e-003
 1.9689859e-003
 1.9726050e-003
 1.9743794e-003
 1.9745056e-003
 1.9732439e-003
 1.9708851e-003
 1.9677277e-003
 1.9640618e-003
 1.9601551e-003
 1.9562356e-003
 1.9524760e-003
 1.9489892e-003
 1.9458341e-003
 1.9430282e-003
 1.9405662e-003
 1.9384298e-003
 1.9365968e-003
 1.9350436e-003
 1.9337460e-003
 1.9326813e-003
 1.9318273e-003
 1.9311629e-003
 1.9306684e-003
 1.9303244e-003
 1.9301123e-003
 1.9300135e-003
 1.9300102e-003
 1.9300838e-003
 1.9302176e-003
 1.9303950e-003
 1.9306011e-003
 1.9308224e-003
 1.9310468e-003
 1.9312636e-003
 1.9314621e-003
 1.9316328e-003
 1.9317672e-003
 1.9318599e-003
 1.9319111e-003
 1.9319307e-003
 1.9319417e-003
 1.9319813e-003
 1.9321002e-003
 1.9323580e-003
 1.9328203e-003
 1.9335544e-003
 1.9346254e-003
 1.9360906e-003
 1.9379912e-003
 1.9403407e-003
 1.9431151e-003
 1.9462503e-003
 1.9496437e-003
 1.9531669e-003
 1.9566738e-003
 1.9600124e-003
 1.9630326e-003
 1.9655940e-003
 1.9675791e-003
 1.9689100e-003
 1.9695605e-003
 1.9695635e-003
 1.9690036e-003
 1.9680050e-003
 1.9667139e-003
 1.9652876e-003
 1.9638829e-003
 1.9626475e-003
 1.9617078e-003
 1.9611528e-003
 1.9610226e-003
 1.9613018e-003
 1.9619253e-003
 1.9627917e-003
 1.9637775e-003
 1.9647498e-003
 1.9655752e-003
 1.9661284e-003
 1.9663027e-003
 1.9660238e-003
 1.9652606e-003
 1.9640306e-003
 1.9623940e-003
 1.9604440e-003
 1.9582920e-003
 1.9560584e-003
 1.9538649e-003
 1.9518262e-003
 1.9500430e-003
 1.9485913e-003
 1.9475139e-003
 1.9468166e-003
 1.9464713e-003
 1.9464258e-003
 1.9466131e-003
 1.9469594e-003
 1.9473901e-003
 1.9478342e-003
 1.9482302e-003
 1.9485326e-003
 1.9487177e-003
 1.9487859e-003
 1.9487592e-003
 1.9486760e-003
 1.9485836e-003
 1.9485336e-003
 1.9485767e-003
 1.9487567e-003
 1.9491045e-003
 1.9496265e-003
 1.9502977e-003
 1.9510580e-003
 1.9518154e-003
 1.9524548e-003
 1.9528467e-003
 1.9528575e-003
 1.9523564e-003
 1.9512273e-003
 1.9493848e-003
 1.9467940e-003
 1.9434919e-003
 1.9395910e-003
 1.9352731e-003
 1.9307744e-003
 1.9263584e-003
 1.9223021e-003
 1.9188789e-003
 1.9163456e-003
 1.9149132e-003
 1.9147218e-003
 1.9158133e-003
 1.9181208e-003
 1.9214803e-003
 1.9256533e-003
 1.9303607e-003
 1.9353034e-003
 1.9401819e-003
 1.9447074e-003
 1.9486286e-003
 1.9517514e-003
 1.9539581e-003
 1.9552195e-003
 1.9555844e-003
 1.9551592e-003
 1.9540850e-003
 1.9525181e-003
 1.9506206e-003
 1.9485475e-003
 1.9464402e-003
 1.9444139e-003
 1.9425511e-003
 1.9408951e-003
 1.9394549e-003
 1.9382155e-003
 1.9371453e-003
 1.9362059e-003
 1.9353580e-003
 1.9345634e-003
 1.9337898e-003
 1.9330148e-003
 1.9322298e-003
 1.9314409e-003
 1.9306674e-003
 1.9299391e-003
 1.9292914e-003
 1.9287620e-003
 1.9283887e-003
 1.9282063e-003
 1.9282424e-003
 1.9285136e-003
 1.9290204e-003
 1.9297461e-003
 1.9306588e-003
 1.9317142e-003
 1.9328620e-003
 1.9340485e-003
 1.9352196e-003
 1.9363239e-003
 1.9373160e-003
 1.9381596e-003
 1.9388318e-003
 1.9393247e-003
 1.9396432e-003
 1.9398020e-003
 1.9398216e-003
 1.9397255e-003
 1.9395376e-003
 1.9392816e-003
 1.9389788e-003
 1.9386478e-003
 1.9383023e-003
 1.9379513e-003
 1.9375990e-003
 1.9372469e-003
 1.9368938e-003
 1.9365378e-003
 1.9361770e-003
 1.9358093e-003
 1.9354323e-003
 1.9350449e-003
 1.9346460e-003
 1.9342353e-003
 1.9338132e-003
 1.9333801e-003
 1.9329372e-003
 1.9324853e-003
 1.9320262e-003
 1.9315617e-003
 1.9310950e-003
 1.9306312e-003
 1.9301779e-003
 1.9297455e-003
 1.9293472e-003
 1.9289977e-003
 1.9287129e-003
 1.9285089e-003
 1.9284001e-003
 1.9283972e-003
 1.9285029e-003
 1.9287061e-003
 1.9289777e-003
 1.9292681e-003
 1.9295098e-003
 1.9296216e-003
 1.9295145e-003
 1.9290972e-003
 1.9282815e-003
 1.9269896e-003
 1.9251662e-003
 1.9227955e-003
 1.9199122e-003
 1.9166076e-003
 1.9130275e-003
 1.9093533e-003
 1.9057884e-003
 1.9025482e-003
 1.8998432e-003
 1.8978695e-003
 1.8967894e-003
 1.8967094e-003
 1.8976582e-003
 1.8995806e-003
 1.9023432e-003
 1.9057574e-003
 1.9096014e-003
 1.9136354e-003
 1.9176209e-003
 1.9213289e-003
 1.9245523e-003
 1.9271274e-003
 1.9289455e-003
 1.9299601e-003
 1.9301795e-003
 1.9296543e-003
 1.9284587e-003
 1.9266809e-003
 1.9244137e-003
 1.9217530e-003
 1.9188012e-003
 1.9156658e-003
 1.9124637e-003
 1.9093216e-003
 1.9063775e-003
 1.9037736e-003
 1.9016563e-003
 1.9001733e-003
 1.8994657e-003
 1.8996617e-003
 1.9008596e-003
 1.9031098e-003
 1.9063974e-003
 1.9106322e-003
 1.9156609e-003
 1.9212810e-003
 1.9272623e-003
 1.9333584e-003
 1.9393265e-003
 1.9449362e-003
 1.9499805e-003
 1.9543036e-003
 1.9578133e-003
 1.9604850e-003
 1.9623612e-003
 1.9635300e-003
 1.9641081e-003
 1.9642252e-003
 1.9640152e-003
 1.9636103e-003
 1.9631346e-003
 1.9626992e-003
 1.9623975e-003
 1.9623027e-003
 1.9624697e-003
 1.9629409e-003
 1.9637507e-003
 1.9649307e-003
 1.9665163e-003
 1.9685540e-003
 1.9711119e-003
 1.9742984e-003
 1.9782758e-003
 1.9832610e-003
 1.9895262e-003
 1.9973845e-003
 2.0071631e-003
 2.0192005e-003
 2.0338176e-003
 2.0512892e-003
 2.0717736e-003
 2.0952676e-003
 2.1215347e-003
 2.1500587e-003
 2.1801067e-003
 2.2107733e-003
 2.2410308e-003
 2.2698357e-003
 2.2961583e-003
 2.3190726e-003
 2.3378476e-003
 2.3521231e-003
 2.3620168e-003
 2.3681708e-003
 2.3717156e-003
 2.3741333e-003
 2.3771117e-003
 2.3824254e-003
 2.3918317e-003
 2.4069403e-003
 2.4290581e-003
 2.4589698e-003
 2.4967648e-003
 2.5417239e-003
 2.5924484e-003
 2.6470262e-003
 2.7031985e-003
 2.7586161e-003
 2.8109425e-003
 2.8579712e-003
 2.8979094e-003
 2.9295834e-003
 2.9526821e-003
 2.9678287e-003
 2.9765230e-003
 2.9808902e-003
 2.9834278e-003
 2.9868009e-003
 2.9936784e-003
 3.0065721e-003
 3.0276417e-003
 3.0584547e-003
 3.0997412e-003
 3.1513486e-003
 3.2123039e-003
 3.2810515e-003
 3.3556279e-003
 3.4339565e-003
 3.5139425e-003
 3.5935324e-003
 3.6709758e-003
 3.7449365e-003
 3.8145902e-003
 3.8797907e-003
 3.9409399e-003
 3.9988700e-003
 4.0546223e-003
 4.1094008e-003
 4.1644522e-003
 4.2209867e-003
 4.2802296e-003
 4.3433602e-003
 4.4114501e-003
 4.4855420e-003
 4.5666215e-003
 4.6555642e-003
 4.7532693e-003
 4.8605781e-003
 4.9782796e-003
 5.1068864e-003
 5.2466085e-003
 5.3970255e-003
 5.5567422e-003
 5.7235076e-003
 5.8942097e-003
 6.0649747e-003
 6.2316759e-003
 6.3899891e-003
 6.5356460e-003
 6.6644941e-003
 6.7729824e-003
 6.8583717e-003
 6.9189891e-003
 6.9544753e-003
 6.9655725e-003
 6.9538499e-003
 6.9213822e-003
 6.8704537e-003
 6.8034362e-003
 6.7225704e-003
 6.6298600e-003
 6.5268558e-003
 6.4146053e-003
 6.2934393e-003
 6.1631007e-003
 6.0230005e-003
 5.8722072e-003
 5.7096789e-003
 5.5345208e-003
 5.3459113e-003
 5.1434743e-003
 4.9274671e-003
 4.6992307e-003
 4.4609848e-003
 4.2158724e-003
 3.9678952e-003
 3.7212842e-003
 3.4804384e-003
 3.2499095e-003
 3.0338457e-003
 2.8359364e-003
 2.6589648e-003
 2.5046638e-003
 2.3733347e-003
 2.2641243e-003
 2.1753851e-003
 2.1048696e-003
 2.0501013e-003
 2.0085708e-003
 1.9777773e-003
 1.9553900e-003
 1.9393722e-003
 1.9280518e-003
 1.9201855e-003
 1.9149099e-003
 1.9116462e-003
 1.9099808e-003
 1.9095863e-003
 1.9101722e-003
 1.9114683e-003
 1.9132276e-003
 1.9152337e-003
 1.9173144e-003
 1.9193450e-003
 1.9212440e-003
 1.9229604e-003
 1.9244639e-003
 1.9257339e-003
 1.9267536e-003
 1.9275107e-003
 1.9279983e-003
 1.9282177e-003
 1.9281824e-003
 1.9279192e-003
 1.9274661e-003
 1.9268692e-003
 1.9261783e-003
 1.9254452e-003
 1.9247198e-003
 1.9240483e-003
 1.9234683e-003
 1.9230051e-003
 1.9226666e-003
 1.9224419e-003
 1.9223031e-003
 1.9222081e-003
 1.9221065e-003
 1.9219437e-003
 1.9216648e-003
 1.9212151e-003
 1.9205414e-003
 1.9195927e-003
 1.9183756e-003
 1.9170962e-003
 1.9150436e-003
 1.9126572e-003
 1.9099591e-003
 1.9069727e-003
 1.9037197e-003
 1.9002247e-003
 1.8965100e-003
 1.8925982e-003
 1.8885125e-003
 1.8842756e-003
 1.8799212e-003
 1.8754840e-003
 1.8710007e-003
 1.8665056e-003
 1.8620372e-003
 1.8576302e-003
 1.8533207e-003
 1.8491443e-003
 1.8451383e-003
 1.8413378e-003
 1.8377792e-003
 1.8344973e-003
 1.8315301e-003
 1.8289093e-003
 1.8266345e-003
 1.8246885e-003
 1.8230533e-003
 1.8217122e-003
 1.8206468e-003
 1.8198396e-003
 1.8192732e-003
 1.8189299e-003
 1.8187922e-003
 1.8188420e-003
 1.8190624e-003
 1.8194353e-003
 1.8199432e-003
 1.8205683e-003
 1.8212935e-003
 1.8221008e-003
 1.8229727e-003
 1.8238920e-003
 1.8248491e-003
 1.8258367e-003
 1.8268484e-003
 1.8278770e-003
 1.8289161e-003
 1.8299592e-003
 1.8309993e-003
 1.8320295e-003
 1.8330433e-003
 1.8340339e-003
 1.8349946e-003
 1.8359186e-003
 1.8367992e-003
 1.8376297e-003
 1.8384035e-003
 1.8391134e-003
 1.8397531e-003
 1.8403158e-003
 1.8407947e-003
 1.8411829e-003
 1.8414741e-003
 1.8416619e-003
 1.8417474e-003
 1.8417352e-003
 1.8416297e-003
 1.8414357e-003
 1.8411576e-003
 1.8407993e-003
 1.8403661e-003
 1.8398621e-003
 1.8392921e-003
 1.8386601e-003
 1.8379714e-003
 1.8372298e-003
 1.8364401e-003
 1.8356065e-003
 1.8347341e-003
 1.8338271e-003
 1.8328900e-003
 1.8319272e-003
 1.8309432e-003
 1.8299428e-003
 1.8289305e-003
 1.8279105e-003
 1.8268874e-003
 1.8258658e-003
 1.8248503e-003
 1.8238450e-003
 1.8228522e-003
 1.8218739e-003
 1.8209115e-003
 1.8199664e-003
 1.8190402e-003
 1.8181339e-003
 1.8172500e-003
 1.8163896e-003
 1.8155541e-003
 1.8147449e-003
 1.8139641e-003
 1.8132130e-003
 1.8124927e-003
 1.8118051e-003
 1.8111519e-003
 1.8105344e-003
 1.8099542e-003
 1.8094126e-003
 1.8089118e-003
 1.8084525e-003
 1.8080367e-003
 1.8076659e-003
 1.8073416e-003
 1.8070653e-003
 1.8068386e-003
 1.8066629e-003
 1.8065397e-003
 1.8064708e-003
 1.8064576e-003
 1.8065004e-003
 1.8065880e-003
 1.8067044e-003
 1.8068339e-003
