s07_ASD Record=8615:  error bars to preceding                
 1.7686952e-003
 1.7462521e-003
 1.7279024e-003
 1.7179222e-003
 1.7171635e-003
 1.7234100e-003
 1.7327801e-003
 1.7412133e-003
 1.7455515e-003
 1.7441170e-003
 1.7366764e-003
 1.7240017e-003
 1.7072883e-003
 1.6876581e-003
 1.6656640e-003
 1.6408414e-003
 1.6118052e-003
 1.5768887e-003
 1.5350310e-003
 1.4865922e-003
 1.4339595e-003
 1.3816510e-003
 1.3357116e-003
 1.3026028e-003
 1.2880053e-003
 1.2955089e-003
 1.3246924e-003
 1.3701271e-003
 1.4229910e-003
 1.4742553e-003
 1.5169790e-003
 1.5473446e-003
 1.5641581e-003
 1.5679358e-003
 1.5610874e-003
 1.5475084e-003
 1.5311475e-003
 1.5154445e-003
 1.5034723e-003
 1.4979600e-003
 1.5006961e-003
 1.5113761e-003
 1.5266978e-003
 1.5407357e-003
 1.5468036e-003
 1.5398550e-003
 1.5180197e-003
 1.4825419e-003
 1.4365480e-003
 1.3836841e-003
 1.3274197e-003
 1.2710489e-003
 1.2179463e-003
 1.1717664e-003
 1.1365542e-003
 1.1169245e-003
 1.1174098e-003
 1.1399795e-003
 1.1831928e-003
 1.2418466e-003
 1.2986826e-003
 1.3388986e-003
 1.3577380e-003
 1.3502671e-003
 1.3154536e-003
 1.2660739e-003
 1.2174911e-003
 1.1803014e-003
 1.1607688e-003
 1.1605209e-003
 1.1762663e-003
 1.2008722e-003
 1.2258936e-003
 1.2440924e-003
 1.2511390e-003
 1.2460690e-003
 1.2303757e-003
 1.2063731e-003
 1.1759191e-003
 1.1403539e-003
 1.1016120e-003
 1.0635975e-003
 1.0324073e-003
 1.0145433e-003
 1.0135609e-003
 1.0270658e-003
 1.0462163e-003
 1.0585958e-003
 1.0531686e-003
 1.0247196e-003
 9.7555487e-004
 9.1390079e-004
 8.5023721e-004
 7.9364405e-004
 7.4992154e-004
 7.2177983e-004
 7.0999033e-004
 7.1406824e-004
 7.3159940e-004
 7.5749482e-004
 7.8509713e-004
 8.0933486e-004
 8.2928315e-004
 8.4779452e-004
 8.6849526e-004
 8.9241611e-004
 9.1751816e-004
 9.4101607e-004
 9.6103776e-004
 9.7600743e-004
 9.8366535e-004
 9.8217395e-004
 9.7264518e-004
 9.5982646e-004
 9.4904652e-004
 9.4144314e-004
 9.3198079e-004
 9.1328268e-004
 8.8353973e-004
 8.5215957e-004
 8.3680527e-004
 8.5174368e-004
 8.9619117e-004
 9.5388875e-004
 1.0063110e-003
 1.0478206e-003
 1.0868902e-003
 1.1305881e-003
 1.1685176e-003
 1.1754332e-003
 1.1324896e-003
 1.0456239e-003
 9.4211800e-004
 8.5079105e-004
 7.8719191e-004
 7.5411948e-004
 7.4884651e-004
 7.6616957e-004
 7.9761556e-004
 8.3208521e-004
 8.5912220e-004
 8.7283103e-004
 8.7459903e-004
 8.7207300e-004
 8.7303150e-004
 8.7836880e-004
 8.8120159e-004
 8.7301881e-004
 8.5044536e-004
 8.1733579e-004
 7.8293198e-004
 7.5854518e-004
 7.5319380e-004
 7.6897809e-004
 7.9952012e-004
 8.3398516e-004
 8.6409162e-004
 8.8792783e-004
 9.0710062e-004
 9.2076318e-004
 9.2383253e-004
 9.1247895e-004
 8.9132355e-004
 8.7350566e-004
 8.7192882e-004
 8.9015224e-004
 9.2112855e-004
 9.5192483e-004
 9.6847356e-004
 9.6117496e-004
 9.3320117e-004
 9.0300100e-004
 8.9165254e-004
 9.0419356e-004
 9.2536706e-004
 9.3416829e-004
 9.2097919e-004
 8.9293235e-004
 8.6790865e-004
 8.6346356e-004
 8.8538550e-004
 9.2265254e-004
 9.5658109e-004
 9.8108000e-004
 1.0138274e-003
 1.0786930e-003
 1.1712001e-003
 1.2504851e-003
 1.2771314e-003
 1.2514902e-003
 1.2000325e-003
 1.1339228e-003
 1.0446005e-003
 9.3666092e-004
 8.3906227e-004
 7.7758980e-004
 7.5246504e-004
 7.4818201e-004
 7.5340230e-004
 7.6649809e-004
 7.8964297e-004
 8.2247099e-004
 8.5872295e-004
 8.8784954e-004
 9.0188219e-004
 8.9938520e-004
 8.8092044e-004
 8.4735395e-004
 8.1046054e-004
 7.9746713e-004
 8.2867127e-004
 8.8935916e-004
 9.3671167e-004
 9.3910808e-004
 9.0352056e-004
 8.6493220e-004
 8.5340667e-004
 8.6816296e-004
 8.7792170e-004
 8.5106835e-004
 7.9467380e-004
 7.5942848e-004
 7.9205702e-004
 8.8368740e-004
 9.7813038e-004
 1.0288113e-003
 1.0355742e-003
 1.0309464e-003
 1.0453871e-003
 1.0849336e-003
 1.1300727e-003
 1.1535034e-003
 1.1464623e-003
 1.1288831e-003
 1.1277169e-003
 1.1474771e-003
 1.1691180e-003
 1.1711665e-003
 1.1398598e-003
 1.0656924e-003
 9.4953697e-004
 8.1629591e-004
 7.1006245e-004
 6.6579459e-004
 6.8368565e-004
 7.3238130e-004
 7.7945524e-004
 8.1624335e-004
 8.5140910e-004
 8.9180964e-004
 9.4018684e-004
 9.9332107e-004
 1.0281418e-003
 1.0142413e-003
 9.5635746e-004
 8.9648040e-004
 8.6292898e-004
 8.5320167e-004
 8.6177397e-004
 8.8590855e-004
 9.0907211e-004
 9.0870971e-004
 8.8230992e-004
 8.5232174e-004
 8.4401609e-004
 8.6285511e-004
 8.9108775e-004
 9.0798899e-004
 9.1931241e-004
 9.5463335e-004
 1.0217142e-003
 1.0813690e-003
 1.0863252e-003
 1.0324733e-003
 9.5891260e-004
 9.0679916e-004
 8.8789611e-004
 8.8540401e-004
 8.7577105e-004
 8.5333397e-004
 8.3194033e-004
 8.1964425e-004
 8.0810947e-004
 8.0332323e-004
 8.3445507e-004
 9.0681331e-004
 9.8027976e-004
 1.0121268e-003
 9.9688128e-004
 9.5530582e-004
 9.1248867e-004
 8.9448894e-004
 9.1594108e-004
 9.5607794e-004
 9.7203883e-004
 9.5037819e-004
 9.2243153e-004
 9.1996259e-004
 9.4271929e-004
 9.7675086e-004
 1.0151577e-003
 1.0510496e-003
 1.0763607e-003
 1.0980491e-003
 1.1306223e-003
 1.1639880e-003
 1.1693055e-003
 1.1482611e-003
 1.1417201e-003
 1.1757220e-003
 1.2337359e-003
 1.2923469e-003
 1.3451123e-003
 1.3773683e-003
 1.3545783e-003
 1.2597261e-003
 1.1249530e-003
 1.0114681e-003
 9.6740731e-004
 9.9069672e-004
 1.0256742e-003
 1.0150534e-003
 9.5791381e-004
 9.0470532e-004
 9.0315216e-004
 9.6041872e-004
 1.0473520e-003
 1.1271031e-003
 1.1781005e-003
 1.1969584e-003
 1.1898758e-003
 1.1655602e-003
 1.1329672e-003
 1.1013666e-003
 1.0801287e-003
 1.0762984e-003
 1.0900048e-003
 1.1118848e-003
 1.1278410e-003
 1.1296092e-003
 1.1219584e-003
 1.1191370e-003
 1.1340716e-003
 1.1708647e-003
 1.2269785e-003
 1.3015990e-003
 1.3992016e-003
 1.5185361e-003
 1.6310959e-003
 1.6748195e-003
 1.5921869e-003
 1.4005287e-003
 1.2173005e-003
 1.1478438e-003
 1.1255044e-003
 1.0599595e-003
 9.9158159e-004
 9.8778028e-004
 1.0079398e-003
 9.6758991e-004
 8.6461718e-004
 7.8006455e-004
 7.8806572e-004
 8.6844421e-004
 9.1280730e-004
 8.5559039e-004
 7.6233747e-004
 7.3618145e-004
 7.9492904e-004
 8.8306668e-004
 9.4832649e-004
 9.7625307e-004
 9.7488420e-004
 9.4111206e-004
 8.6776546e-004
 8.0836401e-004
 8.7077025e-004
 1.0650349e-003
 1.2365294e-003
 1.2595579e-003
 1.1973346e-003
 1.1632552e-003
 1.1494381e-003
 1.0980051e-003
 1.0263018e-003
 9.8640879e-004
 9.8035182e-004
 9.8448631e-004
 1.0061016e-003
 1.0682425e-003
 1.1627055e-003
 1.2391786e-003
 1.2385348e-003
 1.1457406e-003
 1.0125523e-003
 9.1942190e-004
 9.0407929e-004
 9.4181934e-004
 9.6971262e-004
 9.1557135e-004
 7.9155347e-004
 7.1122247e-004
 7.3186320e-004
 7.9170056e-004
 8.1665313e-004
 7.8991515e-004
 7.4457016e-004
 7.2283595e-004
 7.4326288e-004
 7.9800031e-004
 8.7183743e-004
 9.5333497e-004
 1.0354959e-003
 1.1114727e-003
 1.1706698e-003
 1.1993229e-003
 1.1882869e-003
 1.1444822e-003
 1.0904185e-003
 1.0519682e-003
 1.0497224e-003
 1.0968595e-003
 1.1909733e-003
 1.2943094e-003
 1.3433739e-003
 1.2913072e-003
 1.1408008e-003
 9.5002336e-004
 8.0744649e-004
 7.7064405e-004
 7.9498446e-004
 8.4373861e-004
 8.7666168e-004
 8.8564563e-004
 8.7548344e-004
 8.5099950e-004
 8.1769156e-004
 7.8540255e-004
 7.6573255e-004
 7.7028922e-004
 8.0713810e-004
 8.6103304e-004
 9.0730051e-004
 9.2123938e-004
 8.8315498e-004
 8.0648158e-004
 7.1808812e-004
 6.4487546e-004
 6.0992548e-004
 6.1077939e-004
 6.3991197e-004
 6.7430665e-004
 7.0425769e-004
 7.2838919e-004
 7.5631990e-004
 7.9815998e-004
 8.6400093e-004
 9.6321548e-004
 1.0885862e-003
 1.2163749e-003
 1.3221932e-003
 1.3816016e-003
 1.3713219e-003
 1.2933401e-003
 1.1745502e-003
 1.0429453e-003
 9.2646369e-004
 8.5210259e-004
 8.2470698e-004
 8.2747481e-004
 8.4268593e-004
 8.5261924e-004
 8.3956018e-004
 7.9322950e-004
 7.3225138e-004
 6.8223377e-004
 6.6880637e-004
 7.1758823e-004
 8.5418572e-004
 1.0928605e-003
 1.4039464e-003
 1.7473593e-003
 2.0828655e-003
 2.3703864e-003
 2.5697020e-003
 2.6407018e-003
 2.5577338e-003
 2.3505092e-003
 2.0618546e-003
 1.7347081e-003
 1.4118685e-003
 1.1362825e-003
 9.5076021e-004
 8.9821615e-004
 1.0068072e-003
 1.2492427e-003
 1.5852482e-003
 1.9744171e-003
 2.3765110e-003
 2.7511076e-003
 3.0579327e-003
 3.2566809e-003
 3.3188402e-003
 3.2601890e-003
 3.1068083e-003
 2.8847316e-003
 2.6200786e-003
 2.3388572e-003
 2.0672011e-003
 1.8311157e-003
 1.6508523e-003
 1.5249124e-003
 1.4468803e-003
 1.4102939e-003
 1.4087099e-003
 1.4356835e-003
 1.4847751e-003
 1.5495275e-003
 1.6235105e-003
 1.7002607e-003
 1.7733504e-003
 1.8363171e-003
 1.8842292e-003
 1.9175675e-003
 1.9380643e-003
 1.9474397e-003
 1.9474205e-003
 1.9397318e-003
 1.9260976e-003
 1.9082404e-003
 1.8878891e-003
 1.8667633e-003
 1.8465929e-003
 1.8290977e-003
 1.8155982e-003
 1.8059500e-003
 1.7996893e-003
 1.7963491e-003
 1.7954640e-003
 1.7965678e-003
 1.7991945e-003
 1.8028789e-003
 1.8071540e-003
 1.8115547e-003
 1.8156150e-003
 1.8189644e-003
 1.8215691e-003
 1.8234684e-003
 1.8247020e-003
 1.8253098e-003
 1.8253316e-003
 1.8248064e-003
 1.8237747e-003
 1.8222756e-003
 1.8203491e-003
 1.8180434e-003
 1.8154376e-003
 1.8126166e-003
 1.8096665e-003
 1.8066718e-003
 1.8037191e-003
 1.8008924e-003
 1.7982785e-003
 1.7959618e-003
 1.7940282e-003
 1.7925421e-003
 1.7914973e-003
 1.7908721e-003
 1.7906446e-003
 1.7907937e-003
 1.7912976e-003
 1.7921345e-003
 1.7932834e-003
 1.7947222e-003
 1.7964294e-003
 1.7983665e-003
 1.8004382e-003
 1.8025363e-003
 1.8045534e-003
 1.8063819e-003
 1.8079139e-003
 1.8090419e-003
 1.8096582e-003
 1.8096551e-003
 1.8089666e-003
 1.8076639e-003
 1.8058484e-003
 1.8036201e-003
 1.8010802e-003
 1.7983282e-003
 1.7954658e-003
 1.7925928e-003
 1.7898087e-003
 1.7872055e-003
 1.7848758e-003
 1.7829104e-003
 1.7814018e-003
 1.7804414e-003
 1.7801208e-003
 1.7805317e-003
 1.7817082e-003
 1.7834953e-003
 1.7857004e-003
 1.7881306e-003
 1.7905928e-003
 1.7928942e-003
 1.7948417e-003
 1.7962427e-003
 1.7970025e-003
 1.7973433e-003
 1.7975509e-003
 1.7979349e-003
 1.7988634e-003
 1.8005532e-003
 1.8031377e-003
 1.8065081e-003
 1.8103218e-003
 1.8140776e-003
 1.8171987e-003
 1.8191031e-003
 1.8193154e-003
 1.8176466e-003
 1.8143086e-003
 1.8097990e-003
 1.8047298e-003
 1.7997258e-003
 1.7953725e-003
 1.7921737e-003
 1.7905449e-003
 1.7908317e-003
 1.7933153e-003
 1.7981313e-003
 1.8050509e-003
 1.8132116e-003
 1.8210215e-003
 1.8263379e-003
 1.8268325e-003
 1.8204905e-003
 1.8062781e-003
 1.7847839e-003
 1.7584256e-003
 1.7310393e-003
 1.7070930e-003
 1.6907349e-003
 1.6847720e-003
 1.6898307e-003
 1.7041010e-003
 1.7238178e-003
 1.7442285e-003
 1.7607175e-003
 1.7699013e-003
 1.7431467e-003
 1.7438702e-003
 1.7436845e-003
 1.7430598e-003
 1.7425707e-003
 1.7427572e-003
 1.7440094e-003
 1.7465007e-003
 1.7501580e-003
 1.7546949e-003
 1.7596902e-003
 1.7647020e-003
 1.7693789e-003
 1.7735338e-003
 1.7771566e-003
 1.7803703e-003
 1.7833513e-003
 1.7862518e-003
 1.7891317e-003
 1.7919227e-003
 1.7944294e-003
 1.7963556e-003
 1.7973576e-003
 1.7971030e-003
 1.7953234e-003
 1.7918703e-003
 1.7867803e-003
 1.7803139e-003
 1.7729667e-003
 1.7654273e-003
 1.7584737e-003
 1.7528563e-003
 1.7491758e-003
 1.7477976e-003
 1.7488014e-003
 1.7519820e-003
 1.7568899e-003
 1.7629175e-003
 1.7693992e-003
 1.7757140e-003
 1.7813704e-003
 1.7860484e-003
 1.7896116e-003
 1.7920861e-003
 1.7936137e-003
 1.7944027e-003
 1.7946775e-003
 1.7946410e-003
 1.7944515e-003
 1.7942152e-003
 1.7939899e-003
 1.7937983e-003
 1.7936416e-003
 1.7935148e-003
 1.7934156e-003
 1.7933499e-003
 1.7933310e-003
 1.7933769e-003
 1.7935046e-003
 1.7937269e-003
 1.7940502e-003
 1.7944748e-003
 1.7949973e-003
 1.7956147e-003
 1.7963261e-003
 1.7971343e-003
 1.7980437e-003
 1.7990572e-003
 1.8001711e-003
 1.8013703e-003
 1.8026247e-003
 1.8038882e-003
 1.8050990e-003
 1.8061836e-003
 1.8070617e-003
 1.8076521e-003
 1.8078797e-003
 1.8076808e-003
 1.8070069e-003
 1.8058255e-003
 1.8041177e-003
 1.8018705e-003
 1.7990678e-003
 1.7956749e-003
 1.7916298e-003
 1.7868374e-003
 1.7811736e-003
 1.7745128e-003
 1.7667667e-003
 1.7579353e-003
 1.7481723e-003
 1.7378222e-003
 1.7274456e-003
 1.7177894e-003
 1.7097064e-003
 1.7040420e-003
 1.7014821e-003
 1.7024177e-003
 1.7068379e-003
 1.7142959e-003
 1.7239464e-003
 1.7346700e-003
 1.7452380e-003
 1.7545072e-003
 1.7615978e-003
 1.7660075e-003
 1.7676695e-003
 1.7669229e-003
 1.7644247e-003
 1.7610147e-003
 1.7575664e-003
 1.7548444e-003
 1.7533987e-003
 1.7534978e-003
 1.7551159e-003
 1.7579669e-003
 1.7615735e-003
 1.7653645e-003
 1.7687741e-003
 1.7713379e-003
 1.7727620e-003
 1.7729632e-003
 1.7720697e-003
 1.7703875e-003
 1.7683365e-003
 1.7663710e-003
 1.7648963e-003
 1.7641995e-003
 1.7644063e-003
 1.7654734e-003
 1.7672139e-003
 1.7693525e-003
 1.7715946e-003
 1.7736915e-003
 1.7754902e-003
 1.7769533e-003
 1.7781495e-003
 1.7792198e-003
 1.7803275e-003
 1.7816088e-003
 1.7831329e-003
 1.7848779e-003
 1.7867264e-003
 1.7884723e-003
 1.7898355e-003
 1.7904795e-003
 1.7900219e-003
 1.7880459e-003
 1.7841111e-003
 1.7777737e-003
 1.7686154e-003
 1.7563018e-003
 1.7406432e-003
 1.7216866e-003
 1.6997947e-003
 1.6756994e-003
 1.6505414e-003
 1.6258111e-003
 1.6032578e-003
 1.5847025e-003
 1.5718032e-003
 1.5658268e-003
 1.5674283e-003
 1.5765263e-003
 1.5922784e-003
 1.6131961e-003
 1.6373479e-003
 1.6626432e-003
 1.6871366e-003
 1.7092525e-003
 1.7279646e-003
 1.7428230e-003
 1.7539053e-003
 1.7616831e-003
 1.7668422e-003
 1.7701226e-003
 1.7721842e-003
 1.7735317e-003
 1.7744933e-003
 1.7752371e-003
 1.7758127e-003
 1.7761873e-003
 1.7762660e-003
 1.7758834e-003
 1.7747716e-003
 1.7725191e-003
 1.7685408e-003
 1.7620857e-003
 1.7522960e-003
 1.7383344e-003
 1.7195602e-003
 1.6957162e-003
 1.6671218e-003
 1.6347603e-003
 1.6003057e-003
 1.5659952e-003
 1.5343844e-003
 1.5080632e-003
 1.4892865e-003
 1.4796937e-003
 1.4800739e-003
 1.4902765e-003
 1.5092479e-003
 1.5352051e-003
 1.5658765e-003
 1.5988060e-003
 1.6316585e-003
 1.6624305e-003
 1.6896286e-003
 1.7122867e-003
 1.7299230e-003
 1.7424114e-003
 1.7498038e-003
 1.7521852e-003
 1.7495715e-003
 1.7418902e-003
 1.7290434e-003
 1.7110484e-003
 1.6882054e-003
 1.6612432e-003
 1.6314365e-003
 1.6005849e-003
 1.5709295e-003
 1.5449262e-003
 1.5249433e-003
 1.5129546e-003
 1.5102237e-003
 1.5171047e-003
 1.5329567e-003
 1.5562336e-003
 1.5846902e-003
 1.6157206e-003
 1.6466781e-003
 1.6751779e-003
 1.6992919e-003
 1.7175786e-003
 1.7290487e-003
 1.7330339e-003
 1.7291040e-003
 1.7170433e-003
 1.6969432e-003
 1.6693750e-003
 1.6355657e-003
 1.5975424e-003
 1.5580744e-003
 1.5204886e-003
 1.4882713e-003
 1.4645726e-003
 1.4517555e-003
 1.4510152e-003
 1.4622308e-003
 1.4840212e-003
 1.5140225e-003
 1.5492592e-003
 1.5865958e-003
 1.6230862e-003
 1.6562592e-003
 1.6842840e-003
 1.7059941e-003
 1.7208913e-003
 1.7290639e-003
 1.7311150e-003
 1.7280548e-003
 1.7211658e-003
 1.7118357e-003
 1.7013543e-003
 1.6907257e-003
 1.6805117e-003
 1.6707873e-003
 1.6612122e-003
 1.6512265e-003
 1.6403397e-003
 1.6284067e-003
 1.6158381e-003
 1.6036427e-003
 1.5932800e-003
 1.5863637e-003
 1.5842565e-003
 1.5876991e-003
 1.5965460e-003
 1.6097067e-003
 1.6252811e-003
 1.6408878e-003
 1.6540586e-003
 1.6626454e-003
 1.6651329e-003
 1.6608050e-003
 1.6497737e-003
 1.6328909e-003
 1.6115915e-003
 1.5877017e-003
 1.5632794e-003
 1.5404478e-003
 1.5212341e-003
 1.5074282e-003
 1.5003996e-003
 1.5009466e-003
 1.5091636e-003
 1.5243967e-003
 1.5452893e-003
 1.5699645e-003
 1.5962688e-003
 1.6220825e-003
 1.6456102e-003
 1.6655599e-003
 1.6812444e-003
 1.6925166e-003
 1.6996361e-003
 1.7030801e-003
 1.7033633e-003
 1.7009228e-003
 1.6960778e-003
 1.6890597e-003
 1.6800778e-003
 1.6693951e-003
 1.6573681e-003
 1.6444400e-003
 1.6311127e-003
 1.6178838e-003
 1.6052176e-003
 1.5935318e-003
 1.5832196e-003
 1.5747043e-003
 1.5684691e-003
 1.5650698e-003
 1.5650813e-003
 1.5689974e-003
 1.5770897e-003
 1.5892693e-003
 1.6049773e-003
 1.6231533e-003
 1.6423073e-003
 1.6606644e-003
 1.6764218e-003
 1.6880117e-003
 1.6943809e-003
 1.6951995e-003
 1.6909568e-003
 1.6829288e-003
 1.6729942e-003
 1.6633468e-003
 1.6561246e-003
 1.6530610e-003
 1.6551974e-003
 1.6627361e-003
 1.6750515e-003
 1.6908628e-003
 1.7085021e-003
 1.7262397e-003
 1.7425871e-003
 1.7564910e-003
 1.7674426e-003
 1.7754377e-003
 1.7808671e-003
 1.7843480e-003
 1.7865489e-003
 1.7880537e-003
 1.7892758e-003
 1.7904347e-003
 1.7915801e-003
 1.7926492e-003
 1.7935347e-003
 1.7941467e-003
 1.7944546e-003
 1.7945050e-003
 1.7944152e-003
 1.7943474e-003
 1.7944742e-003
 1.7949416e-003
 1.7958408e-003
 1.7971918e-003
 1.7989430e-003
 1.8009836e-003
 1.8031641e-003
 1.8053243e-003
 1.8073150e-003
 1.8090180e-003
 1.8103572e-003
 1.8113008e-003
 1.8118570e-003
 1.8120650e-003
 1.8119831e-003
 1.8116772e-003
 1.8112108e-003
 1.8106371e-003
 1.8099963e-003
 1.8093156e-003
 1.8086124e-003
 1.8079000e-003
 1.8071949e-003
 1.8065206e-003
 1.8059119e-003
 1.8054113e-003
 1.8050628e-003
 1.8048992e-003
 1.8049303e-003
 1.8051304e-003
 1.8054344e-003
 1.8057418e-003
 1.8059335e-003
 1.8058964e-003
 1.8055504e-003
 1.8048742e-003
 1.8039164e-003
 1.8027928e-003
 1.8016627e-003
 1.8006964e-003
 1.8000344e-003
 1.7997575e-003
 1.7998689e-003
 1.8003000e-003
 1.8009330e-003
 1.8016362e-003
 1.8022977e-003
 1.8028506e-003
 1.8032792e-003
 1.8036058e-003
 1.8038661e-003
 1.8040778e-003
 1.8042171e-003
 1.8042101e-003
 1.8039410e-003
 1.8032761e-003
 1.8020968e-003
 1.8003319e-003
 1.7979800e-003
 1.7951214e-003
 1.7919114e-003
 1.7885627e-003
 1.7853229e-003
 1.7824434e-003
 1.7801579e-003
 1.7786591e-003
 1.7780825e-003
 1.7784957e-003
 1.7798920e-003
 1.7821873e-003
 1.7852240e-003
 1.7887846e-003
 1.7926077e-003
 1.7964158e-003
 1.7999471e-003
 1.8029833e-003
 1.8053786e-003
 1.8070717e-003
 1.8080907e-003
 1.8085417e-003
 1.8085855e-003
 1.8084097e-003
 1.8081976e-003
 1.8081024e-003
 1.8082281e-003
 1.8086226e-003
 1.8092787e-003
 1.8101454e-003
 1.8111434e-003
 1.8121825e-003
 1.8131777e-003
 1.8140614e-003
 1.8147891e-003
 1.8153415e-003
 1.8157217e-003
 1.8159505e-003
 1.8160610e-003
 1.8160936e-003
 1.8160885e-003
 1.8160755e-003
 1.8160586e-003
 1.8159942e-003
 1.8157656e-003
 1.8151635e-003
 1.8138782e-003
 1.8115186e-003
 1.8076632e-003
 1.8019406e-003
 1.7941368e-003
 1.7842924e-003
 1.7727837e-003
 1.7603398e-003
 1.7479855e-003
 1.7369254e-003
 1.7283550e-003
 1.7232719e-003
 1.7223003e-003
 1.7255846e-003
 1.7327734e-003
 1.7430958e-003
 1.7555044e-003
 1.7688575e-003
 1.7821008e-003
 1.7943905e-003
 1.8051686e-003
 1.8141679e-003
 1.8213543e-003
 1.8268545e-003
 1.8308656e-003
 1.8335908e-003
 1.8352002e-003
 1.8358198e-003
 1.8355474e-003
 1.8344789e-003
 1.8327361e-003
 1.8304829e-003
 1.8279299e-003
 1.8253181e-003
 1.8228953e-003
 1.8208817e-003
 1.8194407e-003
 1.8186594e-003
 1.8185416e-003
 1.8190199e-003
 1.8199792e-003
 1.8212865e-003
 1.8228176e-003
 1.8244762e-003
 1.8261998e-003
 1.8279523e-003
 1.8297093e-003
 1.8314383e-003
 1.8330864e-003
 1.8345803e-003
 1.8358342e-003
 1.8367668e-003
 1.8373150e-003
 1.8374430e-003
 1.8371521e-003
 1.8364863e-003
 1.8355278e-003
 1.8343850e-003
 1.8331714e-003
 1.8319843e-003
 1.8308896e-003
 1.8299158e-003
 1.8290604e-003
 1.8283040e-003
 1.8276282e-003
 1.8270290e-003
 1.8265212e-003
 1.8261371e-003
 1.8259173e-003
 1.8259021e-003
 1.8261226e-003
 1.8265906e-003
 1.8272919e-003
 1.8281827e-003
 1.8291901e-003
 1.8302159e-003
 1.8311465e-003
 1.8318646e-003
 1.8322628e-003
 1.8322587e-003
 1.8318034e-003
 1.8308904e-003
 1.8295532e-003
 1.8278559e-003
 1.8258807e-003
 1.8237162e-003
 1.8214483e-003
 1.8191537e-003
 1.8169022e-003
 1.8147596e-003
 1.8127967e-003
 1.8110987e-003
 1.8097730e-003
 1.8089515e-003
 1.8087744e-003
 1.8093588e-003
 1.8107453e-003
 1.8128320e-003
 1.8153045e-003
 1.8175915e-003
 1.8188742e-003
 1.8181644e-003
 1.8144371e-003
 1.8067970e-003
 1.7946502e-003
 1.7778401e-003
 1.7567389e-003
 1.7322392e-003
 1.7057342e-003
 1.6789954e-003
 1.6539742e-003
 1.6325962e-003
 1.6165081e-003
 1.6068970e-003
 1.6043423e-003
 1.6087806e-003
 1.6195603e-003
 1.6355626e-003
 1.6553816e-003
 1.6774946e-003
 1.7004496e-003
 1.7229789e-003
 1.7440879e-003
 1.7630944e-003
 1.7796007e-003
 1.7934680e-003
 1.8047447e-003
 1.8136108e-003
 1.8203243e-003
 1.8251700e-003
 1.8284334e-003
 1.8303760e-003
 1.8312261e-003
 1.8311725e-003
 1.8303613e-003
 1.8288959e-003
 1.8268359e-003
 1.8241986e-003
 1.8209581e-003
 1.8170502e-003
 1.8123755e-003
 1.8068146e-003
 1.8002441e-003
 1.7925608e-003
 1.7837192e-003
 1.7737669e-003
 1.7628765e-003
 1.7513816e-003
 1.7397753e-003
 1.7287071e-003
 1.7189337e-003
 1.7112466e-003
 1.7063871e-003
 1.7049407e-003
 1.7072490e-003
 1.7133401e-003
 1.7229051e-003
 1.7353125e-003
 1.7496846e-003
 1.7649926e-003
 1.7801872e-003
 1.7943309e-003
 1.8066909e-003
 1.8168214e-003
 1.8245755e-003
 1.8300868e-003
 1.8337086e-003
 1.8359228e-003
 1.8372497e-003
 1.8381624e-003
 1.8390247e-003
 1.8400581e-003
 1.8413394e-003
 1.8428228e-003
 1.8443798e-003
 1.8458433e-003
 1.8470512e-003
 1.8478783e-003
 1.8482560e-003
 1.8481782e-003
 1.8476946e-003
 1.8468939e-003
 1.8458850e-003
 1.8447746e-003
 1.8436512e-003
 1.8425729e-003
 1.8415635e-003
 1.8406138e-003
 1.8396870e-003
 1.8387253e-003
 1.8376587e-003
 1.8364119e-003
 1.8349128e-003
 1.8331035e-003
 1.8309499e-003
 1.8284562e-003
 1.8256746e-003
 1.8227146e-003
 1.8197487e-003
 1.8170058e-003
 1.8147596e-003
 1.8133032e-003
 1.8129149e-003
 1.8138196e-003
 1.8161512e-003
 1.8199180e-003
 1.8249911e-003
 1.8311210e-003
 1.8379625e-003
 1.8451207e-003
 1.8521907e-003
 1.8588020e-003
 1.8646549e-003
 1.8695346e-003
 1.8733249e-003
 1.8760042e-003
 1.8776371e-003
 1.8783554e-003
 1.8783337e-003
 1.8777666e-003
 1.8768461e-003
 1.8757469e-003
 1.8746139e-003
 1.8735585e-003
 1.8726579e-003
 1.8719587e-003
 1.8714813e-003
 1.8712245e-003
 1.8711701e-003
 1.8712864e-003
 1.8715310e-003
 1.8718535e-003
 1.8721981e-003
 1.8725065e-003
 1.8727202e-003
 1.8727842e-003
 1.8726488e-003
 1.8722718e-003
 1.8716211e-003
 1.8706764e-003
 1.8694309e-003
 1.8678939e-003
 1.8660940e-003
 1.8640806e-003
 1.8619268e-003
 1.8597293e-003
 1.8576069e-003
 1.8556960e-003
 1.8541418e-003
 1.8530895e-003
 1.8526714e-003
 1.8529961e-003
 1.8541369e-003
 1.8561260e-003
 1.8589487e-003
 1.8625465e-003
 1.8668182e-003
 1.8716269e-003
 1.8768103e-003
 1.8821836e-003
 1.8875514e-003
 1.8927108e-003
 1.8974602e-003
 1.9016094e-003
 1.9049854e-003
 1.9074485e-003
 1.9089025e-003
 1.9093092e-003
 1.9086989e-003
 1.9071751e-003
 1.9049132e-003
 1.9021477e-003
 1.8991542e-003
 1.8962196e-003
 1.8936131e-003
 1.8915542e-003
 1.8901855e-003
 1.8895572e-003
 1.8896211e-003
 1.8902397e-003
 1.8912061e-003
 1.8922758e-003
 1.8932007e-003
 1.8937659e-003
 1.8938194e-003
 1.8932926e-003
 1.8922094e-003
 1.8906815e-003
 1.8888912e-003
 1.8870673e-003
 1.8854538e-003
 1.8842786e-003
 1.8837280e-003
 1.8839256e-003
 1.8849234e-003
 1.8866996e-003
 1.8891669e-003
 1.8921850e-003
 1.8955749e-003
 1.8991375e-003
 1.9026641e-003
 1.9059520e-003
 1.9088119e-003
 1.9110786e-003
 1.9126238e-003
 1.9133664e-003
 1.9132880e-003
 1.9124467e-003
 1.9109875e-003
 1.9091457e-003
 1.9072338e-003
 1.9056109e-003
 1.9046506e-003
 1.9047005e-003
 1.9060437e-003
 1.9088652e-003
 1.9132297e-003
 1.9190741e-003
 1.9261971e-003
 1.9342487e-003
 1.9427338e-003
 1.9510404e-003
 1.9584897e-003
 1.9643917e-003
 1.9681277e-003
 1.9692259e-003
 1.9674345e-003
 1.9627495e-003
 1.9554184e-003
 1.9475510e-003
 1.9355974e-003
 1.9227871e-003
 1.9098646e-003
 1.8975025e-003
 1.8862238e-003
 1.8763716e-003
 1.8681173e-003
 1.8615066e-003
 1.8565208e-003
 1.8531077e-003
 1.8512040e-003
 1.8507332e-003
 1.8515994e-003
 1.8536765e-003
 1.8568001e-003
 1.8607653e-003
 1.8653247e-003
 1.8702022e-003
 1.8751017e-003
 1.8797190e-003
 1.8837558e-003
 1.8869318e-003
 1.8890125e-003
 1.8898381e-003
 1.8893555e-003
 1.8876300e-003
 1.8848337e-003
 1.8812162e-003
 1.8770741e-003
 1.8727247e-003
 1.8684856e-003
 1.8646619e-003
 1.8615229e-003
 1.8592813e-003
 1.8580726e-003
 1.8579460e-003
 1.8588743e-003
 1.8607726e-003
 1.8635225e-003
 1.8669881e-003
 1.8710297e-003
 1.8755082e-003
 1.8802912e-003
 1.8852610e-003
 1.8903159e-003
 1.8953758e-003
 1.9003769e-003
 1.9052684e-003
 1.9100094e-003
 1.9145601e-003
 1.9188842e-003
 1.9229426e-003
 1.9266936e-003
 1.9300921e-003
 1.9330846e-003
 1.9356118e-003
 1.9376070e-003
 1.9389987e-003
 1.9397135e-003
 1.9396774e-003
 1.9388210e-003
 1.9370860e-003
 1.9344381e-003
 1.9308815e-003
 1.9264745e-003
 1.9213349e-003
 1.9156317e-003
 1.9095757e-003
 1.9033982e-003
 1.8973417e-003
 1.8916461e-003
 1.8865328e-003
 1.8821895e-003
 1.8787407e-003
 1.8762300e-003
 1.8746089e-003
 1.8737458e-003
 1.8734490e-003
 1.8734903e-003
 1.8736270e-003
 1.8736174e-003
 1.8732402e-003
 1.8723186e-003
 1.8707500e-003
 1.8685346e-003
 1.8657850e-003
 1.8627146e-003
 1.8596131e-003
 1.8568139e-003
 1.8546678e-003
 1.8535235e-003
 1.8537026e-003
 1.8554664e-003
 1.8589750e-003
 1.8642531e-003
 1.8711712e-003
 1.8794663e-003
 1.8887719e-003
 1.8986613e-003
 1.9086845e-003
 1.9183860e-003
 1.9273369e-003
 1.9351578e-003
 1.9415579e-003
 1.9463695e-003
 1.9495559e-003
 1.9512028e-003
 1.9514832e-003
 1.9506244e-003
 1.9488781e-003
 1.9465024e-003
 1.9437469e-003
 1.9408411e-003
 1.9379766e-003
 1.9352938e-003
 1.9328783e-003
 1.9307648e-003
 1.9289500e-003
 1.9274090e-003
 1.9261056e-003
 1.9250002e-003
 1.9240538e-003
 1.9232302e-003
 1.9225000e-003
 1.9218418e-003
 1.9212440e-003
 1.9207033e-003
 1.9202228e-003
 1.9198093e-003
 1.9194712e-003
 1.9192173e-003
 1.9190555e-003
 1.9189914e-003
 1.9190268e-003
 1.9191583e-003
 1.9193767e-003
 1.9196675e-003
 1.9200126e-003
 1.9203916e-003
 1.9207831e-003
 1.9211663e-003
 1.9215227e-003
 1.9218380e-003
 1.9221064e-003
 1.9223319e-003
 1.9225309e-003
 1.9227300e-003
 1.9229639e-003
 1.9232713e-003
 1.9236931e-003
 1.9242695e-003
 1.9250360e-003
 1.9260197e-003
 1.9272325e-003
 1.9286661e-003
 1.9302903e-003
 1.9320537e-003
 1.9338911e-003
 1.9357278e-003
 1.9374854e-003
 1.9390866e-003
 1.9404588e-003
 1.9415407e-003
 1.9422912e-003
 1.9426944e-003
 1.9427643e-003
 1.9425405e-003
 1.9420823e-003
 1.9414604e-003
 1.9407507e-003
 1.9400292e-003
 1.9393683e-003
 1.9388308e-003
 1.9384635e-003
 1.9382919e-003
 1.9383173e-003
 1.9385194e-003
 1.9388618e-003
 1.9392991e-003
 1.9397810e-003
 1.9402573e-003
 1.9406797e-003
 1.9410072e-003
 1.9412094e-003
 1.9412710e-003
 1.9411936e-003
 1.9409937e-003
 1.9406989e-003
 1.9403436e-003
 1.9399649e-003
 1.9396003e-003
 1.9392848e-003
 1.9390484e-003
 1.9389116e-003
 1.9388827e-003
 1.9389566e-003
 1.9391152e-003
 1.9393320e-003
 1.9395745e-003
 1.9398084e-003
 1.9399998e-003
 1.9401175e-003
 1.9401378e-003
 1.9400495e-003
 1.9398568e-003
 1.9395829e-003
 1.9392667e-003
 1.9389595e-003
 1.9387195e-003
 1.9386074e-003
 1.9386826e-003
 1.9389970e-003
 1.9395873e-003
 1.9404653e-003
 1.9416072e-003
 1.9429517e-003
 1.9444025e-003
 1.9458383e-003
 1.9471220e-003
 1.9481116e-003
 1.9486673e-003
 1.9486615e-003
 1.9479943e-003
 1.9466111e-003
 1.9445206e-003
 1.9417991e-003
 1.9385846e-003
 1.9350634e-003
 1.9314461e-003
 1.9279561e-003
 1.9248149e-003
 1.9222323e-003
 1.9203853e-003
 1.9193981e-003
 1.9193249e-003
 1.9201395e-003
 1.9217457e-003
 1.9239931e-003
 1.9267011e-003
 1.9296746e-003
 1.9327175e-003
 1.9356398e-003
 1.9382744e-003
 1.9404897e-003
 1.9422011e-003
 1.9433785e-003
 1.9440402e-003
 1.9442394e-003
 1.9440511e-003
 1.9435602e-003
 1.9428546e-003
 1.9420190e-003
 1.9411308e-003
 1.9402541e-003
 1.9394356e-003
 1.9387011e-003
 1.9380589e-003
 1.9375040e-003
 1.9370236e-003
 1.9366007e-003
 1.9362179e-003
 1.9358584e-003
 1.9355085e-003
 1.9351597e-003
 1.9348107e-003
 1.9344675e-003
 1.9341435e-003
 1.9338573e-003
 1.9336302e-003
 1.9334850e-003
 1.9334444e-003
 1.9335288e-003
 1.9337547e-003
 1.9341314e-003
 1.9346585e-003
 1.9353249e-003
 1.9361101e-003
 1.9369860e-003
 1.9379207e-003
 1.9388805e-003
 1.9398311e-003
 1.9407399e-003
 1.9415782e-003
 1.9423222e-003
 1.9429572e-003
 1.9434766e-003
 1.9438823e-003
 1.9441816e-003
 1.9443857e-003
 1.9445074e-003
 1.9445595e-003
 1.9445551e-003
 1.9445051e-003
 1.9444182e-003
 1.9442996e-003
 1.9441508e-003
 1.9439695e-003
 1.9437516e-003
 1.9434908e-003
 1.9431806e-003
 1.9428148e-003
 1.9423880e-003
 1.9418980e-003
 1.9413468e-003
 1.9407426e-003
 1.9401001e-003
 1.9394406e-003
 1.9387895e-003
 1.9381747e-003
 1.9376253e-003
 1.9371705e-003
 1.9368371e-003
 1.9366477e-003
 1.9366181e-003
 1.9367547e-003
 1.9370528e-003
 1.9374987e-003
 1.9380711e-003
 1.9387450e-003
 1.9394931e-003
 1.9402865e-003
 1.9410958e-003
 1.9418903e-003
 1.9426362e-003
 1.9432972e-003
 1.9438335e-003
 1.9442015e-003
 1.9443560e-003
 1.9442503e-003
 1.9438381e-003
 1.9430757e-003
 1.9419271e-003
 1.9403708e-003
 1.9384117e-003
 1.9360883e-003
 1.9334765e-003
 1.9306887e-003
 1.9278602e-003
 1.9251416e-003
 1.9226904e-003
 1.9206608e-003
 1.9191948e-003
 1.9184076e-003
 1.9183703e-003
 1.9190925e-003
 1.9205173e-003
 1.9225259e-003
 1.9249561e-003
 1.9276189e-003
 1.9303120e-003
 1.9328349e-003
 1.9349970e-003
 1.9366312e-003
 1.9376129e-003
 1.9378733e-003
 1.9374058e-003
 1.9362601e-003
 1.9345277e-003
 1.9323234e-003
 1.9297764e-003
 1.9270177e-003
 1.9241765e-003
 1.9213781e-003
 1.9187357e-003
 1.9163485e-003
 1.9142997e-003
 1.9126595e-003
 1.9114863e-003
 1.9108318e-003
 1.9107446e-003
 1.9112679e-003
 1.9124373e-003
 1.9142709e-003
 1.9167613e-003
 1.9198647e-003
 1.9234946e-003
 1.9275309e-003
 1.9318254e-003
 1.9362154e-003
 1.9405290e-003
 1.9445987e-003
 1.9482686e-003
 1.9514048e-003
 1.9539183e-003
 1.9557758e-003
 1.9570058e-003
 1.9576952e-003
 1.9579721e-003
 1.9579886e-003
 1.9579080e-003
 1.9578924e-003
 1.9580896e-003
 1.9586172e-003
 1.9595411e-003
 1.9608578e-003
 1.9624846e-003
 1.9642701e-003
 1.9660112e-003
 1.9674757e-003
 1.9684201e-003
 1.9686122e-003
 1.9678571e-003
 1.9660436e-003
 1.9631966e-003
 1.9595255e-003
 1.9554491e-003
 1.9515691e-003
 1.9486240e-003
 1.9474338e-003
 1.9488456e-003
 1.9536896e-003
 1.9627193e-003
 1.9765084e-003
 1.9953505e-003
 2.0191520e-003
 2.0473714e-003
 2.0790924e-003
 2.1131157e-003
 2.1480478e-003
 2.1824508e-003
 2.2148928e-003
 2.2440578e-003
 2.2688524e-003
 2.2886121e-003
 2.3032222e-003
 2.3131703e-003
 2.3195094e-003
 2.3236962e-003
 2.3274270e-003
 2.3325069e-003
 2.3407445e-003
 2.3538452e-003
 2.3732907e-003
 2.4001771e-003
 2.4350875e-003
 2.4779998e-003
 2.5283941e-003
 2.5853720e-003
 2.6477631e-003
 2.7143289e-003
 2.7838098e-003
 2.8549288e-003
 2.9265536e-003
 2.9976969e-003
 3.0676106e-003
 3.1357417e-003
 3.2018095e-003
 3.2656952e-003
 3.3273324e-003
 3.3867497e-003
 3.4439943e-003
 3.4990823e-003
 3.5520783e-003
 3.6030551e-003
 3.6520644e-003
 3.6992086e-003
 3.7445917e-003
 3.7883385e-003
 3.8305509e-003
 3.8713701e-003
 3.9109532e-003
 3.9494708e-003
 3.9872057e-003
 4.0245797e-003
 4.0621739e-003
 4.1008061e-003
 4.1414732e-003
 4.1853203e-003
 4.2335428e-003
 4.2874012e-003
 4.3481537e-003
 4.4169631e-003
 4.4949194e-003
 4.5829280e-003
 4.6815672e-003
 4.7911857e-003
 4.9118819e-003
 5.0434689e-003
 5.1857233e-003
 5.3383154e-003
 5.5008624e-003
 5.6726853e-003
 5.8528655e-003
 6.0399114e-003
 6.2314072e-003
 6.4241947e-003
 6.6143284e-003
 6.7971442e-003
 6.9677797e-003
 7.1211993e-003
 7.2524655e-003
 7.3568719e-003
 7.4305101e-003
 7.4706152e-003
 7.4759875e-003
 7.4472204e-003
 7.3864642e-003
 7.2970898e-003
 7.1831252e-003
 7.0488951e-003
 6.8988767e-003
 6.7372853e-003
 6.5679466e-003
 6.3939332e-003
 6.2174709e-003
 6.0395855e-003
 5.8603296e-003
 5.6791701e-003
 5.4950211e-003
 5.3066062e-003
 5.1127742e-003
 4.9124006e-003
 4.7047813e-003
 4.4897925e-003
 4.2683254e-003
 4.0420736e-003
 3.8135878e-003
 3.5862164e-003
 3.3635166e-003
 3.1492061e-003
 2.9471342e-003
 2.7607810e-003
 2.5931937e-003
 2.4465760e-003
 2.3221327e-003
 2.2197422e-003
 2.1382000e-003
 2.0755446e-003
 2.0292671e-003
 1.9966476e-003
 1.9749324e-003
 1.9614182e-003
 1.9536156e-003
 1.9493963e-003
 1.9471128e-003
 1.9456572e-003
 1.9444072e-003
 1.9430991e-003
 1.9416825e-003
 1.9402121e-003
 1.9387826e-003
 1.9374953e-003
 1.9364415e-003
 1.9356915e-003
 1.9352845e-003
 1.9352264e-003
 1.9354925e-003
 1.9360352e-003
 1.9367931e-003
 1.9376985e-003
 1.9386815e-003
 1.9396750e-003
 1.9406184e-003
 1.9414618e-003
 1.9421715e-003
 1.9427305e-003
 1.9431375e-003
 1.9434019e-003
 1.9435391e-003
 1.9435680e-003
 1.9435073e-003
 1.9433752e-003
 1.9431873e-003
 1.9429553e-003
 1.9426856e-003
 1.9423789e-003
 1.9420307e-003
 1.9416319e-003
 1.9411709e-003
 1.9406349e-003
 1.9400110e-003
 1.9392859e-003
 1.9384464e-003
 1.9374806e-003
 1.9364196e-003
 1.9354415e-003
 1.9339584e-003
 1.9322666e-003
 1.9303469e-003
 1.9281808e-003
 1.9257484e-003
 1.9230323e-003
 1.9200136e-003
 1.9166729e-003
 1.9129917e-003
 1.9089559e-003
 1.9046071e-003
 1.9000124e-003
 1.8952410e-003
 1.8903600e-003
 1.8854405e-003
 1.8805503e-003
 1.8757576e-003
 1.8711302e-003
 1.8667390e-003
 1.8626517e-003
 1.8589365e-003
 1.8556619e-003
 1.8528977e-003
 1.8507036e-003
 1.8490650e-003
 1.8479261e-003
 1.8472311e-003
 1.8469248e-003
 1.8469510e-003
 1.8472540e-003
 1.8477783e-003
 1.8484677e-003
 1.8492668e-003
 1.8501197e-003
 1.8509711e-003
 1.8517644e-003
 1.8524444e-003
 1.8529550e-003
 1.8532411e-003
 1.8532461e-003
 1.8529147e-003
 1.8521976e-003
 1.8511014e-003
 1.8496619e-003
 1.8479166e-003
 1.8459015e-003
 1.8436530e-003
 1.8412074e-003
 1.8386019e-003
 1.8358729e-003
 1.8330568e-003
 1.8301900e-003
 1.8273083e-003
 1.8244497e-003
 1.8216501e-003
 1.8189459e-003
 1.8163731e-003
 1.8139692e-003
 1.8117705e-003
 1.8098132e-003
 1.8081337e-003
 1.8067689e-003
 1.8057557e-003
 1.8051252e-003
 1.8048735e-003
 1.8049766e-003
 1.8054108e-003
 1.8061523e-003
 1.8071774e-003
 1.8084623e-003
 1.8099829e-003
 1.8117155e-003
 1.8136365e-003
 1.8157224e-003
 1.8179488e-003
 1.8202920e-003
 1.8227280e-003
 1.8252340e-003
 1.8277852e-003
 1.8303579e-003
 1.8329287e-003
 1.8354736e-003
 1.8379693e-003
 1.8403908e-003
 1.8427153e-003
 1.8449187e-003
 1.8469777e-003
 1.8488677e-003
 1.8505651e-003
 1.8520488e-003
 1.8533185e-003
 1.8543835e-003
 1.8552539e-003
 1.8559395e-003
 1.8564500e-003
 1.8567954e-003
 1.8569854e-003
 1.8570299e-003
 1.8569387e-003
 1.8567216e-003
 1.8563885e-003
 1.8559492e-003
 1.8554133e-003
 1.8547910e-003
 1.8540918e-003
 1.8533260e-003
 1.8525029e-003
 1.8516324e-003
 1.8507248e-003
 1.8497894e-003
 1.8488362e-003
 1.8478751e-003
 1.8469157e-003
 1.8459683e-003
 1.8450421e-003
 1.8441476e-003
 1.8432939e-003
 1.8424914e-003
 1.8417498e-003
 1.8410776e-003
 1.8404741e-003
 1.8399344e-003
 1.8394532e-003
