s07_ASD Record=2621:  error bars to preceding                
 8.5287506e-004
 8.4140239e-004
 8.3378615e-004
 8.3015440e-004
 8.2886417e-004
 8.2679430e-004
 8.2065165e-004
 8.0843002e-004
 7.9025194e-004
 7.6824060e-004
 7.4553373e-004
 7.2517077e-004
 7.0931501e-004
 6.9879962e-004
 6.9274585e-004
 6.8880792e-004
 6.8422535e-004
 6.7696319e-004
 6.6627015e-004
 6.5262994e-004
 6.3730811e-004
 6.2174455e-004
 6.0713495e-004
 5.9440394e-004
 5.8444939e-004
 5.7840906e-004
 5.7761936e-004
 5.8314321e-004
 5.9520447e-004
 6.1313418e-004
 6.3557574e-004
 6.6086510e-004
 6.8728224e-004
 7.1294454e-004
 7.3556026e-004
 7.5269939e-004
 7.6234509e-004
 7.6347811e-004
 7.5676740e-004
 7.4483105e-004
 7.3164789e-004
 7.2135107e-004
 7.1692024e-004
 7.1926287e-004
 7.2696974e-004
 7.3678448e-004
 7.4469717e-004
 7.4738718e-004
 7.4343948e-004
 7.3370698e-004
 7.2063849e-004
 7.0713233e-004
 6.9572736e-004
 6.8844581e-004
 6.8690727e-004
 6.9216773e-004
 7.0395425e-004
 7.2012836e-004
 7.3772215e-004
 7.5340655e-004
 7.6499605e-004
 7.7362760e-004
 7.8003033e-004
 7.8426220e-004
 7.8559318e-004
 7.8306574e-004
 7.7676645e-004
 7.6781760e-004
 7.5776427e-004
 7.4804999e-004
 7.3929981e-004
 7.3103001e-004
 7.2204322e-004
 7.1118685e-004
 6.9813558e-004
 6.8390311e-004
 6.7073439e-004
 6.6118175e-004
 6.5670104e-004
 6.5655663e-004
 6.5783912e-004
 6.5680692e-004
 6.5090490e-004
 6.4028800e-004
 6.2791514e-004
 6.1812624e-004
 6.1448733e-004
 6.1809376e-004
 6.2728714e-004
 6.3899189e-004
 6.5096625e-004
 6.6362572e-004
 6.8013818e-004
 7.0449559e-004
 7.3860772e-004
 7.8009599e-004
 8.2216115e-004
 8.5626967e-004
 8.7659789e-004
 8.8309671e-004
 8.8098191e-004
 8.7698892e-004
 8.7525375e-004
 8.7573344e-004
 8.7578094e-004
 8.7372045e-004
 8.7115989e-004
 8.7163615e-004
 8.7719795e-004
 8.8623818e-004
 8.9435832e-004
 8.9701242e-004
 8.9162803e-004
 8.7833352e-004
 8.5973961e-004
 8.3993463e-004
 8.2256825e-004
 8.0905342e-004
 7.9879654e-004
 7.9160713e-004
 7.8968622e-004
 7.9654076e-004
 8.1352162e-004
 8.3746295e-004
 8.6176244e-004
 8.7972527e-004
 8.8748155e-004
 8.8513631e-004
 8.7612018e-004
 8.6459063e-004
 8.5181522e-004
 8.3488040e-004
 8.1023935e-004
 7.7913568e-004
 7.4879680e-004
 7.2774978e-004
 7.2035554e-004
 7.2568702e-004
 7.4009039e-004
 7.5931568e-004
 7.7880692e-004
 7.9445657e-004
 8.0517138e-004
 8.1442483e-004
 8.2735083e-004
 8.4493711e-004
 8.6145836e-004
 8.6889020e-004
 8.6459843e-004
 8.5443503e-004
 8.4738433e-004
 8.4652490e-004
 8.4558688e-004
 8.3551568e-004
 8.1514777e-004
 7.9485367e-004
 7.8865798e-004
 8.0267584e-004
 8.3139469e-004
 8.6382375e-004
 8.9113601e-004
 9.0874702e-004
 9.1462221e-004
 9.0923911e-004
 8.9744700e-004
 8.8723929e-004
 8.8378298e-004
 8.8495313e-004
 8.8468927e-004
 8.8066614e-004
 8.7696745e-004
 8.7931543e-004
 8.8912231e-004
 9.0166461e-004
 9.0832583e-004
 9.0163480e-004
 8.8128104e-004
 8.5601793e-004
 8.3784002e-004
 8.3372369e-004
 8.4356178e-004
 8.6406193e-004
 8.9120009e-004
 9.1934798e-004
 9.4198121e-004
 9.5514552e-004
 9.5884502e-004
 9.5451443e-004
 9.4281510e-004
 9.2490559e-004
 9.0439717e-004
 8.8576810e-004
 8.7039213e-004
 8.5625093e-004
 8.4300392e-004
 8.3479361e-004
 8.3498313e-004
 8.4070006e-004
 8.4689271e-004
 8.5281976e-004
 8.5836754e-004
 8.5684250e-004
 8.4017293e-004
 8.1155467e-004
 7.8597746e-004
 7.7747123e-004
 7.9013652e-004
 8.1901753e-004
 8.5228489e-004
 8.7350036e-004
 8.7039126e-004
 8.4497803e-004
 8.1172539e-004
 7.8429864e-004
 7.6607533e-004
 7.5285934e-004
 7.4139028e-004
 7.3374255e-004
 7.3509972e-004
 7.4956601e-004
 7.7854702e-004
 8.2047569e-004
 8.6868717e-004
 9.0975547e-004
 9.2821714e-004
 9.1741240e-004
 8.8668248e-004
 8.5386349e-004
 8.2624564e-004
 7.9213217e-004
 7.3845027e-004
 6.7421881e-004
 6.2716752e-004
 6.1681424e-004
 6.3747982e-004
 6.6756032e-004
 6.9048227e-004
 7.0677890e-004
 7.2962634e-004
 7.7023968e-004
 8.2610577e-004
 8.8182121e-004
 9.2165155e-004
 9.4136182e-004
 9.4739173e-004
 9.4688876e-004
 9.4102271e-004
 9.2517625e-004
 8.9234358e-004
 8.4158004e-004
 7.8902749e-004
 7.6330686e-004
 7.8053912e-004
 8.2791428e-004
 8.7673112e-004
 9.0849708e-004
 9.2231651e-004
 9.2471368e-004
 9.2224724e-004
 9.2098810e-004
 9.2328218e-004
 9.2097907e-004
 8.9872838e-004
 8.5217640e-004
 7.9884473e-004
 7.6304085e-004
 7.5482600e-004
 7.6653447e-004
 7.7963353e-004
 7.7745150e-004
 7.6212012e-004
 7.5152994e-004
 7.5662055e-004
 7.7523832e-004
 8.0304709e-004
 8.3569158e-004
 8.6625741e-004
 8.8486378e-004
 8.7668392e-004
 8.3167112e-004
 7.6133962e-004
 6.9427711e-004
 6.5124338e-004
 6.3365413e-004
 6.3497160e-004
 6.5113103e-004
 6.7816518e-004
 7.0648309e-004
 7.2405947e-004
 7.2756124e-004
 7.2675722e-004
 7.3478121e-004
 7.5400132e-004
 7.7255256e-004
 7.7786093e-004
 7.7353657e-004
 7.7465153e-004
 7.8488566e-004
 7.9185609e-004
 7.8831374e-004
 7.8136969e-004
 7.7711267e-004
 7.7570818e-004
 7.8479579e-004
 8.1094418e-004
 8.3033874e-004
 8.0139947e-004
 7.2184252e-004
 6.4110727e-004
 6.0294574e-004
 6.0861936e-004
 6.4479996e-004
 7.0934632e-004
 7.9469569e-004
 8.7526563e-004
 9.2753087e-004
 9.4544300e-004
 9.2872418e-004
 8.7546610e-004
 7.9665618e-004
 7.2770671e-004
 7.0699689e-004
 7.4296223e-004
 8.1169244e-004
 8.7994541e-004
 9.2299527e-004
 9.2948065e-004
 9.0132991e-004
 8.5252116e-004
 8.0335332e-004
 7.7062187e-004
 7.6066243e-004
 7.7013788e-004
 7.9138560e-004
 8.1661314e-004
 8.3939516e-004
 8.5498911e-004
 8.6062233e-004
 8.5599575e-004
 8.4420724e-004
 8.3216274e-004
 8.2866644e-004
 8.4048242e-004
 8.6895528e-004
 9.0824626e-004
 9.4395864e-004
 9.5460075e-004
 9.2276785e-004
 8.5416145e-004
 7.8566262e-004
 7.6201191e-004
 7.8994082e-004
 8.1818097e-004
 7.9617358e-004
 7.6120201e-004
 7.6239911e-004
 7.8135898e-004
 7.8804343e-004
 7.9988281e-004
 8.2315621e-004
 8.0399582e-004
 7.1270991e-004
 6.1549770e-004
 5.9081014e-004
 6.3074258e-004
 6.7707372e-004
 6.9866882e-004
 6.9585681e-004
 6.7444611e-004
 6.4924563e-004
 6.4581452e-004
 6.6726073e-004
 6.7851989e-004
 6.5277197e-004
 6.1181933e-004
 5.9507880e-004
 6.1116688e-004
 6.3689350e-004
 6.4940075e-004
 6.5462710e-004
 6.8035309e-004
 7.2889391e-004
 7.6000625e-004
 7.5049879e-004
 7.3548197e-004
 7.5146859e-004
 7.7909598e-004
 7.8177580e-004
 7.6547801e-004
 7.6925824e-004
 8.1399723e-004
 8.6866651e-004
 8.7260670e-004
 8.0937939e-004
 7.3796831e-004
 7.1961654e-004
 7.4282964e-004
 7.6674280e-004
 7.7219383e-004
 7.7464507e-004
 7.9888996e-004
 8.4816420e-004
 9.0754975e-004
 9.5240184e-004
 9.6430536e-004
 9.4582129e-004
 9.1699511e-004
 8.9709967e-004
 8.8427938e-004
 8.5584080e-004
 7.9452316e-004
 7.1838719e-004
 6.7829509e-004
 7.1584096e-004
 8.1432750e-004
 9.0134615e-004
 9.1069209e-004
 8.4738084e-004
 7.8478735e-004
 7.9262460e-004
 8.6686847e-004
 9.2994893e-004
 9.0438494e-004
 7.9106330e-004
 6.6232745e-004
 5.8896845e-004
 5.9388281e-004
 6.4616092e-004
 6.8612659e-004
 6.7968457e-004
 6.4509513e-004
 6.1384338e-004
 6.1172538e-004
 6.3185173e-004
 6.5420824e-004
 6.5874419e-004
 6.2994770e-004
 5.8211107e-004
 5.4153847e-004
 5.3456979e-004
 5.8131933e-004
 6.6088303e-004
 7.3577237e-004
 7.6845201e-004
 7.2944898e-004
 6.4266956e-004
 5.5366493e-004
 5.0804770e-004
 5.4342655e-004
 6.4419035e-004
 7.9470599e-004
 9.0931536e-004
 9.7226619e-004
 9.7500085e-004
 9.3652407e-004
 8.7702979e-004
 8.1673235e-004
 7.7524327e-004
 7.5901742e-004
 7.6145277e-004
 7.7538315e-004
 7.9363945e-004
 8.0920378e-004
 8.1829238e-004
 8.2032377e-004
 8.1484963e-004
 8.0142071e-004
 7.7966228e-004
 7.5074250e-004
 7.1736233e-004
 6.8227161e-004
 6.4823666e-004
 6.1801076e-004
 5.9409859e-004
 5.7804200e-004
 5.7113805e-004
 5.7468930e-004
 5.8999722e-004
 6.1835902e-004
 6.6011492e-004
 7.1186718e-004
 7.6934422e-004
 8.2824926e-004
 8.8431273e-004
 9.3323807e-004
 9.7074959e-004
 9.9385006e-004
 1.0044281e-003
 1.0055461e-003
 1.0002630e-003
 9.9163747e-004
 9.8273100e-004
 9.7660150e-004
 9.7630970e-004
 9.8400179e-004
 9.9837978e-004
 1.0173387e-003
 1.0387663e-003
 1.0605599e-003
 1.0806061e-003
 1.0968002e-003
 1.1070356e-003
 1.1098316e-003
 1.1060599e-003
 1.0971386e-003
 1.0844840e-003
 1.0695166e-003
 1.0536507e-003
 1.0383081e-003
 1.0249027e-003
 1.0145378e-003
 1.0071391e-003
 1.0023665e-003
 9.9987735e-004
 9.9932973e-004
 1.0003821e-003
 1.0026927e-003
 1.0059193e-003
 1.0097208e-003
 1.0137543e-003
 1.0176791e-003
 1.0211524e-003
 1.0239108e-003
 1.0259709e-003
 1.0274148e-003
 1.0283231e-003
 1.0287770e-003
 1.0288582e-003
 1.0286475e-003
 1.0282262e-003
 1.0276758e-003
 1.0270773e-003
 1.0265120e-003
 1.0260609e-003
 1.0257857e-003
 1.0256760e-003
 1.0257062e-003
 1.0258505e-003
 1.0260831e-003
 1.0263781e-003
 1.0267097e-003
 1.0270521e-003
 1.0273797e-003
 1.0276661e-003
 1.0278862e-003
 1.0280162e-003
 1.0280423e-003
 1.0279522e-003
 1.0277337e-003
 1.0273746e-003
 1.0268629e-003
 1.0261863e-003
 1.0253325e-003
 1.0242896e-003
 1.0230453e-003
 1.0215989e-003
 1.0199893e-003
 1.0182635e-003
 1.0164697e-003
 1.0146544e-003
 1.0128658e-003
 1.0111505e-003
 1.0095569e-003
 1.0081317e-003
 1.0069227e-003
 1.0058872e-003
 1.0046783e-003
 1.0028820e-003
 1.0000860e-003
 9.9587603e-004
 9.8984037e-004
 9.8156522e-004
 9.7063620e-004
 9.5664267e-004
 9.3916839e-004
 9.1822504e-004
 8.9523511e-004
 8.7192998e-004
 8.5003040e-004
 8.3126774e-004
 8.1736350e-004
 8.1004738e-004
 8.1104372e-004
 8.2207797e-004
 8.4379158e-004
 8.7321922e-004
 9.0663310e-004
 9.4031985e-004
 9.7055075e-004
 9.9361176e-004
 1.0057769e-003
 1.0033278e-003
 9.8424696e-004
 9.5212064e-004
 9.1170060e-004
 8.6772221e-004
 8.2493998e-004
 7.8808871e-004
 7.6192123e-004
 7.5117592e-004
 7.5882161e-004
 7.8203075e-004
 8.1680430e-004
 8.5912988e-004
 9.0501294e-004
 9.5043838e-004
 9.9141244e-004
 1.0239216e-003
 1.0451791e-003
 1.0562856e-003
 1.0591348e-003
 1.0553634e-003
 1.0474259e-003
 1.0374571e-003
 1.0269454e-003
 1.0169400e-003
 1.0080853e-003
 1.0007938e-003
 9.9537720e-004
 9.9209859e-004
 9.9110720e-004
 9.9227868e-004
 9.9511619e-004
 9.9886383e-004
 1.0026683e-003
 1.0056923e-003
 1.0072201e-003
 1.0067676e-003
 1.0041121e-003
 9.9922821e-004
 9.9218998e-004
 9.8311191e-004
 9.7213162e-004
 9.5941650e-004
 9.4516703e-004
 9.2961779e-004
 9.1304822e-004
 8.9586293e-004
 8.7874749e-004
 8.6283521e-004
 8.4976124e-004
 8.4152032e-004
 8.4015663e-004
 8.4725249e-004
 8.6323707e-004
 8.8675058e-004
 9.1446546e-004
 9.4151509e-004
 9.6241833e-004
 9.7229931e-004
 9.6824369e-004
 9.1321062e-004
 9.0755313e-004
 9.0137532e-004
 8.9605950e-004
 8.9284795e-004
 8.9260470e-004
 8.9565327e-004
 9.0173009e-004
 9.1001927e-004
 9.1932568e-004
 9.2833716e-004
 9.3593122e-004
 9.4143883e-004
 9.4477640e-004
 9.4638992e-004
 9.4706623e-004
 9.4769354e-004
 9.4904471e-004
 9.5162709e-004
 9.5562107e-004
 9.6090819e-004
 9.6714712e-004
 9.7387616e-004
 9.8059967e-004
 9.8685431e-004
 9.9224667e-004
 9.9647569e-004
 9.9934684e-004
 1.0007612e-003
 1.0007123e-003
 9.9927268e-004
 9.9658617e-004
 9.9286425e-004
 9.8837831e-004
 9.8343310e-004
 9.7832107e-004
 9.7327080e-004
 9.6838764e-004
 9.6362369e-004
 9.5877761e-004
 9.5353619e-004
 9.4755413e-004
 9.4054156e-004
 9.3233818e-004
 9.2296151e-004
 9.1259676e-004
 9.0156135e-004
 8.9023652e-004
 8.7900052e-004
 8.6820201e-004
 8.5815170e-004
 8.4916706e-004
 8.4161689e-004
 8.3595316e-004
 8.3270931e-004
 8.3243416e-004
 8.3558582e-004
 8.4239617e-004
 8.5275469e-004
 8.6613052e-004
 8.8158512e-004
 8.9784514e-004
 9.1345503e-004
 9.2696759e-004
 9.3711430e-004
 9.4296114e-004
 9.4400143e-004
 9.4018411e-004
 9.3189289e-004
 9.1988873e-004
 9.0522930e-004
 8.8917144e-004
 8.7308971e-004
 8.5836416e-004
 8.4629061e-004
 8.3796459e-004
 8.3417230e-004
 8.3530101e-004
 8.4126950e-004
 8.5150823e-004
 8.6499576e-004
 8.8036584e-004
 8.9605217e-004
 9.1049651e-004
 9.2234300e-004
 9.3063322e-004
 9.3494635e-004
 9.3545456e-004
 9.3289855e-004
 9.2846208e-004
 9.2357612e-004
 9.1967237e-004
 9.1794122e-004
 9.1912516e-004
 9.2339434e-004
 9.3031750e-004
 9.3893782e-004
 9.4791909e-004
 9.5574680e-004
 9.6093974e-004
 9.6223026e-004
 9.5871190e-004
 9.4992970e-004
 9.3592738e-004
 9.1724313e-004
 8.9489017e-004
 8.7027316e-004
 8.4510184e-004
 8.2123792e-004
 8.0050423e-004
 7.8449823e-004
 7.7437499e-004
 7.7070692e-004
 7.7340024e-004
 7.8173046e-004
 7.9447794e-004
 8.1014587e-004
 8.2722225e-004
 8.4439549e-004
 8.6072349e-004
 8.7566453e-004
 8.8902103e-004
 9.0080290e-004
 9.1104722e-004
 9.1968774e-004
 9.2647475e-004
 9.3099824e-004
 9.3278795e-004
 9.3145948e-004
 9.2686882e-004
 9.1922836e-004
 9.0915448e-004
 8.9762802e-004
 8.8589505e-004
 8.7529636e-004
 8.6709531e-004
 8.6229859e-004
 8.6151710e-004
 8.6488383e-004
 8.7202701e-004
 8.8211574e-004
 8.9395093e-004
 9.0611755e-004
 9.1714639e-004
 9.2569826e-004
 9.3073258e-004
 9.3163282e-004
 9.2829013e-004
 9.2111441e-004
 9.1098004e-004
 8.9909841e-004
 8.8685559e-004
 8.7560539e-004
 8.6648681e-004
 8.6025900e-004
 8.5719785e-004
 8.5707160e-004
 8.5918594e-004
 8.6250325e-004
 8.6581160e-004
 8.6792273e-004
 8.6786121e-004
 8.6502481e-004
 8.5928437e-004
 8.5101317e-004
 8.4103370e-004
 8.3050772e-004
 8.2077121e-004
 8.1314862e-004
 8.0878776e-004
 8.0851541e-004
 8.1275514e-004
 8.2149566e-004
 8.3432498e-004
 8.5049565e-004
 8.6904143e-004
 8.8888290e-004
 9.0894848e-004
 9.2828192e-004
 9.4609946e-004
 9.6184947e-004
 9.7520452e-004
 9.8604418e-004
 9.9440652e-004
 1.0004105e-003
 1.0041891e-003
 1.0058148e-003
 1.0052526e-003
 1.0023403e-003
 9.9680526e-004
 9.8832115e-004
 9.7659160e-004
 9.6146582e-004
 9.4303786e-004
 9.2174928e-004
 8.9843571e-004
 8.7430875e-004
 8.5089746e-004
 8.2987914e-004
 8.1289664e-004
 8.0131798e-004
 7.9601567e-004
 7.9720968e-004
 8.0439099e-004
 8.1636559e-004
 8.3141384e-004
 8.4755203e-004
 8.6281978e-004
 8.7558368e-004
 8.8474446e-004
 8.8985468e-004
 8.9110114e-004
 8.8916556e-004
 8.8501011e-004
 8.7962364e-004
 8.7379635e-004
 8.6795544e-004
 8.6211070e-004
 8.5590256e-004
 8.4874581e-004
 8.4004214e-004
 8.2939141e-004
 8.1677554e-004
 8.0264546e-004
 7.8788999e-004
 7.7370903e-004
 7.6137722e-004
 7.5200142e-004
 7.4629032e-004
 7.4441574e-004
 7.4599613e-004
 7.5019407e-004
 7.5590442e-004
 7.6198101e-004
 7.6744641e-004
 7.7162730e-004
 7.7420758e-004
 7.7518378e-004
 7.7476259e-004
 7.7323074e-004
 7.7084202e-004
 7.6775067e-004
 7.6400337e-004
 7.5959245e-004
 7.5453898e-004
 7.4899150e-004
 7.4329646e-004
 7.3801965e-004
 7.3391059e-004
 7.3179591e-004
 7.3243515e-004
 7.3635537e-004
 7.4371457e-004
 7.5421727e-004
 7.6712715e-004
 7.8135508e-004
 7.9563452e-004
 8.0873887e-004
 8.1967528e-004
 8.2784903e-004
 8.3312078e-004
 8.3578035e-004
 8.3642668e-004
 8.3578989e-004
 8.3454215e-004
 8.3313533e-004
 8.3170616e-004
 8.3006377e-004
 8.2776666e-004
 8.2426780e-004
 8.1909454e-004
 8.1202871e-004
 8.0323149e-004
 7.9329754e-004
 7.8320428e-004
 7.7416672e-004
 7.6743966e-004
 7.6408358e-004
 7.6477486e-004
 7.6967885e-004
 7.7842898e-004
 7.9019519e-004
 8.0383854e-004
 8.1808330e-004
 8.3169347e-004
 8.4361009e-004
 8.5301750e-004
 8.5938099e-004
 8.6243358e-004
 8.6216588e-004
 8.5881329e-004
 8.5284922e-004
 8.4497227e-004
 8.3605957e-004
 8.2708913e-004
 8.1900269e-004
 8.1255747e-004
 8.0817495e-004
 8.0584333e-004
 8.0511044e-004
 8.0517412e-004
 8.0506806e-004
 8.0390106e-004
 8.0109312e-004
 7.9655333e-004
 7.9074531e-004
 7.8463031e-004
 7.7948434e-004
 7.7663106e-004
 7.7715062e-004
 7.8161602e-004
 7.8991911e-004
 8.0122246e-004
 8.1406004e-004
 8.2655478e-004
 8.3674124e-004
 8.4292382e-004
 8.4399403e-004
 8.3966483e-004
 8.3055574e-004
 8.1811869e-004
 8.0440147e-004
 7.9171720e-004
 7.8224327e-004
 7.7766617e-004
 7.7889668e-004
 7.8593084e-004
 7.9786126e-004
 8.1304519e-004
 8.2937413e-004
 8.4462023e-004
 8.5679040e-004
 8.6440850e-004
 8.6671952e-004
 8.6374476e-004
 8.5621770e-004
 8.4539625e-004
 8.3281664e-004
 8.2002237e-004
 8.0832466e-004
 7.9865399e-004
 7.9148624e-004
 7.8688230e-004
 7.8458746e-004
 7.8417698e-004
 7.8520778e-004
 7.8734226e-004
 7.9042459e-004
 7.9450157e-004
 7.9979049e-004
 8.0659735e-004
 8.1521721e-004
 8.2581630e-004
 8.3833322e-004
 8.5241575e-004
 8.6738757e-004
 8.8229601e-004
 8.9599297e-004
 9.0728735e-004
 9.1512932e-004
 9.1879041e-004
 9.1803249e-004
 9.1320189e-004
 9.0523978e-004
 8.9557795e-004
 8.8594644e-004
 8.7810389e-004
 8.7354722e-004
 8.7326567e-004
 8.7757292e-004
 8.8606606e-004
 8.9771039e-004
 9.1104372e-004
 9.2443323e-004
 9.3637040e-004
 9.4570545e-004
 9.5181999e-004
 9.5469074e-004
 9.5484155e-004
 9.5321174e-004
 9.5095986e-004
 9.4924704e-004
 9.4903575e-004
 9.5094257e-004
 9.5516280e-004
 9.6147356e-004
 9.6930924e-004
 9.7788940e-004
 9.8635734e-004
 9.9391723e-004
 9.9993835e-004
 1.0040074e-003
 1.0059482e-003
 1.0057974e-003
 1.0037690e-003
 1.0002070e-003
 9.9554716e-004
 9.9027739e-004
 9.8491041e-004
 9.7994716e-004
 9.7583578e-004
 9.7292959e-004
 9.7143656e-004
 9.7138411e-004
 9.7259774e-004
 9.7471103e-004
 9.7720593e-004
 9.7948662e-004
 9.8097150e-004
 9.8119478e-004
 9.7989361e-004
 9.7706367e-004
 9.7296457e-004
 9.6807437e-004
 9.6298917e-004
 9.5828914e-004
 9.5440587e-004
 9.5151400e-004
 9.4948494e-004
 9.4792090e-004
 9.4625930e-004
 9.4392983e-004
 9.4051694e-004
 9.3588076e-004
 9.3020458e-004
 9.2394045e-004
 9.1768295e-004
 9.1199321e-004
 9.0723421e-004
 9.0347329e-004
 9.0047007e-004
 8.9776859e-004
 8.9485559e-004
 8.9134189e-004
 8.8711747e-004
 8.8242622e-004
 8.7785377e-004
 8.7422138e-004
 8.7242125e-004
 8.7323802e-004
 8.7719026e-004
 8.8443438e-004
 8.9473376e-004
 9.0750883e-004
 9.2192541e-004
 9.3702064e-004
 9.5183268e-004
 9.6548890e-004
 9.7728369e-004
 9.8669087e-004
 9.9336077e-004
 9.9709397e-004
 9.9780795e-004
 9.9552923e-004
 9.9040312e-004
 9.8272960e-004
 9.7299978e-004
 9.6193113e-004
 9.5044851e-004
 9.3963195e-004
 9.3059766e-004
 9.2434365e-004
 9.2159869e-004
 9.2269067e-004
 9.2748652e-004
 9.3541160e-004
 9.4555644e-004
 9.5683266e-004
 9.6815947e-004
 9.7863388e-004
 9.8763581e-004
 9.9488138e-004
 1.0003895e-003
 1.0044073e-003
 1.0073046e-003
 1.0094662e-003
 1.0112124e-003
 1.0127506e-003
 1.0141670e-003
 1.0154470e-003
 1.0165123e-003
 1.0172633e-003
 1.0176115e-003
 1.0174989e-003
 1.0168991e-003
 1.0158059e-003
 1.0142147e-003
 1.0121097e-003
 1.0094584e-003
 1.0062237e-003
 1.0023908e-003
 9.9800108e-004
 9.9318312e-004
 9.8817400e-004
 9.8330993e-004
 9.7899942e-004
 9.7566564e-004
 9.7367843e-004
 9.7329123e-004
 9.7459112e-004
 9.7747915e-004
 9.8168186e-004
 9.8679599e-004
 9.9234667e-004
 9.9786115e-004
 1.0029286e-003
 1.0072491e-003
 1.0106609e-003
 1.0131384e-003
 1.0147771e-003
 1.0157566e-003
 1.0163011e-003
 1.0166381e-003
 1.0169636e-003
 1.0174182e-003
 1.0180743e-003
 1.0189353e-003
 1.0199457e-003
 1.0210108e-003
 1.0220216e-003
 1.0228812e-003
 1.0235193e-003
 1.0238971e-003
 1.0240037e-003
 1.0238430e-003
 1.0234214e-003
 1.0227310e-003
 1.0217290e-003
 1.0203243e-003
 1.0183766e-003
 1.0157144e-003
 1.0121784e-003
 1.0076778e-003
 1.0022563e-003
 9.9613937e-004
 9.8972989e-004
 9.8355685e-004
 9.7818277e-004
 9.7411167e-004
 9.7169995e-004
 9.7110355e-004
 9.7225863e-004
 9.7487966e-004
 9.7850093e-004
 9.8254264e-004
 9.8639983e-004
 9.8952639e-004
 9.9151395e-004
 9.9214446e-004
 9.9141395e-004
 9.8952500e-004
 9.8685012e-004
 9.8386791e-004
 9.8107464e-004
 9.7889721e-004
 9.7761850e-004
 9.7732863e-004
 9.7790069e-004
 9.7899907e-004
 9.8009908e-004
 9.8053017e-004
 9.7955309e-004
 9.7646558e-004
 9.7071793e-004
 9.6202560e-004
 9.5044496e-004
 9.3637576e-004
 9.2051295e-004
 9.0371096e-004
 8.8683306e-004
 8.7057939e-004
 8.5535255e-004
 8.4123487e-004
 8.2803483e-004
 8.1542431e-004
 8.0308609e-004
 7.9085020e-004
 7.7880145e-004
 7.6730776e-004
 7.5701060e-004
 7.4873556e-004
 7.4335211e-004
 7.4160920e-004
 7.4396015e-004
 7.5042614e-004
 7.6051685e-004
 7.7324861e-004
 7.8723236e-004
 8.0083741e-004
 8.1239763e-004
 8.2040840e-004
 8.2371896e-004
 8.2165695e-004
 8.1410503e-004
 8.0150308e-004
 7.8480586e-004
 7.6537929e-004
 7.4489316e-004
 7.2518212e-004
 7.0809765e-004
 6.9538300e-004
 6.8851915e-004
 6.8860484e-004
 6.9623149e-004
 7.1140210e-004
 7.3347980e-004
 7.6121930e-004
 7.9283648e-004
 8.2616718e-004
 8.5888756e-004
 8.8872114e-004
 9.1369887e-004
 9.3232776e-004
 9.4373676e-004
 9.4773213e-004
 9.4476639e-004
 9.3585701e-004
 9.2244457e-004
 9.0624345e-004
 8.8907039e-004
 8.7270979e-004
 8.5878145e-004
 8.4863254e-004
 8.4326771e-004
 8.4328203e-004
 8.4883336e-004
 8.5963350e-004
 8.7498501e-004
 8.9383847e-004
 9.1491017e-004
 9.3679735e-004
 9.5812732e-004
 9.7770186e-004
 9.9459069e-004
 1.0082187e-003
 1.0183717e-003
 1.0251746e-003
 1.0290230e-003
 1.0304817e-003
 1.0301862e-003
 1.0287478e-003
 1.0266830e-003
 1.0243730e-003
 1.0220556e-003
 1.0198421e-003
 1.0177512e-003
 1.0157517e-003
 1.0138010e-003
 1.0118767e-003
 1.0099942e-003
 1.0082100e-003
 1.0066165e-003
 1.0053235e-003
 1.0044388e-003
 1.0040477e-003
 1.0041933e-003
 1.0048692e-003
 1.0060169e-003
 1.0075292e-003
 1.0092579e-003
 1.0110238e-003
 1.0126275e-003
 1.0138603e-003
 1.0145147e-003
 1.0144019e-003
 1.0133715e-003
 1.0113332e-003
 1.0082779e-003
 1.0042960e-003
 9.9959027e-004
 9.9446950e-004
 9.8933326e-004
 9.8463474e-004
 9.8082970e-004
 9.7832049e-004
 9.7739499e-004
 9.7817963e-004
 9.8061503e-004
 9.8447304e-004
 9.8939135e-004
 9.9492969e-004
 1.0006247e-003
 1.0060478e-003
 1.0108511e-003
 1.0147904e-003
 1.0177408e-003
 1.0196939e-003
 1.0207464e-003
 1.0210760e-003
 1.0209115e-003
 1.0205025e-003
 1.0200915e-003
 1.0198909e-003
 1.0200670e-003
 1.0207292e-003
 1.0219238e-003
 1.0236306e-003
 1.0257589e-003
 1.0281464e-003
 1.0305581e-003
 1.0326920e-003
 1.0341920e-003
 1.0346702e-003
 1.0337417e-003
 1.0310701e-003
 1.0264177e-003
 1.0196947e-003
 1.0110040e-003
 1.0006585e-003
 9.8918681e-004
 9.7729871e-004
 9.6582208e-004
 9.5562934e-004
 9.4753795e-004
 9.4221404e-004
 9.4009814e-004
 9.4134605e-004
 9.4581285e-004
 9.5306948e-004
 9.6246065e-004
 9.7317883e-004
 9.8436698e-004
 9.9520420e-004
 1.0049917e-003
 1.0132149e-003
 1.0195660e-003
 1.0239523e-003
 1.0264672e-003
 1.0273502e-003
 1.0269347e-003
 1.0255962e-003
 1.0237059e-003
 1.0215977e-003
 1.0195457e-003
 1.0177552e-003
 1.0163637e-003
 1.0154477e-003
 1.0150332e-003
 1.0151077e-003
 1.0156287e-003
 1.0165329e-003
 1.0177423e-003
 1.0191703e-003
 1.0207249e-003
 1.0223158e-003
 1.0238569e-003
 1.0252721e-003
 1.0264987e-003
 1.0274900e-003
 1.0282170e-003
 1.0286680e-003
 1.0288478e-003
 1.0287750e-003
 1.0284806e-003
 1.0280048e-003
 1.0273953e-003
 1.0267048e-003
 1.0259893e-003
 1.0253058e-003
 1.0247083e-003
 1.0242456e-003
 1.0239565e-003
 1.0238659e-003
 1.0239822e-003
 1.0242948e-003
 1.0247745e-003
 1.0253757e-003
 1.0260411e-003
 1.0267077e-003
 1.0273132e-003
 1.0278038e-003
 1.0281390e-003
 1.0282961e-003
 1.0282716e-003
 1.0280814e-003
 1.0277575e-003
 1.0273441e-003
 1.0268919e-003
 1.0264518e-003
 1.0260706e-003
 1.0257856e-003
 1.0256224e-003
 1.0255947e-003
 1.0257050e-003
 1.0259467e-003
 1.0263049e-003
 1.0267583e-003
 1.0272807e-003
 1.0278412e-003
 1.0284047e-003
 1.0289307e-003
 1.0293740e-003
 1.0296842e-003
 1.0298062e-003
 1.0296797e-003
 1.0292385e-003
 1.0284120e-003
 1.0271254e-003
 1.0252985e-003
 1.0228495e-003
 1.0206916e-003
 1.0168251e-003
 1.0120798e-003
 1.0064021e-003
 9.9979027e-004
 9.9231862e-004
 9.8415872e-004
 9.7556593e-004
 9.6685108e-004
 9.5835829e-004
 9.5043407e-004
 9.4341603e-004
 9.3760702e-004
 9.3324145e-004
 9.3045330e-004
 9.2924963e-004
 9.2950318e-004
 9.3096314e-004
 9.3328650e-004
 9.3607319e-004
 9.3889720e-004
 9.4133400e-004
 9.4298663e-004
 9.4352686e-004
 9.4274257e-004
 9.4058510e-004
 9.3718711e-004
 9.3284651e-004
 9.2797971e-004
 9.2307519e-004
 9.1865117e-004
 9.1522245e-004
 9.1327110e-004
 9.1320026e-004
 9.1528438e-004
 9.1962185e-004
 9.2611992e-004
 9.3450974e-004
 9.4439293e-004
 9.5529779e-004
 9.6671283e-004
 9.7812735e-004
 9.8904769e-004
 9.9903380e-004
 1.0077391e-003
 1.0149356e-003
 1.0205350e-003
 1.0245697e-003
 1.0271635e-003
 1.0284950e-003
 1.0287685e-003
 1.0281963e-003
 1.0269891e-003
 1.0253463e-003
 1.0234478e-003
 1.0214477e-003
 1.0194696e-003
 1.0176115e-003
 1.0159517e-003
 1.0145559e-003
 1.0134836e-003
 1.0127885e-003
 1.0125162e-003
 1.0126963e-003
 1.0133324e-003
 1.0143928e-003
 1.0158070e-003
 1.0174694e-003
 1.0192483e-003
 1.0209969e-003
 1.0225625e-003
 1.0237939e-003
 1.0245525e-003
 1.0247241e-003
 1.0242378e-003
 1.0230804e-003
 1.0213029e-003
 1.0190138e-003
 1.0163652e-003
 1.0135330e-003
 1.0107053e-003
 1.0080693e-003
 1.0058001e-003
 1.0040466e-003
 1.0029115e-003
 1.0024362e-003
 1.0025937e-003
 1.0032953e-003
 1.0044069e-003
 1.0057671e-003
 1.0072031e-003
 1.0085404e-003
 1.0096148e-003
 1.0102838e-003
 1.0104434e-003
 1.0100406e-003
 1.0090797e-003
 1.0076163e-003
 1.0057441e-003
 1.0035796e-003
 1.0012488e-003
 9.9888025e-004
 9.9659513e-004
 9.9450035e-004
 9.9267717e-004
 9.9117146e-004
 9.8999089e-004
 9.8910776e-004
 9.8846934e-004
 9.8800706e-004
 9.8764605e-004
 9.8731136e-004
 9.8693429e-004
 9.8646164e-004
 9.8586536e-004
 9.8515162e-004
 9.8436500e-004
 9.8358467e-004
 9.8291482e-004
 9.8247477e-004
 9.8238932e-004
 9.8278152e-004
 9.8376267e-004
 9.8541856e-004
 9.8779146e-004
 9.9086645e-004
 9.9456334e-004
 9.9874346e-004
 1.0032265e-003
 1.0078051e-003
 1.0122632e-003
 1.0163836e-003
 1.0199621e-003
 1.0228248e-003
 1.0248448e-003
 1.0259625e-003
 1.0261911e-003
 1.0256099e-003
 1.0243470e-003
 1.0225597e-003
 1.0204187e-003
 1.0180967e-003
 1.0157609e-003
 1.0135612e-003
 1.0116203e-003
 1.0100232e-003
 1.0088123e-003
 1.0079931e-003
 1.0075424e-003
 1.0074208e-003
 1.0075805e-003
 1.0079717e-003
 1.0085446e-003
 1.0092533e-003
 1.0100583e-003
 1.0109282e-003
 1.0118409e-003
 1.0127830e-003
 1.0137475e-003
 1.0147308e-003
 1.0157309e-003
 1.0167467e-003
 1.0177762e-003
 1.0188156e-003
 1.0198586e-003
 1.0208947e-003
 1.0219095e-003
 1.0228844e-003
 1.0237977e-003
 1.0246268e-003
 1.0253477e-003
 1.0259376e-003
 1.0263752e-003
 1.0266434e-003
 1.0267321e-003
 1.0266408e-003
 1.0263788e-003
 1.0259656e-003
 1.0254270e-003
 1.0247934e-003
 1.0240966e-003
 1.0233691e-003
 1.0226425e-003
 1.0219454e-003
 1.0213025e-003
 1.0207328e-003
 1.0202486e-003
 1.0198569e-003
 1.0195599e-003
 1.0193576e-003
 1.0192487e-003
 1.0192315e-003
 1.0193044e-003
 1.0194666e-003
 1.0197180e-003
 1.0200606e-003
 1.0204976e-003
 1.0210337e-003
 1.0216748e-003
 1.0224272e-003
 1.0232966e-003
 1.0242873e-003
 1.0253970e-003
 1.0266125e-003
 1.0279021e-003
 1.0292074e-003
 1.0304421e-003
 1.0314941e-003
 1.0322328e-003
 1.0325159e-003
 1.0321987e-003
 1.0311402e-003
 1.0292172e-003
 1.0263403e-003
 1.0224780e-003
 1.0176806e-003
 1.0120835e-003
 1.0059020e-003
 9.9940796e-004
 9.9291233e-004
 9.8673603e-004
 9.8119816e-004
 9.7660243e-004
 9.7320462e-004
 9.7118813e-004
 9.7063772e-004
 9.7152608e-004
 9.7372720e-004
 9.7703980e-004
 9.8122016e-004
 9.8600378e-004
 9.9112350e-004
 9.9631690e-004
 1.0013480e-003
 1.0060198e-003
 1.0101844e-003
 1.0137560e-003
 1.0167015e-003
 1.0190242e-003
 1.0207533e-003
 1.0219290e-003
 1.0225960e-003
 1.0228010e-003
 1.0225921e-003
 1.0220181e-003
 1.0211309e-003
 1.0199833e-003
 1.0186302e-003
 1.0171284e-003
 1.0155345e-003
 1.0139055e-003
 1.0122984e-003
 1.0107667e-003
 1.0093591e-003
 1.0081164e-003
 1.0070682e-003
 1.0062315e-003
 1.0056118e-003
 1.0052071e-003
 1.0050095e-003
 1.0050092e-003
 1.0051950e-003
 1.0055547e-003
 1.0060753e-003
 1.0067420e-003
 1.0075374e-003
 1.0084418e-003
 1.0094332e-003
 1.0104874e-003
 1.0115798e-003
 1.0126851e-003
 1.0137775e-003
 1.0148319e-003
 1.0158238e-003
 1.0167296e-003
 1.0175265e-003
 1.0181939e-003
 1.0187122e-003
 1.0190626e-003
 1.0192273e-003
 1.0191891e-003
 1.0189323e-003
 1.0184445e-003
 1.0177199e-003
 1.0167643e-003
 1.0155984e-003
 1.0142599e-003
 1.0128010e-003
 1.0112864e-003
 1.0097864e-003
 1.0083737e-003
 1.0071212e-003
 1.0060956e-003
 1.0053531e-003
 1.0049315e-003
 1.0048433e-003
 1.0050728e-003
 1.0055802e-003
 1.0063058e-003
 1.0071800e-003
 1.0081280e-003
 1.0090745e-003
 1.0099484e-003
 1.0106884e-003
 1.0112482e-003
 1.0116042e-003
 1.0117565e-003
 1.0117268e-003
 1.0115529e-003
 1.0112822e-003
 1.0109661e-003
 1.0106571e-003
 1.0104042e-003
 1.0102497e-003
 1.0102247e-003
 1.0103439e-003
 1.0106047e-003
 1.0109884e-003
 1.0114650e-003
 1.0119975e-003
 1.0125455e-003
 1.0130688e-003
 1.0135294e-003
 1.0138955e-003
 1.0141450e-003
 1.0142697e-003
 1.0142763e-003
 1.0141853e-003
 1.0140269e-003
 1.0138374e-003
 1.0136554e-003
 1.0135188e-003
 1.0134612e-003
 1.0135067e-003
 1.0136634e-003
 1.0139180e-003
 1.0142333e-003
 1.0145504e-003
 1.0147947e-003
 1.0148822e-003
 1.0147255e-003
 1.0142395e-003
 1.0133475e-003
 1.0119925e-003
 1.0101509e-003
 1.0078422e-003
 1.0051351e-003
 1.0021440e-003
 9.9901389e-004
 9.9590921e-004
 9.9300453e-004
 9.9047087e-004
 9.8846864e-004
 9.8713452e-004
 9.8656164e-004
 9.8678679e-004
 9.8778354e-004
 9.8946819e-004
 9.9171500e-004
 9.9437416e-004
 9.9728268e-004
 1.0002777e-003
 1.0032043e-003
 1.0059230e-003
 1.0083270e-003
 1.0103502e-003
 1.0119725e-003
 1.0132142e-003
 1.0141269e-003
 1.0147806e-003
 1.0152528e-003
 1.0156234e-003
 1.0159693e-003
 1.0163574e-003
 1.0168402e-003
 1.0174488e-003
 1.0181911e-003
 1.0190543e-003
 1.0200101e-003
 1.0210214e-003
 1.0220458e-003
 1.0230412e-003
 1.0239668e-003
 1.0247862e-003
 1.0254713e-003
 1.0260050e-003
 1.0263820e-003
 1.0266079e-003
 1.0266968e-003
 1.0266668e-003
 1.0265390e-003
 1.0263351e-003
 1.0260764e-003
 1.0257837e-003
 1.0254764e-003
 1.0251715e-003
 1.0248842e-003
 1.0246272e-003
 1.0244123e-003
 1.0242499e-003
 1.0241502e-003
 1.0241222e-003
 1.0241745e-003
 1.0243130e-003
 1.0245407e-003
 1.0248552e-003
 1.0252490e-003
 1.0257100e-003
 1.0262226e-003
 1.0267685e-003
 1.0273291e-003
 1.0278854e-003
 1.0284188e-003
 1.0289112e-003
 1.0293470e-003
 1.0297123e-003
 1.0299957e-003
 1.0301885e-003
 1.0302836e-003
 1.0302748e-003
 1.0301569e-003
 1.0299259e-003
 1.0295809e-003
 1.0291268e-003
 1.0285778e-003
 1.0279610e-003
 1.0273184e-003
 1.0267042e-003
 1.0261823e-003
 1.0258227e-003
 1.0256962e-003
 1.0258724e-003
 1.0264132e-003
 1.0273647e-003
 1.0287474e-003
 1.0305461e-003
 1.0327058e-003
 1.0351365e-003
 1.0377228e-003
 1.0403321e-003
 1.0428274e-003
 1.0450730e-003
 1.0469431e-003
 1.0483366e-003
 1.0491926e-003
 1.0495043e-003
 1.0493249e-003
 1.0487624e-003
 1.0479644e-003
 1.0471034e-003
 1.0463628e-003
 1.0459294e-003
 1.0459892e-003
 1.0467223e-003
 1.0482995e-003
 1.0508775e-003
 1.0545987e-003
 1.0595925e-003
 1.0659795e-003
 1.0738696e-003
 1.0833726e-003
 1.0945936e-003
 1.1076166e-003
 1.1225087e-003
 1.1392967e-003
 1.1579390e-003
 1.1783427e-003
 1.2003554e-003
 1.2237888e-003
 1.2484139e-003
 1.2740113e-003
 1.3003745e-003
 1.3273171e-003
 1.3547549e-003
 1.3827429e-003
 1.4115042e-003
 1.4414906e-003
 1.4733435e-003
 1.5078187e-003
 1.5457749e-003
 1.5880896e-003
 1.6356243e-003
 1.6890998e-003
 1.7490447e-003
 1.8156176e-003
 1.8884176e-003
 1.9665256e-003
 2.0485157e-003
 2.1325273e-003
 2.2165347e-003
 2.2983949e-003
 2.3759753e-003
 2.4471690e-003
 2.5101162e-003
 2.5632703e-003
 2.6054855e-003
 2.6361386e-003
 2.6550326e-003
 2.6622820e-003
 2.6582100e-003
 2.6432290e-003
 2.6178111e-003
 2.5824588e-003
 2.5377346e-003
 2.4842792e-003
 2.4228950e-003
 2.3544836e-003
 2.2800621e-003
 2.2007925e-003
 2.1178380e-003
 2.0323806e-003
 1.9456624e-003
 1.8588383e-003
 1.7730234e-003
 1.6892112e-003
 1.6083169e-003
 1.5310425e-003
 1.4579562e-003
 1.3895757e-003
 1.3263030e-003
 1.2685090e-003
 1.2165761e-003
 1.1707976e-003
 1.1313916e-003
 1.0984226e-003
 1.0717789e-003
 1.0511052e-003
 1.0358528e-003
 1.0253370e-003
 1.0187741e-003
 1.0153454e-003
 1.0142314e-003
 1.0146393e-003
 1.0158494e-003
 1.0172616e-003
 1.0184412e-003
 1.0191347e-003
 1.0192528e-003
 1.0188274e-003
 1.0179620e-003
 1.0167947e-003
 1.0154753e-003
 1.0141489e-003
 1.0129455e-003
 1.0119684e-003
 1.0112824e-003
 1.0109118e-003
 1.0108431e-003
 1.0110349e-003
 1.0114287e-003
 1.0119583e-003
 1.0125551e-003
 1.0131529e-003
 1.0136926e-003
 1.0141267e-003
 1.0144251e-003
 1.0145755e-003
 1.0145827e-003
 1.0144626e-003
 1.0142381e-003
 1.0139347e-003
 1.0135793e-003
 1.0131970e-003
 1.0128114e-003
 1.0124424e-003
 1.0121051e-003
 1.0118095e-003
 1.0115609e-003
 1.0113608e-003
 1.0112078e-003
 1.0111000e-003
 1.0110344e-003
 1.0110082e-003
 1.0110184e-003
 1.0110619e-003
 1.0111325e-003
 1.0112065e-003
 1.0113071e-003
 1.0113937e-003
 1.0114505e-003
 1.0114609e-003
 1.0114090e-003
 1.0112782e-003
 1.0110525e-003
 1.0107154e-003
 1.0102509e-003
 1.0096456e-003
 1.0089169e-003
 1.0080978e-003
 1.0072216e-003
 1.0063217e-003
 1.0054318e-003
 1.0045851e-003
 1.0038149e-003
 1.0031547e-003
 1.0026380e-003
 1.0022982e-003
 1.0021685e-003
 1.0022826e-003
 1.0026738e-003
 1.0033683e-003
 1.0043281e-003
 1.0054810e-003
 1.0067542e-003
 1.0080744e-003
 1.0093690e-003
 1.0105650e-003
 1.0115901e-003
 1.0123708e-003
 1.0128344e-003
 1.0129082e-003
 1.0125194e-003
 1.0115950e-003
 1.0100623e-003
 1.0078484e-003
 1.0048808e-003
 1.0010850e-003
 9.9639059e-004
 9.9073595e-004
 9.8416826e-004
 9.7679032e-004
 9.6871040e-004
 9.6003129e-004
 9.5085817e-004
 9.4129314e-004
 9.3144563e-004
 9.2141819e-004
 9.1131561e-004
 9.0124266e-004
 8.9130155e-004
 8.8160200e-004
 8.7224634e-004
 8.6333917e-004
 8.5498363e-004
 8.4728817e-004
 8.4035564e-004
 8.3429081e-004
 8.2919735e-004
 8.2518230e-004
 8.2234934e-004
 8.2079007e-004
 8.2048582e-004
 8.2136114e-004
 8.2333985e-004
 8.2634616e-004
 8.3030411e-004
 8.3513884e-004
 8.4077241e-004
 8.4712979e-004
 8.5413503e-004
 8.6171413e-004
 8.6978759e-004
 8.7828102e-004
 8.8711875e-004
 8.9622691e-004
 9.0552529e-004
 9.1494014e-004
 9.2439546e-004
 9.3381532e-004
 9.4312598e-004
 9.5224718e-004
 9.6110516e-004
 9.6962397e-004
 9.7772968e-004
 9.8534243e-004
 9.9238812e-004
 9.9879864e-004
 1.0045689e-003
 1.0097206e-003
 1.0142804e-003
 1.0182724e-003
 1.0217217e-003
 1.0246537e-003
 1.0270915e-003
 1.0290609e-003
 1.0305862e-003
 1.0316928e-003
 1.0324047e-003
 1.0327470e-003
 1.0327443e-003
 1.0324212e-003
 1.0318029e-003
 1.0309139e-003
 1.0297789e-003
 1.0284223e-003
 1.0268694e-003
 1.0251448e-003
 1.0232731e-003
 1.0212791e-003
 1.0191873e-003
 1.0170229e-003
 1.0148103e-003
 1.0125745e-003
 1.0103395e-003
 1.0081311e-003
 1.0059737e-003
 1.0038896e-003
 1.0018850e-003
 9.9995977e-004
 9.9811202e-004
